606 0 
607 0 
1780 0 
1801 0 
2381 0 
2406 0 
2537 0 
2538 0 
2541 0 
2553 0 
2564 0 
2591 0 
2604 0 
2645 0 
2697 0 
2899 0 
2918 0 
3246 0 
4111 0 
4238 0 
4515 0 
4620 0 
4733 0 
4746 0 
4964 0 
4988 0 
6854 0 
5363 0 
5364 0 
5782 0 
5783 0 
5785 0 
6200 0 
6219 0 
6245 0 
6354 0 
6360 0 
6434 0 
6767 0 
6768 0 
6829 0 
6830 0 
6868 0 
6869 0 
7132 0 
7133 0 
7210 0 
7219 0 
7407 0 
7420 0 
7621 0 
7622 0 
7683 0 
7693 0 
7735 0 
7929 0 
7984 0 
8021 0 
8035 0 
8054 0 
8070 0 
8071 0 
8237 0 
8384 0 
8748 0 
9178 0 
9179 0 
4546 0 
2552 0 
5002 0 
5081 0 
6042 0 
6622 0 
2211 0 
2529 0 
2603 0 
2631 0 
2632 0 
4681 0 
4796 0 
5003 0 
5609 0 
5784 0 
7211 0 
7220 0 
7607 0 
7922 0 
8385 0 
8747 0 
2542 0 
2898 0 
4306 0 
5203 0 
6043 0 
6359 0 
7408 0 
2210 0 
2382 0 
4516 0 
4599 0 
4745 0 
5674 0 
6199 0 
6225 0 
6903 0 
7295 0 
7478 0 
7479 0 
7694 0 
7740 0 
7923 0 
8745 0 
2151 0 
2565 0 
2696 0 
3247 0 
4307 0 
4619 0 
4795 0 
5080 0 
5610 0 
6220 0 
6246 0 
7296 0 
7372 0 
7608 0 
7739 0 
8036 0 
8746 0 
8751 0 
1779 0 
2530 0 
2917 0 
4680 0 
4732 0 
4913 0 
4965 0 
4987 0 
5100 0 
6621 0 
7217 0 
7928 0 
8022 0 
8053 0 
8709 0 
8710 0 
8752 0 
1671 0 
2059 0 
2858 0 
4873 0 
6390 0 
6478 0 
7734 0 
7934 0 
7972 0 
7974 0 
7985 0 
8154 0 
2646 0 
4600 0 
5204 0 
6355 0 
6902 0 
7695 0 
8236 0 
2150 0 
5673 0 
5106 0 
6226 0 
7371 0 
7435 0 
2592 0 
7684 0 
4239 0 
1820 0 
4547 0 
4912 0 
7419 0 
2407 0 
4112 0 
7216 0 
7436 0 
7692 0 
4872 0 
6657 0 
8155 0 
7933 0 
2337 0 
6391 0 
6798 0 
8246 0 
7630 0 
7686 0 
7935 0 
5105 0 
6433 0 
7772 0 
9243 0 
8153 0 
6479 0 
6659 0 
7773 0 
6906 0 
6800 0 
4791 0 
1670 0 
6501 0 
2857 0 
6799 0 
6389 0 
7631 0 
2673 0 
7644 0 
6502 0 
2375 0 
7643 0 
4789 0 
6874 0 
8091 0 
9246 0 
6477 0 
2060 0 
7522 0 
6658 0 
4790 0 
4871 0 
7973 0 
7629 0 
251 0 
7339 0 
4788 0 
1748 0 
6873 0 
9245 0 
7340 0 
9244 0 
8028 0 
250 0 
730 0 
5172 0 
8094 0 
1094 0 
1749 0 
5173 0 
7698 0 
5171 0 
4736 0 
4735 0 
4734 0 
6188 0 
7940 0 
4737 0 
2049 0 
5833 0 
7947 0 
7917 0 
7946 0 
5742 0 
7207 0 
8081 0 
4302 0 
4301 0 
4718 0 
8716 0 
7945 0 
6168 0 
8088 0 
7942 0 
8033 0 
7941 0 
4303 0 
4274 0 
8034 0 
7699 0 
8086 0 
4300 0 
7617 0 
7269 0 
6857 0 
6858 0 
6900 0 
6856 0 
254 0 
4921 0 
2368 0 
2691 0 
5779 0 
6754 0 
4658 0 
9010 0 
5148 0 
8116 0 
8115 0 
8283 0 
8117 0 
8282 0 
8281 0 
4278 0 
4469 0 
4415 0 
2760 0 
8275 0 
4414 0 
2759 0 
7283 0 
7284 0 
4271 0 
4270 0 
4269 0 
4272 0 
6862 0 
6861 0 
6189 0 
8102 0 
8103 0 
5741 0 
838 0 
8439 0 
6596 0 
7556 0 
7501 0 
6674 0 
7024 0 
8159 0 
6706 0 
6673 0 
2048 0 
7626 0 
7484 0 
4719 0 
7616 0 
6695 0 
5954 0 
482 0 
6421 0 
6540 0 
7180 0 
7712 0 
2430 0 
6821 0 
7750 0 
8466 0 
6504 0 
5053 0 
5832 0 
5054 0 
8478 0 
7206 0 
6437 0 
6922 0 
8075 0 
8076 0 
8073 0 
8074 0 
9077 0 
4426 0 
8242 0 
4980 0 
4981 0 
7551 0 
2260 0 
7969 0 
6313 0 
7203 0 
6210 0 
7499 0 
2728 0 
6256 0 
7849 0 
6166 0 
6283 0 
6282 0 
5802 0 
5056 0 
4936 0 
6855 0 
6648 0 
6263 0 
7611 0 
6185 0 
7002 0 
7268 0 
6186 0 
7144 0 
6512 0 
8308 0 
6511 0 
8578 0 
6387 0 
4954 0 
7015 0 
6378 0 
7224 0 
4717 0 
7136 0 
5386 0 
5382 0 
495 0 
7493 0 
8429 0 
8288 0 
8290 0 
8289 0 
255 0 
7257 0 
7258 0 
4249 0 
4246 0 
4247 0 
4248 0 
7681 0 
4800 0 
7570 0 
7347 0 
6790 0 
7821 0 
7672 0 
7673 0 
8299 0 
7675 0 
8199 0 
6563 0 
674 0 
4984 0 
1149 0 
4985 0 
7330 0 
2584 0 
4659 0 
7353 0 
1098 0 
1949 0 
5099 0 
8833 0 
7104 0 
7103 0 
5276 0 
5350 0 
5349 0 
8350 0 
8343 0 
8195 0 
8194 0 
6694 0 
3373 0 
3383 0 
8363 0 
5679 0 
2367 0 
4813 0 
5778 0 
3379 0 
8700 0 
8206 0 
3617 0 
4106 0 
3652 0 
8476 0 
8364 0 
4540 0 
2490 0 
9168 0 
4232 0 
7039 0 
6139 0 
8974 0 
9081 0 
9212 0 
6015 0 
7392 0 
8217 0 
7036 0 
6833 0 
6319 0 
2421 0 
1705 0 
1621 0 
1847 0 
7387 0 
7388 0 
6374 0 
565 0 
7386 0 
4879 0 
4943 0 
4945 0 
8487 0 
4946 0 
4947 0 
7282 0 
8280 0 
4413 0 
4279 0 
4417 0 
4468 0 
5147 0 
4124 0 
6650 0 
7070 0 
6786 0 
4759 0 
8129 0 
8114 0 
6265 0 
2895 0 
6336 0 
6335 0 
1045 0 
3476 0 
5469 0 
6341 0 
642 0 
7427 0 
8723 0 
7426 0 
2736 0 
3342 0 
6562 0 
8559 0 
1180 0 
2689 0 
6908 0 
36 0 
7601 0 
1181 0 
1088 0 
5859 0 
1138 0 
2799 0 
3534 0 
5849 0 
2800 0 
5652 0 
3263 0 
8755 0 
1585 0 
3612 0 
5084 0 
8754 0 
2543 0 
1107 0 
4694 0 
2142 0 
7375 0 
9441 0 
4695 0 
6853 0 
7690 0 
6882 0 
4277 0 
3281 0 
4275 0 
4273 0 
5047 0 
3505 0 
3538 0 
5429 0 
6925 0 
3334 0 
4465 0 
5496 0 
1537 0 
2348 0 
4304 0 
5486 0 
4932 0 
6496 0 
2291 0 
2573 0 
6593 0 
6594 0 
837 0 
2711 0 
4664 0 
6261 0 
6595 0 
7615 0 
8285 0 
7896 0 
2155 0 
5142 0 
7416 0 
8101 0 
5366 0 
6036 0 
2718 0 
6917 0 
6584 0 
8744 0 
6860 0 
4868 0 
2249 0 
9271 0 
7855 0 
6696 0 
1795 0 
7975 0 
524 0 
6451 0 
7018 0 
4251 0 
8346 0 
7815 0 
5571 0 
5964 0 
5817 0 
5601 0 
7235 0 
8438 0 
5562 0 
8820 0 
7576 0 
3745 0 
6912 0 
8383 0 
7503 0 
483 0 
7682 0 
7328 0 
6620 0 
8038 0 
6619 0 
7327 0 
6132 0 
6130 0 
7899 0 
2556 0 
4125 0 
7636 0 
7635 0 
7463 0 
5685 0 
7179 0 
1202 0 
4200 0 
7828 0 
6680 0 
5256 0 
7511 0 
7254 0 
7618 0 
6707 0 
8258 0 
4709 0 
6777 0 
6420 0 
8032 0 
6990 0 
8318 0 
6541 0 
7863 0 
8265 0 
4669 0 
5560 0 
4670 0 
5561 0 
5393 0 
7521 0 
8502 0 
7625 0 
7782 0 
6997 0 
7852 0 
6816 0 
1424 0 
1423 0 
1418 0 
1422 0 
7851 0 
6171 0 
8362 0 
6470 0 
5715 0 
7598 0 
6471 0 
6472 0 
7445 0 
7702 0 
1410 0 
7701 0 
7939 0 
1409 0 
6889 0 
7913 0 
6888 0 
6890 0 
7023 0 
2507 0 
9522 0 
6672 0 
1545 0 
7067 0 
6865 0 
8133 0 
7069 0 
2385 0 
7566 0 
7944 0 
4776 0 
4778 0 
6875 0 
4780 0 
4777 0 
4490 0 
4779 0 
7952 0 
7515 0 
7666 0 
7356 0 
7792 0 
6713 0 
6665 0 
1421 0 
7575 0 
5207 0 
6558 0 
5206 0 
7237 0 
3229 0 
7005 0 
4454 0 
6542 0 
8314 0 
6572 0 
6655 0 
6229 0 
5491 0 
5490 0 
8474 0 
8453 0 
7561 0 
6733 0 
9167 0 
7937 0 
8509 0 
7236 0 
2702 0 
6436 0 
7938 0 
7895 0 
1927 0 
513 0 
7336 0 
2720 0 
2517 0 
5101 0 
8037 0 
7464 0 
7726 0 
3151 0 
8177 0 
4575 0 
8193 0 
1787 0 
8061 0 
3333 0 
7640 0 
4079 0 
9020 0 
2994 0 
406 0 
7801 0 
3170 0 
9070 0 
8927 0 
8170 0 
3155 0 
8169 0 
3110 0 
6241 0 
6916 0 
8358 0 
6974 0 
2730 0 
7678 0 
6310 0 
1040 0 
7134 0 
7559 0 
7560 0 
7921 0 
8371 0 
7558 0 
8370 0 
4556 0 
7320 0 
8496 0 
1141 0 
2179 0 
1196 0 
3081 0 
6327 0 
8479 0 
6255 0 
6802 0 
9076 0 
4858 0 
6147 0 
8616 0 
8531 0 
3442 0 
6240 0 
7612 0 
4457 0 
6686 0 
4810 0 
8455 0 
8837 0 
8911 0 
8369 0 
8031 0 
7500 0 
8428 0 
8982 0 
7406 0 
5660 0 
8465 0 
9061 0 
8107 0 
3477 0 
7786 0 
4419 0 
3236 0 
2315 0 
3094 0 
4128 0 
6505 0 
8421 0 
4948 0 
4477 0 
6586 0 
4949 0 
8136 0 
2975 0 
8072 0 
7475 0 
2814 0 
1826 0 
7476 0 
8080 0 
6167 0 
7760 0 
5678 0 
2636 0 
3653 0 
7674 0 
7261 0 
5088 0 
8612 0 
1682 0 
8614 0 
4398 0 
7486 0 
2092 0 
6234 0 
8713 0 
6281 0 
394 0 
7866 0 
6532 0 
4502 0 
7498 0 
8214 0 
4937 0 
3411 0 
8013 0 
4424 0 
6531 0 
4615 0 
6530 0 
2153 0 
1834 0 
6699 0 
5567 0 
6268 0 
8634 0 
2617 0 
6004 0 
6700 0 
6801 0 
8244 0 
4261 0 
4510 0 
7578 0 
4449 0 
8315 0 
6264 0 
5942 0 
7355 0 
5744 0 
5801 0 
4653 0 
8342 0 
275 0 
5717 0 
6205 0 
5588 0 
7599 0 
7670 0 
7669 0 
7668 0 
2113 0 
7848 0 
4116 0 
7001 0 
1085 0 
9175 0 
2870 0 
5257 0 
8025 0 
6087 0 
8024 0 
4915 0 
1788 0 
7145 0 
6247 0 
8200 0 
8328 0 
8313 0 
2804 0 
4955 0 
5044 0 
4430 0 
8722 0 
7590 0 
3303 0 
2132 0 
6965 0 
8367 0 
8676 0 
6931 0 
7378 0 
7034 0 
2862 0 
3153 0 
2863 0 
8157 0 
2806 0 
2555 0 
3673 0 
8040 0 
6429 0 
1799 0 
8043 0 
7014 0 
8493 0 
6377 0 
8494 0 
8492 0 
3588 0 
3041 0 
6569 0 
1464 0 
6448 0 
4514 0 
6759 0 
6962 0 
7620 0 
154 0 
947 0 
6482 0 
6024 0 
4409 0 
3117 0 
6815 0 
404 0 
8696 0 
6543 0 
7755 0 
6741 0 
5378 0 
3484 0 
6388 0 
2285 0 
7494 0 
7178 0 
2311 0 
148 0 
7135 0 
6474 0 
7604 0 
3695 0 
7126 0 
6468 0 
6467 0 
503 0 
2231 0 
6146 0 
608 0 
7829 0 
8897 0 
8247 0 
8924 0 
7788 0 
2149 0 
1168 0 
2515 0 
2698 0 
5192 0 
4803 0 
7753 0 
7959 0 
7310 0 
2075 0 
5127 0 
8059 0 
7880 0 
1017 0 
8050 0 
6535 0 
7301 0 
8058 0 
5931 0 
9203 0 
8355 0 
6716 0 
7966 0 
6668 0 
4473 0 
494 0 
2424 0 
8725 0 
7872 0 
400 0 
5818 0 
1089 0 
7350 0 
5164 0 
8197 0 
5161 0 
4878 0 
2302 0 
7256 0 
1910 0 
7306 0 
4865 0 
2399 0 
8121 0 
6565 0 
5780 0 
2660 0 
3204 0 
5165 0 
7799 0 
6677 0 
7262 0 
6266 0 
2296 0 
7831 0 
8163 0 
4801 0 
7830 0 
9044 0 
9024 0 
9054 0 
1431 0 
2574 0 
4828 0 
7368 0 
4628 0 
1350 0 
27 0 
1354 0 
8394 0 
4799 0 
4630 0 
7304 0 
4832 0 
8165 0 
1509 0 
1353 0 
4829 0 
8162 0 
4835 0 
4830 0 
1352 0 
4629 0 
8164 0 
4833 0 
4831 0 
6182 0 
4986 0 
1190 0 
1977 0 
8126 0 
6237 0 
4212 0 
6126 0 
7775 0 
8575 0 
6242 0 
7717 0 
2343 0 
8401 0 
7244 0 
8576 0 
8400 0 
3592 0 
8393 0 
6561 0 
6642 0 
5759 0 
7757 0 
6181 0 
6114 0 
528 0 
6951 0 
3132 0 
8239 0 
6772 0 
7581 0 
5094 0 
3147 0 
4885 0 
5385 0 
5384 0 
4592 0 
1775 0 
7555 0 
4591 0 
4593 0 
5381 0 
515 0 
5379 0 
1591 0 
3040 0 
5387 0 
5383 0 
5388 0 
4348 0 
3651 0 
5389 0 
7417 0 
5380 0 
7680 0 
6915 0 
2821 0 
7971 0 
8175 0 
6207 0 
6508 0 
5163 0 
8540 0 
8360 0 
8296 0 
8688 0 
7892 0 
5209 0 
7199 0 
5987 0 
6646 0 
2871 0 
5811 0 
5877 0 
4241 0 
2456 0 
3506 0 
3328 0 
8227 0 
6712 0 
2019 0 
2074 0 
3276 0 
7557 0 
4332 0 
6788 0 
2795 0 
6791 0 
5310 0 
5648 0 
5650 0 
5649 0 
5309 0 
7679 0 
5556 0 
6101 0 
5471 0 
2880 0 
1863 0 
8209 0 
6464 0 
4460 0 
15 0 
2649 0 
4837 0 
2878 0 
2396 0 
8012 0 
3293 0 
8697 0 
6849 0 
6850 0 
3479 0 
7902 0 
6231 0 
5119 0 
8055 0 
4874 0 
5448 0 
4961 0 
6639 0 
8110 0 
8867 0 
5247 0 
7957 0 
7948 0 
7877 0 
5640 0 
8223 0 
1044 0 
7671 0 
1785 0 
3822 0 
6410 0 
3332 0 
5709 0 
8128 0 
7046 0 
7425 0 
7878 0 
4263 0 
793 0 
1148 0 
6347 0 
7756 0 
5706 0 
5710 0 
7715 0 
5711 0 
6026 0 
9029 0 
9027 0 
2338 0 
3569 0 
9019 0 
7348 0 
2476 0 
5708 0 
2640 0 
1932 0 
5712 0 
4982 0 
2641 0 
8703 0 
2354 0 
2622 0 
2417 0 
8702 0 
7811 0 
7812 0 
5808 0 
8701 0 
8204 0 
7231 0 
7813 0 
4660 0 
7976 0 
5258 0 
7547 0 
1674 0 
675 0 
5927 0 
5433 0 
3338 0 
6081 0 
7173 0 
7389 0 
8510 0 
5944 0 
6796 0 
8966 0 
4231 0 
2762 0 
8868 0 
8173 0 
8913 0 
4285 0 
2433 0 
8990 0 
5956 0 
3317 0 
8623 0 
5957 0 
6934 0 
5960 0 
8979 0 
2131 0 
6933 0 
714 0 
8972 0 
5958 0 
5959 0 
8771 0 
6520 0 
9035 0 
8123 0 
8388 0 
8066 0 
7352 0 
7889 0 
6519 0 
7840 0 
7362 0 
8526 0 
8783 0 
8222 0 
7279 0 
6297 0 
8386 0 
7080 0 
6380 0 
8454 0 
7965 0 
8387 0 
8276 0 
9213 0 
7280 0 
8681 0 
8682 0 
2721 0 
8235 0 
5468 0 
7345 0 
8233 0 
4931 0 
6643 0 
4667 0 
1950 0 
1099 0 
4281 0 
6432 0 
3520 0 
3572 0 
8988 0 
7814 0 
374 0 
3696 0 
3313 0 
6014 0 
3438 0 
4531 0 
7700 0 
3161 0 
2656 0 
6636 0 
8341 0 
6141 0 
5435 0 
3554 0 
6730 0 
9506 0 
3803 0 
5131 0 
3614 0 
3619 0 
6526 0 
5823 0 
5475 0 
3184 0 
3287 0 
3817 0 
8794 0 
3697 0 
7512 0 
3800 0 
7190 0 
3802 0 
7834 0 
7101 0 
7514 0 
7836 0 
7838 0 
3807 0 
7281 0 
8152 0 
6735 0 
3801 0 
1137 0 
3820 0 
6734 0 
3814 0 
4958 0 
5789 0 
3809 0 
3799 0 
2080 0 
7839 0 
3816 0 
3813 0 
8609 0 
3812 0 
3819 0 
6726 0 
3811 0 
3806 0 
3818 0 
3815 0 
6492 0 
5551 0 
3810 0 
4479 0 
3808 0 
5098 0 
3684 0 
4713 0 
5552 0 
5834 0 
634 0 
1019 0 
7587 0 
2877 0 
6568 0 
5974 0 
5215 0 
8512 0 
1628 0 
7208 0 
5057 0 
8006 0 
7837 0 
4325 0 
5479 0 
8124 0 
8668 0 
5436 0 
1609 0 
5478 0 
2999 0 
5477 0 
7239 0 
4811 0 
7037 0 
8941 0 
7562 0 
8014 0 
7477 0 
9218 0 
7924 0 
7805 0 
8469 0 
8902 0 
725 0 
8742 0 
7209 0 
875 0 
7958 0 
7783 0 
6221 0 
3279 0 
876 0 
7898 0 
8378 0 
5758 0 
6992 0 
6384 0 
8626 0 
2126 0 
5757 0 
882 0 
8690 0 
7736 0 
6826 0 
6317 0 
6345 0 
5083 0 
1169 0 
1360 0 
1356 0 
2540 0 
1359 0 
1357 0 
7703 0 
670 0 
1358 0 
1361 0 
8915 0 
1699 0 
1018 0 
5973 0 
7138 0 
7768 0 
3462 0 
3454 0 
1175 0 
4623 0 
2958 0 
5036 0 
7221 0 
4957 0 
505 0 
9170 0 
2554 0 
8191 0 
7665 0 
5680 0 
7727 0 
7238 0 
5263 0 
7205 0 
7981 0 
9073 0 
4846 0 
8269 0 
3708 0 
7051 0 
4786 0 
7073 0 
8964 0 
6624 0 
2388 0 
7316 0 
5154 0 
4808 0 
8756 0 
2621 0 
8933 0 
9017 0 
2446 0 
3173 0 
7733 0 
6689 0 
2563 0 
6454 0 
7894 0 
7732 0 
5819 0 
8309 0 
4962 0 
7409 0 
1145 0 
1146 0 
6456 0 
7212 0 
7188 0 
8929 0 
7854 0 
8311 0 
4513 0 
5269 0 
944 0 
4230 0 
8310 0 
741 0 
6743 0 
6431 0 
7906 0 
4881 0 
6923 0 
5259 0 
5901 0 
933 0 
7907 0 
4880 0 
5369 0 
5430 0 
7151 0 
7323 0 
7905 0 
6859 0 
943 0 
1197 0 
4857 0 
1794 0 
5432 0 
5375 0 
5372 0 
6942 0 
5377 0 
7980 0 
8326 0 
3325 0 
5376 0 
5374 0 
5370 0 
7274 0 
4528 0 
1031 0 
8797 0 
7961 0 
6972 0 
6946 0 
5713 0 
8475 0 
8181 0 
2794 0 
3253 0 
8141 0 
7860 0 
9055 0 
9062 0 
2582 0 
6980 0 
6369 0 
4432 0 
8909 0 
2114 0 
6497 0 
4983 0 
7808 0 
8951 0 
2351 0 
4137 0 
8377 0 
7225 0 
8919 0 
1008 0 
2359 0 
4135 0 
4107 0 
7246 0 
2288 0 
8965 0 
2489 0 
8411 0 
668 0 
7102 0 
178 0 
4267 0 
8959 0 
3329 0 
8210 0 
8420 0 
4956 0 
6291 0 
4573 0 
1873 0 
5890 0 
8419 0 
1201 0 
8459 0 
8458 0 
7137 0 
6607 0 
8460 0 
8607 0 
4220 0 
4219 0 
8461 0 
34 0 
4748 0 
6560 0 
1048 0 
7311 0 
971 0 
5704 0 
451 0 
363 0 
1049 0 
4221 0 
4222 0 
3264 0 
4223 0 
6548 0 
6574 0 
7192 0 
8108 0 
6140 0 
7364 0 
4217 0 
9006 0 
5510 0 
8878 0 
8069 0 
8860 0 
8303 0 
8970 0 
3628 0 
5675 0 
7449 0 
4651 0 
7303 0 
2792 0 
2861 0 
8525 0 
7294 0 
422 0 
2860 0 
7704 0 
8555 0 
2791 0 
7761 0 
8264 0 
6835 0 
8520 0 
3458 0 
9068 0 
9016 0 
8519 0 
4818 0 
4404 0 
8323 0 
4405 0 
8082 0 
8357 0 
1620 0 
412 0 
950 0 
4403 0 
4402 0 
5965 0 
6877 0 
2775 0 
3463 0 
9169 0 
5840 0 
7847 0 
5839 0 
6290 0 
5838 0 
7979 0 
4132 0 
564 0 
6386 0 
948 0 
8113 0 
6557 0 
5854 0 
7377 0 
9429 0 
4603 0 
5599 0 
8284 0 
2848 0 
7491 0 
7111 0 
5651 0 
7337 0 
4605 0 
5120 0 
9430 0 
6385 0 
6590 0 
9431 0 
7129 0 
5001 0 
9060 0 
8516 0 
2522 0 
8112 0 
1647 0 
4280 0 
138 0 
8778 0 
4440 0 
6522 0 
4944 0 
7183 0 
7287 0 
1652 0 
5408 0 
4654 0 
1056 0 
1055 0 
6805 0 
8111 0 
810 0 
8704 0 
6279 0 
1062 0 
4433 0 
5824 0 
4876 0 
798 0 
1061 0 
6320 0 
1059 0 
1002 0 
1060 0 
8499 0 
5191 0 
1034 0 
8694 0 
678 0 
4919 0 
3587 0 
1978 0 
3760 0 
6995 0 
8498 0 
927 0 
7159 0 
3681 0 
8500 0 
1063 0 
2428 0 
3591 0 
6375 0 
6602 0 
4641 0 
5112 0 
3586 0 
4171 0 
7115 0 
7832 0 
2812 0 
2931 0 
3363 0 
8798 0 
5113 0 
7677 0 
7393 0 
5602 0 
8858 0 
8960 0 
5019 0 
1043 0 
6984 0 
8644 0 
8836 0 
14 0 
279 0 
8643 0 
5503 0 
7774 0 
1026 0 
5699 0 
7518 0 
2785 0 
7820 0 
7802 0 
2715 0 
8850 0 
3875 0 
7444 0 
6617 0 
1204 0 
8717 0 
7519 0 
4677 0 
1945 0 
8887 0 
1164 0 
8641 0 
2312 0 
9250 0 
7816 0 
413 0 
2723 0 
6968 0 
6032 0 
5273 0 
4047 0 
4678 0 
9248 0 
5724 0 
2883 0 
6656 0 
8261 0 
2398 0 
4416 0 
1103 0 
3670 0 
6232 0 
9249 0 
8793 0 
8846 0 
6937 0 
6144 0 
4544 0 
6794 0 
4501 0 
8893 0 
2107 0 
1791 0 
7710 0 
2423 0 
4959 0 
7962 0 
5925 0 
5696 0 
1903 0 
7708 0 
1829 0 
5031 0 
5682 0 
1955 0 
7049 0 
2384 0 
6739 0 
4827 0 
5794 0 
7041 0 
7028 0 
9082 0 
3307 0 
9022 0 
8740 0 
3105 1 
5921 1 
9039 1 
5936 1 
5922 1 
7541 1 
2894 1 
9071 1 
9074 1 
8864 1 
5265 1 
5920 1 
7044 1 
8741 1 
2549 1 
5970 1 
5969 1 
9049 1 
7317 1 
7987 1 
8739 1 
8586 1 
2042 1 
4139 1 
2067 1 
8738 1 
5798 1 
6329 1 
8431 1 
2246 1 
6660 1 
6330 1 
2685 1 
6328 1 
9274 1 
8294 1 
5828 1 
8587 1 
3598 1 
5827 1 
7150 1 
8557 1 
8558 1 
7175 1 
7166 1 
5829 1 
8297 1 
2204 1 
9259 1 
3540 1 
6710 1 
9242 1 
7485 1 
8585 1 
9079 1 
4806 1 
2535 1 
2703 1 
1159 1 
3057 1 
4020 1 
2177 1 
598 1 
2892 1 
5200 1 
8109 1 
7744 1 
9256 1 
4529 1 
8403 1 
1134 1 
3762 1 
9255 1 
7398 1 
9263 1 
9258 1 
1158 1 
8216 1 
597 1 
9262 1 
7743 1 
7505 1 
3384 1 
5434 1 
324 1 
9252 1 
1131 1 
7071 1 
9257 1 
9253 1 
9254 1 
9260 1 
9036 1 
9261 1 
2707 1 
9264 1 
7249 1 
2893 1 
2708 1 
8232 1 
7594 1 
6601 1 
5033 1 
5790 1 
6729 1 
2699 1 
5698 1 
7405 1 
6555 1 
7042 1 
2817 1 
2103 1 
54 1 
5476 1 
3610 1 
8093 1 
7490 1 
7131 1 
8803 1 
5932 1 
5419 1 
5963 1 
6191 1 
225 1 
1046 1 
1641 1 
8267 1 
5606 1 
841 1 
8880 1 
6994 1 
8379 1 
526 1 
8287 1 
6649 1 
9034 1 
2043 1 
1539 1 
6852 1 
8942 1 
3277 1 
7373 1 
8789 1 
2865 1 
4576 1 
1527 1 
8097 1 
7291 1 
1575 1 
3752 1 
3123 1 
8813 1 
643 1 
3135 1 
7651 1 
1419 1 
7659 1 
7697 1 
9515 1 
5116 1 
3321 1 
7650 1 
7883 1 
4064 1 
3185 1 
9525 1 
6417 1 
9434 1 
7552 1 
9524 1 
2369 1 
8900 1 
299 1 
7882 1 
7019 1 
8914 1 
4039 1 
2122 1 
3374 1 
7177 1 
1115 1 
3637 1 
7919 1 
1016 1 
6286 1 
8776 1 
7504 1 
9025 1 
899 1 
8105 1 
901 1 
8917 1 
8351 1 
8780 1 
3615 1 
8106 1 
6841 1 
6599 1 
5150 1 
2083 1 
6837 1 
2705 1 
338 1 
334 1 
2590 1 
1142 1 
8331 1 
2526 1 
1529 1 
2450 1 
5467 1 
6839 1 
6793 1 
6218 1 
9237 1 
3453 1 
9409 1 
2835 1 
2116 1 
7996 1 
8791 1 
5041 1 
3437 1 
7997 1 
6315 1 
6547 1 
7983 1 
3350 1 
4764 1 
7766 1 
4104 1 
2215 1 
8834 1 
5912 1 
8904 1 
3225 1 
378 1 
5822 1 
6248 1 
3022 1 
1630 1 
7471 1 
5910 1 
3318 1 
9513 1 
6439 1 
5909 1 
1965 1 
1774 1 
9436 1 
5915 1 
5052 1 
1087 1 
5907 1 
5125 1 
6697 1 
8881 1 
1462 1 
2191 1 
2714 1 
5761 1 
7113 1 
3524 1 
8301 1 
2293 1 
5449 1 
9185 1 
4259 1 
6298 1 
4144 1 
3474 1 
1584 1 
3341 1 
3175 1 
1925 1 
1936 1 
8045 1 
4894 1 
6493 1 
3434 1 
8044 1 
4841 1 
711 1 
8560 1 
7267 1 
2261 1 
8017 1 
6936 1 
6559 1 
5630 1 
8295 1 
6521 1 
3444 1 
4652 1 
8203 1 
9158 1 
6343 1 
2598 1 
984 1 
3700 1 
5805 1 
7012 1 
6827 1 
8243 1 
8934 1 
6864 1 
35 1 
7656 1 
7711 1 
7968 1 
1136 1 
6927 1 
4167 1 
6392 1 
7266 1 
1543 1 
7777 1 
7758 1 
6326 1 
8305 1 
6678 1 
1734 1 
4693 1 
6765 1 
6538 1 
6603 1 
9514 1 
3758 1 
5771 1 
7021 1 
2798 1 
8130 1 
9519 1 
8872 1 
7460 1 
4924 1 
6844 1 
7020 1 
6676 1 
7999 1 
7982 1 
2082 1 
7259 1 
4580 1 
7006 1 
9032 1 
6325 1 
4925 1 
8002 1 
4805 1 
9037 1 
3336 1 
3887 1 
7139 1 
7288 1 
4728 1 
3757 1 
7998 1 
7689 1 
4209 1 
1108 1 
6608 1 
2394 1 
7454 1 
7453 1 
8706 1 
6252 1 
8345 1 
3280 1 
6251 1 
9440 1 
7886 1 
2299 1 
8987 1 
1706 1 
8707 1 
7709 1 
1922 1 
8636 1 
3262 1 
4665 1 
5085 1 
1677 1 
5816 1 
8708 1 
4276 1 
8984 1 
8983 1 
9008 1 
2827 1 
8935 1 
8823 1 
5568 1 
2481 1 
9174 1 
5727 1 
2374 1 
8810 1 
3497 1 
906 1 
9038 1 
788 1 
1053 1 
4350 1 
3563 1 
7691 1 
4844 1 
5967 1 
3698 1 
8594 1 
8593 1 
1960 1 
3257 1 
5181 1 
3428 1 
6881 1 
8592 1 
7124 1 
6948 1 
4441 1 
8056 1 
8591 1 
6924 1 
3283 1 
5244 1 
5787 1 
9050 1 
9172 1 
1613 1 
8719 1 
8849 1 
1602 1 
1420 1 
6284 1 
2623 1 
2716 1 
7030 1 
4727 1 
8057 1 
9001 1 
7624 1 
3468 1 
8619 1 
5631 1 
3366 1 
9139 1 
794 1 
7007 1 
5104 1 
9215 1 
6257 1 
7932 1 
8372 1 
8848 1 
3063 1 
4119 1 
3601 1 
5768 1 
7526 1 
7470 1 
3584 1 
4481 1 
2457 1 
9046 1 
147 1 
1958 1 
8610 1 
6350 1 
8611 1 
2602 1 
1528 1 
6233 1 
2453 1 
2447 1 
4755 1 
8240 1 
7602 1 
739 1 
3706 1 
5444 1 
2593 1 
4466 1 
5045 1 
5639 1 
7242 1 
4933 1 
1697 1 
4305 1 
3138 1 
4749 1 
5428 1 
5494 1 
3169 1 
2 1 
4235 1 
5495 1 
6277 1 
2349 1 
3461 1 
8472 1 
7385 1 
4391 1 
8843 1 
8817 1 
8839 1 
8903 1 
5546 1 
5544 1 
9186 1 
8156 1 
6495 1 
6137 1 
8656 1 
8859 1 
3641 1 
8826 1 
4397 1 
8912 1 
8349 1 
8920 1 
3213 1 
7127 1 
9187 1 
3625 1 
5600 1 
8344 1 
5420 1 
320 1 
6918 1 
6876 1 
5545 1 
3636 1 
8657 1 
5149 1 
1848 1 
5032 1 
4640 1 
2642 1 
1582 1 
6293 1 
7250 1 
3284 1 
5421 1 
2395 1 
4757 1 
3634 1 
5961 1 
9031 1 
5884 1 
5425 1 
7817 1 
7951 1 
7762 1 
2228 1 
7950 1 
2115 1 
5218 1 
9063 1 
6597 1 
5883 1 
6292 1 
1723 1 
6910 1 
6184 1 
1729 1 
8874 1 
6393 1 
2127 1 
3566 1 
5892 1 
3640 1 
4434 1 
3659 1 
4326 1 
2390 1 
1195 1 
7859 1 
3234 1 
2133 1 
6270 1 
506 1 
6457 1 
2837 1 
7516 1 
3349 1 
4295 1 
272 1 
8639 1 
3107 1 
2238 1 
8945 1 
8961 1 
8397 1 
8503 1 
8763 1 
1812 1 
9157 1 
5488 1 
8596 1 
8259 1 
891 1 
6295 1 
1590 1 
2297 1 
7605 1 
1130 1 
8398 1 
5533 1 
7893 1 
8402 1 
7596 1 
1535 1 
7642 1 
2841 1 
2651 1 
1983 1 
3216 1 
5312 1 
7571 1 
4134 1 
3391 1 
6517 1 
5311 1 
9173 1 
5480 1 
9240 1 
2244 1 
7888 1 
3014 1 
3509 1 
6211 1 
5664 1 
3150 1 
5022 1 
7040 1 
6775 1 
5666 1 
7931 1 
3761 1 
9199 1 
3172 1 
4268 1 
7764 1 
9198 1 
5290 1 
6156 1 
5764 1 
7214 1 
8011 1 
8432 1 
45 1 
8179 1 
5058 1 
6332 1 
365 1 
4904 1 
9241 1 
7623 1 
6947 1 
8307 1 
1415 1 
5426 1 
8336 1 
1483 1 
7008 1 
1668 1 
2710 1 
7554 1 
6244 1 
5763 1 
4929 1 
4487 1 
4072 1 
6664 1 
5835 1 
8306 1 
3061 1 
8089 1 
3404 1 
1673 1 
2979 1 
3144 1 
1767 1 
7989 1 
7058 1 
1852 1 
8151 1 
2412 1 
5146 1 
8048 1 
6766 1 
6518 1 
7915 1 
9072 1 
1581 1 
3409 1 
3152 1 
7365 1 
6160 1 
6884 1 
2809 1 
4632 1 
6461 1 
8361 1 
4607 1 
7148 1 
4596 1 
2273 1 
582 1 
5431 1 
6848 1 
8875 1 
2717 1 
6412 1 
5865 1 
7722 1 
7307 1 
7000 1 
256 1 
9078 1 
2567 1 
7589 1 
7649 1 
7861 1 
3621 1 
9442 1 
6670 1 
7121 1 
6414 1 
9176 1 
931 1 
6975 1 
8892 1 
2483 1 
4867 1 
2722 1 
6269 1 
9047 1 
6413 1 
7492 1 
8861 1 
5867 1 
6217 1 
8891 1 
8743 1 
6071 1 
6169 1 
8938 1 
4950 1 
1038 1 
5895 1 
403 1 
6017 1 
5111 1 
523 1 
5866 1 
2248 1 
1984 1 
7125 1 
5686 1 
8018 1 
5473 1 
1937 1 
623 1 
3531 1 
3208 1 
2561 1 
9270 1 
1894 1 
4421 1 
5627 1 
7721 1 
7309 1 
6134 1 
7720 1 
7763 1 
6632 1 
8674 1 
6079 1 
7920 1 
8427 1 
7171 1 
3309 1 
6851 1 
373 1 
197 1 
8098 1 
2169 1 
6161 1 
8556 1 
189 1 
8488 1 
4770 1 
5184 1 
6419 1 
3545 1 
6789 1 
5622 1 
4617 1 
1544 1 
6034 1 
5831 1 
9159 1 
2334 1 
4387 1 
6744 1 
7383 1 
7835 1 
4768 1 
8627 1 
3301 1 
9023 1 
1906 1 
7875 1 
5690 1 
9462 1 
5231 1 
7384 1 
8007 1 
5160 1 
5804 1 
1831 1 
7025 1 
7825 1 
4771 1 
8567 1 
9461 1 
2520 1 
4488 1 
3490 1 
8147 1 
5282 1 
6803 1 
8149 1 
1962 1 
8144 1 
8092 1 
6539 1 
4645 1 
8143 1 
8150 1 
5635 1 
3600 1 
8568 1 
6507 1 
8145 1 
7545 1 
5581 1 
4856 1 
6564 1 
9120 1 
5504 1 
9126 1 
1439 1 
5328 1 
5862 1 
5563 1 
7146 1 
8067 1 
8148 1 
1113 1 
6128 1 
5844 1 
5746 1 
6742 1 
5636 1 
4646 1 
5929 1 
4525 1 
2777 1 
5668 1 
1135 1 
9411 1 
4701 1 
3648 1 
1877 1 
2138 1 
1614 1 
8622 1 
2531 1 
3777 1 
6897 1 
5572 1 
4312 1 
8161 1 
4308 1 
5729 1 
4847 1 
8423 1 
6953 1 
8629 1 
1918 1 
9091 1 
8064 1 
7452 1 
7234 1 
5317 1 
8829 1 
3932 1 
5754 1 
1738 1 
9180 1 
4229 1 
9090 1 
5620 1 
3457 1 
6019 1 
6615 1 
1485 1 
9075 1 
8879 1 
2418 1 
6627 1 
3140 1 
8767 1 
9089 1 
3405 1 
3714 1 
3433 1 
6610 1 
3002 1 
6063 1 
8630 1 
5692 1 
9247 1 
7016 1 
6091 1 
3200 1 
5693 1 
8293 1 
1685 1 
5197 1 
8928 1 
7263 1 
8853 1 
2144 1 
4311 1 
5220 1 
8171 1 
4435 1 
5300 1 
8418 1 
2200 1 
6913 1 
8146 1 
2206 1 
1935 1 
2208 1 
2687 1 
2178 1 
5656 1 
7653 1 
8229 1 
1129 1 
2528 1 
8399 1 
8417 1 
4123 1 
3211 1 
4400 1 
4552 1 
4644 1 
3304 1 
8416 1 
8699 1 
9171 1 
6698 1 
2916 1 
3250 1 
8542 1 
2003 1 
5559 1 
9056 1 
759 1 
4115 1 
3779 1 
4934 1 
5543 1 
2240 1 
7652 1 
9446 1 
9459 1 
8228 1 
2633 1 
7502 1 
1429 1 
6488 1 
7415 1 
9447 1 
6445 1 
5662 1 
1171 1 
6011 1 
7086 1 
5644 1 
9526 1 
6446 1 
9451 1 
3112 1 
46 1 
9448 1 
963 1 
5618 1 
3686 1 
4266 1 
4903 1 
6129 1 
5616 1 
4860 1 
4227 1 
9456 1 
9458 1 
1776 1 
9452 1 
345 1 
3998 1 
5852 1 
9457 1 
6985 1 
7351 1 
3647 1 
7181 1 
2571 1 
3754 1 
2314 1 
9087 1 
7390 1 
8664 1 
2451 1 
8663 1 
7600 1 
8325 1 
6718 1 
2618 1 
6040 1 
8661 1 
6717 1 
6131 1 
182 1 
8662 1 
7308 1 
6224 1 
8462 1 
3660 1 
8666 1 
8665 1 
4687 1 
8659 1 
5750 1 
3064 1 
5770 1 
580 1 
2161 1 
6998 1 
635 1 
2807 1 
2452 1 
2521 1 
1952 1 
8078 1 
2469 1 
5841 1 
8678 1 
106 1 
3168 1 
2236 1 
7349 1 
5183 1 
5006 1 
4056 1 
8686 1 
2954 1 
7363 1 
5550 1 
9150 1 
5853 1 
7433 1 
1203 1 
5548 1 
516 1 
974 1 
8581 1 
6926 1 
5707 1 
8060 1 
3051 1 
7648 1 
3690 1 
51 1 
4534 1 
7844 1 
5684 1 
48 1 
8760 1 
8376 1 
8818 1 
4535 1 
6753 1 
5004 1 
4310 1 
8805 1 
7619 1 
8566 1 
1662 1 
3766 1 
8806 1 
4480 1 
2826 1 
4823 1 
8649 1 
8855 1 
9009 1 
7876 1 
3393 1 
6214 1 
8618 1 
4483 1 
8989 1 
5005 1 
8511 1 
2163 1 
802 1 
5846 1 
7255 1 
7967 1 
3109 1 
530 1 
8654 1 
8655 1 
8693 1 
7447 1 
3703 1 
8775 1 
7565 1 
6367 1 
8653 1 
5208 1 
8648 1 
6267 1 
3756 1 
8396 1 
4710 1 
4250 1 
7439 1 
651 1 
3238 1 
6356 1 
4322 1 
4314 1 
2872 1 
8329 1 
5255 1 
7074 1 
7706 1 
855 1 
2629 1 
3297 1 
5073 1 
3562 1 
1100 1 
7382 1 
8039 1 
5749 1 
8317 1 
8266 1 
1191 1 
4721 1 
8857 1 
3459 1 
5357 1 
2494 1 
7550 1 
5361 1 
2320 1 
6473 1 
1967 1 
5983 1 
5539 1 
7053 1 
2101 1 
5843 1 
4781 1 
8192 1 
7233 1 
2438 1 
1807 1 
6991 1 
5777 1 
672 1 
1368 1 
5352 1 
6308 1 
3360 1 
5360 1 
563 1 
4951 1 
7549 1 
2414 1 
1386 1 
3345 1 
5358 1 
2557 1 
1393 1 
2077 1 
2938 1 
2772 1 
5359 1 
1366 1 
5356 1 
1365 1 
1698 1 
5354 1 
2460 1 
1381 1 
3136 1 
7853 1 
6758 1 
658 1 
1380 1 
7737 1 
7842 1 
5738 1 
1387 1 
6120 1 
1391 1 
5355 1 
6911 1 
5074 1 
4383 1 
2534 1 
1997 1 
8052 1 
4361 1 
1375 1 
1587 1 
1369 1 
3508 1 
2047 1 
1388 1 
7850 1 
1416 1 
1371 1 
1372 1 
1373 1 
1377 1 
1392 1 
2350 1 
8051 1 
5565 1 
4168 1 
7189 1 
7749 1 
2701 1 
5739 1 
4442 1 
6996 1 
2547 1 
6068 1 
2459 1 
5353 1 
1198 1 
5733 1 
5735 1 
1389 1 
2218 1 
5809 1 
4668 1 
7098 1 
1882 1 
1067 1 
1385 1 
8250 1 
1367 1 
6117 1 
3243 1 
1364 1 
1961 1 
1505 1 
4363 1 
1580 1 
2008 1 
7072 1 
6515 1 
7597 1 
1574 1 
5623 1 
5603 1 
5638 1 
6067 1 
1378 1 
583 1 
2309 1 
4356 1 
2568 1 
4234 1 
8188 1 
1390 1 
4461 1 
2616 1 
2157 1 
6943 1 
2982 1 
3142 1 
5676 1 
5830 1 
1184 1 
1786 1 
4265 1 
2266 1 
8260 1 
4384 1 
3392 1 
4355 1 
2595 1 
2415 1 
4374 1 
4362 1 
4381 1 
9153 1 
2148 1 
4351 1 
6035 1 
6709 1 
7977 1 
2505 1 
8949 1 
4367 1 
8671 1 
3403 1 
4376 1 
3322 1 
5298 1 
8001 1 
1493 1 
7483 1 
6723 1 
7978 1 
6296 1 
702 1 
4369 1 
4375 1 
4385 1 
4359 1 
8513 1 
4379 1 
4370 1 
2619 1 
5555 1 
4380 1 
8508 1 
3221 1 
4358 1 
4360 1 
4691 1 
4366 1 
4368 1 
6469 1 
6480 1 
8084 1 
4354 1 
277 1 
4382 1 
2977 1 
4352 1 
6634 1 
1968 1 
4519 1 
4541 1 
3747 1 
8231 1 
4372 1 
8176 1 
4377 1 
2771 1 
8063 1 
1470 1 
9014 1 
9043 1 
4626 1 
3665 1 
6764 1 
379 1 
4365 1 
4378 1 
2344 1 
4371 1 
8936 1 
8226 1 
7804 1 
8691 1 
791 1 
8896 1 
5587 1 
2787 1 
8977 1 
8238 1 
8799 1 
4839 1 
6440 1 
7796 1 
1546 1 
5026 1 
5592 1 
4353 1 
2245 1 
5902 1 
644 1 
697 1 
6514 1 
9200 1 
4767 1 
9251 1 
4853 1 
5500 1 
5714 1 
6164 1 
8899 1 
4914 1 
7718 1 
1982 1 
2882 1 
2776 1 
5687 1 
8672 1 
8471 1 
5049 1 
8407 1 
2357 1 
1162 1 
5657 1 
9093 1 
6013 1 
6287 1 
6671 1 
7167 1 
9518 1 
7248 1 
5130 1 
7776 1 
965 1 
6083 1 
7588 1 
2171 1 
5547 1 
5903 1 
4489 1 
3577 1 
2475 1 
8603 1 
7525 1 
8068 1 
4648 1 
4524 1 
1879 1 
2570 1 
8046 1 
2201 1 
6307 1 
4999 1 
8862 1 
7719 1 
3535 1 
7473 1 
1155 1 
9092 1 
5438 1 
7068 1 
9094 1 
2195 1 
4864 1 
6986 1 
9392 1 
738 1 
6311 1 
6987 1 
3465 1 
1765 1 
7164 1 
8135 1 
3271 1 
7437 1 
6430 1 
5437 1 
3352 1 
7395 1 
7891 1 
3097 1 
6235 1 
7462 1 
8100 1 
9095 1 
7634 1 
8167 1 
6834 1 
3215 1 
7169 1 
8166 1 
3596 1 
7431 1 
8729 1 
3494 1 
8187 1 
8824 1 
8134 1 
7867 1 
7342 1 
5272 1 
7639 1 
7300 1 
4774 1 
5885 1 
1760 1 
9096 1 
8168 1 
7343 1 
8186 1 
6825 1 
4586 1 
6989 1 
1522 1 
7313 1 
6300 1 
7633 1 
5254 1 
6566 1 
8185 1 
1037 1 
4343 1 
3272 1 
6761 1 
6567 1 
3192 1 
489 1 
1916 1 
5315 1 
7584 1 
5313 1 
6201 1 
3934 1 
7035 1 
5062 1 
5368 1 
8514 1 
4425 1 
8886 1 
4569 1 
8992 1 
6289 1 
7106 1 
9138 1 
3351 1 
9155 1 
2838 1 
4588 1 
8832 1 
8906 1 
5407 1 
8905 1 
8533 1 
7970 1 
8930 1 
8885 1 
626 1 
6029 1 
3546 1 
7520 1 
2786 1 
5873 1 
8996 1 
465 1 
7376 1 
9148 1 
4364 1 
4041 1 
9003 1 
6618 1 
3595 1 
6349 1 
8947 1 
5086 1 
9012 1 
4453 1 
4897 1 
446 1 
9226 1 
6783 1 
8334 1 
5009 1 
3340 1 
8409 1 
4494 1 
647 1 
7879 1 
6170 1 
1726 1 
8785 1 
8477 1 
7182 1 
3343 1 
9149 1 
4533 1 
4692 1 
7914 1 
4471 1 
6988 1 
3916 1 
9453 1 
3528 1 
2166 1 
6905 1 
4863 1 
2901 1 
6238 1 
3001 1 
8978 1 
6155 1 
6271 1 
2158 1 
3549 1 
5953 1 
2675 1 
9229 1 
2902 1 
5950 1 
3517 1 
9230 1 
3228 1 
5534 1 
8452 1 
8392 1 
8286 1 
1707 1 
430 1 
6571 1 
4042 1 
6687 1 
5289 1 
6399 1 
8807 1 
3507 1 
8584 1 
5205 1 
1631 1 
8087 1 
8010 1 
5803 1 
2121 1 
121 1 
3571 1 
7312 1 
6831 1 
6306 1 
2468 1 
4330 1 
7123 1 
5043 1 
158 1 
6883 1 
2202 1 
4953 1 
5573 1 
2175 1 
6971 1 
6005 1 
5775 1 
7446 1 
7456 1 
8952 1 
4877 1 
7661 1 
8467 1 
5217 1 
3880 1 
9454 1 
3387 1 
8356 1 
3510 1 
5583 1 
4579 1 
6339 1 
7201 1 
9163 1 
7062 1 
8180 1 
9231 1 
958 1 
8085 1 
3541 1 
6407 1 
1946 1 
9133 1 
6702 1 
2822 1 
6337 1 
6143 1 
1109 1 
3399 1 
1540 1 
5492 1 
7685 1 
5893 1 
2551 1 
5773 1 
4662 1 
5615 1 
3580 1 
5537 1 
6228 1 
994 1 
2044 1 
2681 1 
9161 1 
6204 1 
240 1 
5303 1 
8937 1 
8821 1 
6275 1 
5251 1 
877 1 
8406 1 
9162 1 
820 1 
874 1 
8374 1 
512 1 
3376 1 
332 1 
5795 1 
4671 1 
2844 1 
2763 1 
5306 1 
8718 1 
3075 1 
4462 1 
8981 1 
5190 1 
6976 1 
560 1 
6746 1 
5193 1 
2735 1 
7099 1 
9145 1 
3685 1 
9000 1 
4521 1 
7055 1 
4890 1 
8632 1 
7658 1 
1401 1 
1405 1 
5913 1 
8381 1 
3496 1 
5102 1 
8779 1 
1398 1 
8889 1 
6427 1 
269 1 
1520 1 
1143 1 
3680 1 
8324 1 
6600 1 
5065 1 
55 1 
2682 1 
1656 1 
213 1 
684 1 
1404 1 
7109 1 
3092 1 
7450 1 
6016 1 
1397 1 
2277 1 
1270 1 
8613 1 
9132 1 
6669 1 
8382 1 
3782 1 
1396 1 
1403 1 
959 1 
8524 1 
7197 1 
5089 1 
732 1 
2523 1 
2022 1 
1399 1 
5343 1 
1280 1 
2879 1 
6812 1 
8890 1 
9011 1 
6938 1 
1327 1 
8825 1 
2927 1 
1331 1 
8999 1 
4512 1 
8931 1 
8042 1 
1279 1 
1402 1 
3207 1 
1320 1 
5024 1 
1284 1 
8908 1 
7953 1 
5153 1 
6309 1 
7822 1 
6813 1 
6046 1 
6475 1 
2455 1 
1309 1 
8841 1 
6092 1 
1915 1 
1323 1 
5918 1 
7482 1 
8765 1 
2810 1 
5815 1 
1303 1 
8907 1 
4704 1 
1301 1 
683 1 
2108 1 
8895 1 
1310 1 
1287 1 
930 1 
1337 1 
475 1 
1311 1 
1324 1 
1319 1 
1293 1 
2128 1 
7660 1 
5989 1 
1299 1 
1278 1 
3402 1 
1271 1 
2509 1 
1305 1 
431 1 
2353 1 
1297 1 
5766 1 
405 1 
5934 1 
1304 1 
1300 1 
2203 1 
1322 1 
1313 1 
1296 1 
7017 1 
1282 1 
1318 1 
5878 1 
3481 1 
411 1 
2197 1 
1336 1 
1292 1 
1272 1 
6406 1 
1339 1 
6314 1 
1340 2 
1276 2 
1325 2 
5529 2 
1334 2 
743 2 
1314 2 
7770 2 
1273 2 
6460 2 
1281 2 
1277 2 
9067 2 
5493 2 
2650 2 
1343 2 
5858 2 
7785 2 
4429 2 
7252 2 
4822 2 
5981 2 
5528 2 
5371 2 
5530 2 
1274 2 
2196 2 
1294 2 
1321 2 
1349 2 
1344 2 
1944 2 
9236 2 
2458 2 
6059 2 
1329 2 
1285 2 
1351 2 
9217 2 
3239 2 
8883 2 
2263 2 
1066 2 
1633 2 
1342 2 
1821 2 
3730 2 
2330 2 
5162 2 
3567 2 
7752 2 
566 2 
8158 2 
8667 2 
3731 2 
9234 2 
1330 2 
2600 2 
1307 2 
7610 2 
8273 2 
7900 2 
1268 2 
1298 2 
9235 2 
1328 2 
2403 2 
1315 2 
1288 2 
1068 2 
1335 2 
1854 2 
753 2 
1312 2 
1295 2 
2770 2 
2319 2 
7806 2 
4146 2 
8375 2 
6025 2 
7369 2 
8573 2 
4324 2 
1097 2 
7901 2 
4928 2 
2743 2 
2146 2 
1069 2 
4070 2 
8943 2 
1275 2 
1306 2 
8599 2 
1316 2 
5629 2 
2993 2 
6609 2 
7265 2 
7696 2 
5564 2 
9501 2 
3042 2 
5487 2 
4888 2 
1269 2 
181 2 
5176 2 
6259 2 
2264 2 
1618 2 
3319 2 
3162 2 
7926 2 
6843 2 
5899 2 
7530 2 
6736 2 
6773 2 
6633 2 
531 2 
5611 2 
7563 2 
5869 2 
2253 2 
7592 2 
6159 2 
1751 2 
3220 2 
547 2 
1417 2 
804 2 
2070 2 
4910 2 
6614 2 
3536 2 
7370 2 
4875 2 
2283 2 
1185 2 
4122 2 
6769 2 
4205 2 
5992 2 
7497 2 
1039 2 
8207 2 
2053 2 
4650 2 
9058 2 
1379 2 
7404 2 
3492 2 
2295 2 
4590 2 
7187 2 
6416 2 
6415 2 
6193 2 
7344 2 
7228 2 
890 2 
4215 2 
6397 2 
6979 2 
2431 2 
6400 2 
1555 2 
3008 2 
4078 2 
2449 2 
7458 2 
5502 2 
5732 2 
2140 2 
8856 2 
7586 2 
4618 2 
335 2 
4226 2 
5723 2 
6580 2 
1382 2 
3755 2 
6481 2 
1383 2 
4206 2 
9438 2 
5523 2 
5594 2 
6273 2 
9216 2 
7885 2 
4793 2 
7319 2 
149 2 
5952 2 
3206 2 
4557 2 
6982 2 
1006 2 
3059 2 
3658 2 
7321 2 
905 2 
6928 2 
9439 2 
7637 2 
6007 2 
4173 2 
7540 2 
6725 2 
3359 2 
4730 2 
6135 2 
5027 2 
5807 2 
6981 2 
7060 2 
7713 2 
2426 2 
3753 2 
7061 2 
9437 2 
4809 2 
5064 2 
6604 2 
1376 2 
1542 2 
5769 2 
9387 2 
3688 2 
9269 2 
4939 2 
2180 2 
8816 2 
9227 2 
6285 2 
1395 2 
3886 2 
6836 2 
6978 2 
3450 2 
3386 2 
3408 2 
6455 2 
5327 2 
1374 2 
3421 2 
9206 2 
6977 2 
1635 2 
535 2 
9210 2 
4643 2 
7943 2 
2377 2 
4567 2 
6845 2 
2725 2 
9228 2 
8422 2 
8617 2 
8734 2 
3629 2 
6239 2 
2581 2 
7725 2 
9361 2 
1976 2 
9374 2 
9366 2 
8529 2 
5898 2 
9341 2 
9388 2 
7912 2 
8669 2 
460 2 
5604 2 
5175 2 
2007 2 
9385 2 
9368 2 
5075 2 
9346 2 
9347 2 
3378 2 
9356 2 
2097 2 
9204 2 
9335 2 
9355 2 
9344 2 
9207 2 
645 2 
1657 2 
1538 2 
6403 2 
6667 2 
9205 2 
3678 2 
9342 2 
7399 2 
8714 2 
7116 2 
3004 2 
9357 2 
8670 2 
5826 2 
9380 2 
9208 2 
4218 2 
1132 2 
9359 2 
8733 2 
8732 2 
4566 2 
4973 2 
9354 2 
9365 2 
9382 2 
9383 2 
7079 2 
9371 2 
9378 2 
2836 2 
8840 2 
9336 2 
9292 2 
9384 2 
9363 2 
9293 2 
8735 2 
5661 2 
9377 2 
9352 2 
5566 2 
9340 2 
2599 2 
9296 2 
9288 2 
9369 2 
9362 2 
8390 2 
4741 2 
7075 2 
9295 2 
9332 2 
9370 2 
6959 2 
9386 2 
4976 2 
9333 2 
9345 2 
7655 2 
8440 2 
8769 2 
9360 2 
5781 2 
8731 2 
9375 2 
9351 2 
9338 2 
9389 2 
9334 2 
9373 2 
9290 2 
9294 2 
8736 2 
3995 2 
9349 2 
9353 2 
6967 2 
9381 2 
7716 2 
9372 2 
8715 2 
9390 2 
9358 2 
4909 2 
9291 2 
1827 2 
9339 2 
5906 2 
3054 2 
9350 2 
9379 2 
9337 2 
9343 2 
9367 2 
6871 2 
8030 2 
7122 2 
6626 2 
9376 2 
9348 2 
1597 2 
9364 2 
4346 2 
5012 2 
5063 2 
9116 2 
5718 2 
3237 2 
4141 2 
7930 2 
8749 2 
9040 2 
2028 2 
8790 2 
5152 2 
9265 2 
7162 2 
6509 2 
4373 2 
2199 2 
9289 2 
5882 2 
7469 2 
5216 2 
8065 2 
8347 2 
6487 2 
1752 2 
8750 2 
4604 2 
3994 2 
7904 2 
8049 2 
5087 2 
3413 2 
1781 2 
1000 2 
8808 2 
3423 2 
4911 2 
4418 2 
7751 2 
6863 2 
4467 2 
8395 2 
8781 2 
7873 2 
8918 2 
4772 2 
5916 2 
7807 2 
3219 2 
2850 2 
9211 2 
3993 2 
1929 2 
3372 2 
3179 2 
8958 2 
6066 2 
7232 2 
8348 2 
2073 2 
6785 2 
3498 2 
928 2 
4129 2 
8504 2 
8463 2 
3062 2 
3381 2 
5941 2 
6846 2 
3674 2 
9057 2 
6575 2 
8131 2 
4707 2 
3214 2 
3726 2 
7789 2 
5935 2 
2628 2 
1174 2 
7645 2 
2606 2 
6585 2 
823 2 
2659 2 
4769 2 
5608 2 
9232 2 
4978 2 
2378 2 
7845 2 
9426 2 
8178 2 
2250 2 
2968 2 
3460 2 
3456 2 
6152 2 
4436 2 
6084 2 
4898 2 
3740 2 
1414 2 
5677 2 
539 2 
6316 2 
862 2 
2719 2 
4045 2 
8925 2 
3323 2 
4069 2 
8651 2 
9059 2 
4151 2 
1023 2 
3441 2 
4216 2 
3661 2 
7264 2 
2466 2 
4155 2 
5497 2 
6681 2 
5451 2 
5670 2 
9184 2 
8871 2 
478 2 
7194 2 
2251 2 
3053 2 
1994 2 
4067 2 
6486 2 
7193 2 
9015 2 
7366 2 
9517 2 
8202 2 
8564 2 
1846 2 
1338 2 
8604 2 
1166 2 
5868 2 
6510 2 
9165 2 
8647 2 
5776 2 
7746 2 
7314 2 
4993 2 
5499 2 
1362 2 
3835 2 
8695 2 
393 2 
3597 2 
6061 2 
9273 2 
5470 2 
2624 2 
9164 2 
3119 2 
706 2 
2864 2 
3631 2 
3529 2 
3885 2 
4291 2 
7862 2 
9276 2 
3884 2 
2056 2 
3489 2 
6076 2 
3093 2 
3909 2 
2607 2 
5040 2 
5048 2 
7448 2 
7864 2 
1518 2 
3252 2 
3314 2 
7841 2 
6879 2 
2329 2 
2091 2 
2970 2 
6823 2 
1857 2 
5472 2 
1052 2 
6113 2 
7911 2 
4031 2 
9121 2 
8973 2 
9141 2 
2502 2 
9194 2 
2506 2 
9277 2 
8160 2 
3555 2 
8994 2 
5 2 
8600 2 
5621 2 
6824 2 
5747 2 
2896 2 
428 2 
8545 2 
3501 2 
8546 2 
8916 2 
2518 2 
3443 2 
3560 2 
7186 2 
5971 2 
6230 2 
9195 2 
6102 2 
4068 2 
6625 2 
9066 2 
9423 2 
5114 2 
7663 2 
8215 2 
592 2 
4970 2 
7784 2 
7013 2 
6774 2 
1964 2 
5982 2 
2257 2 
4634 2 
4609 2 
1768 2 
1482 2 
6064 2 
817 2 
8650 2 
8213 2 
6022 2 
5774 2 
4738 2 
9064 2 
5800 2 
1783 2 
3295 2 
5314 2 
5848 2 
7273 2 
9028 2 
6105 2 
4834 2 
7662 2 
2011 2 
8316 2 
8976 2 
5423 2 
5066 2 
3514 2 
7176 2 
811 2 
6009 2 
701 2 
2280 2 
4656 2 
2670 2 
5725 2 
3133 2 
5221 2 
9007 2 
3410 2 
2164 2 
8660 2 
5875 2 
2679 2 
2057 2 
1743 2 
3630 2 
8812 2 
3774 2 
4507 2 
1636 2 
3417 2 
7742 2 
8869 2 
9433 2 
4523 2 
2099 2 
9053 2 
4286 2 
8991 2 
2635 2 
8330 2 
2661 2 
3296 2 
5658 2 
690 2 
4532 2 
4616 2 
6529 2 
9048 2 
5406 2 
5625 2 
4578 2 
2572 2 
9505 2 
8968 2 
3502 2 
8962 2 
6484 2 
4756 2 
7538 2 
1818 2 
9002 2 
545 2 
4076 2 
2545 2 
7083 2 
2482 2 
548 2 
2463 2 
9322 2 
3627 2 
8950 2 
9320 2 
2066 2 
6090 2 
4637 2 
6929 2 
7174 2 
7084 2 
4448 2 
4482 2 
1079 2 
2820 2 
2655 2 
6260 2 
2256 2 
9317 2 
1086 2 
6533 2 
8877 2 
621 2 
6288 2 
7593 2 
4142 2 
4099 2 
4257 2 
7548 2 
7440 2 
2079 2 
7394 2 
7324 2 
291 2 
3353 2 
9315 2 
1701 2 
6958 2 
7085 2 
8969 2 
5905 2 
7087 2 
7489 2 
376 2 
8847 2 
4127 2 
4574 2 
9045 2 
7591 2 
5863 2 
4450 2 
8923 2 
2004 2 
5123 2 
8865 2 
1715 2 
9193 2 
6679 2 
131 2 
567 2 
169 2 
9266 2 
6732 2 
8430 2 
8940 2 
9316 2 
5589 2 
4613 2 
9328 2 
1604 2 
9297 2 
9021 2 
8953 2 
4340 2 
8549 2 
8944 2 
8027 2 
4117 2 
8956 2 
9330 2 
6885 2 
1782 2 
1400 2 
9281 2 
9267 2 
9041 2 
9282 2 
5225 2 
2416 2 
9299 2 
1992 2 
9301 2 
200 2 
5856 2 
7827 2 
7459 2 
9327 2 
9283 2 
2272 2 
9306 2 
902 2 
3316 2 
9326 2 
9279 2 
4747 2 
5288 2 
3058 2 
5227 2 
921 2 
5509 2 
9287 2 
9314 2 
202 2 
5226 2 
9309 2 
9026 2 
6556 2 
4077 2 
1472 2 
385 2 
9307 2 
6919 2 
3080 2 
8254 2 
9324 2 
9323 2 
9319 2 
9321 2 
9310 2 
6363 2 
9182 2 
9181 2 
9304 2 
2501 2 
203 2 
6163 2 
1650 2 
7496 2 
9308 2 
9313 2 
8550 2 
9311 2 
9329 2 
7088 2 
6422 2 
6939 2 
109 2 
7275 2 
9325 2 
9300 2 
427 2 
479 2 
8435 2 
491 2 
9280 2 
6838 2 
9331 2 
4843 2 
2365 2 
7539 2 
4940 2 
6208 2 
9302 2 
9312 2 
3682 2 
9298 2 
3380 2 
9222 2 
4328 2 
9285 2 
5591 2 
8302 2 
9284 2 
9318 2 
9088 2 
9123 2 
9303 2 
4049 2 
1731 2 
6954 2 
4968 2 
9108 2 
4118 2 
1891 2 
9286 2 
5243 2 
7423 2 
9118 2 
9223 2 
9305 2 
2323 2 
2356 2 
4820 2 
9449 2 
3038 2 
6647 2 
1963 2 
4804 2 
5427 2 
5025 2 
7884 2 
7507 2 
1746 2 
4952 2 
5943 2 
9220 2 
4428 2 
9160 2 
2986 2 
3829 2 
3337 2 
6198 2 
1453 2 
2906 2 
4338 2 
6940 2 
2419 2 
2045 2 
3306 2 
6357 2 
7964 2 
4103 2 
662 2 
6396 2 
9209 2 
5418 2 
2637 2 
5233 2 
6176 2 
3900 2 
2587 2 
3872 2 
6872 2 
9128 2 
1996 2 
2072 2 
6635 2 
4032 2 
9268 2 
179 2 
2106 2 
3781 2 
4202 2 
3176 2 
8312 2 
7443 2 
3831 2 
6366 2 
8251 2 
4133 2 
7856 2 
6177 2 
8939 2 
7358 2 
8815 2 
1192 2 
2274 2 
4082 2 
7568 2 
5412 2 
5755 2 
8219 2 
7434 2 
5042 2 
8253 2 
8212 2 
620 2 
2805 2 
1120 2 
9190 2 
3707 2 
1484 2 
6666 2 
3347 2 
9219 2 
12 2 
6212 2 
1569 2 
3521 2 
3952 2 
7402 2 
2281 2 
2859 2 
3544 2 
2669 2 
9122 2 
8252 2 
3656 2 
8811 2 
6957 2 
9152 2 
3187 2 
7865 2 
7794 2 
9427 2 
3728 2 
3400 2 
9221 2 
4110 2 
6690 2 
8291 2 
284 2 
7495 2 
3539 2 
6966 2 
1186 2 
5177 2 
2782 2 
5213 2 
5582 2 
8373 2 
3178 2 
3154 2 
7411 2 
5365 2 
6999 2 
6523 2 
2495 2 
4991 2 
5923 2 
6983 2 
5326 2 
6847 2 
6941 2 
6930 2 
3078 2 
712 2 
4258 2 
4296 2 
7513 2 
8483 2 
3691 2 
7871 2 
6305 2 
4866 2 
7076 2 
9191 2 
5228 2 
4406 2 
7632 2 
4785 2 
2346 2 
7647 2 
4169 2 
6693 2 
8590 2 
2560 2 
6401 2 
8898 2 
5772 2 
4395 2 
6321 2 
8321 2 
1893 2 
1971 2 
3633 2 
5731 2 
3472 2 
8083 2 
6727 2 
2391 2 
8728 2 
1816 2 
5252 2 
8726 2 
3086 2 
2165 2 
3556 2 
8470 2 
8721 2 
7118 2 
4213 2 
1764 2 
1817 2 
1721 2 
6498 2 
331 2 
5440 2 
6051 2 
168 2 
5736 2 
7988 2 
6811 2 
4614 2 
4252 2 
4509 2 
2464 2 
2745 2 
7869 2 
4244 2 
3922 2 
6010 2 
942 2 
4309 2 
2585 2 
5585 2 
1798 2 
7874 2 
5694 2 
7474 2 
5914 2 
6447 2 
5889 2 
742 2 
7488 2 
981 2 
160 2 
2278 2 
7664 2 
5886 2 
3666 2 
8201 2 
5894 2 
8041 2 
3274 2 
7064 2 
4102 2 
3015 2 
6778 2 
5821 2 
4941 2 
3564 2 
772 2 
6368 2 
2486 2 
2562 2 
2425 2 
2268 2 
3367 2 
5659 2 
4505 2 
9005 2 
2680 2 
5888 2 
5553 2 
1463 2 
2134 2 
8873 2 
6398 2 
2487 2 
3445 2 
6112 2 
3594 2 
6006 2 
2657 2 
4896 2 
5580 2 
7403 2 
4410 2 
6450 2 
1828 2 
5014 2 
4862 2 
987 2 
4561 2 
9425 2 
3805 2 
1690 2 
6914 2 
3543 2 
7022 2 
2389 2 
1443 2 
5752 2 
2473 2 
398 2 
6348 2 
1494 2 
2671 2 
2956 2 
2594 2 
1156 2 
3194 2 
2085 2 
3763 2 
8645 2 
3585 2 
1345 2 
3183 2 
1688 2 
3294 2 
3864 2 
5011 2 
8646 2 
2801 2 
3464 2 
1570 2 
1563 2 
2198 2 
6577 2 
1346 2 
9473 2 
6784 2 
6747 2 
6605 2 
7168 2 
1291 2 
155 2 
9018 2 
1333 2 
4152 2 
4787 2 
5722 2 
1332 2 
1317 2 
1283 2 
5612 2 
5978 2 
1290 2 
1289 2 
1341 2 
5390 2 
4245 2 
870 2 
5525 2 
2360 2 
2510 2 
3315 2 
2294 2 
673 2 
9065 2 
5864 2 
6886 2 
3033 2 
522 2 
165 2 
426 2 
3668 2 
5700 2 
1286 2 
8802 2 
3298 2 
6749 2 
5919 2 
5346 2 
756 2 
3527 2 
4331 2 
9516 2 
3145 2 
1014 2 
1718 2 
5202 2 
2326 2 
2439 2 
1530 2 
7338 2 
1825 2 
8954 2 
9472 2 
558 2 
8985 2 
755 2 
2058 2 
2332 2 
2029 2 
5683 2 
2104 2 
6870 2 
2470 2 
2441 2 
7424 2 
1467 2 
1534 2 
1681 2 
6038 2 
1441 2 
3500 2 
8845 2 
6779 2 
2159 2 
1302 2 
2611 2 
6909 2 
4282 2 
1850 2 
217 2 
1308 2 
2207 2 
2479 2 
3118 2 
7481 2 
1326 2 
6682 2 
9084 2 
7117 2 
2694 2 
4685 2 
5079 2 
2928 2 
3515 2 
2230 2 
1634 2 
1666 2 
2688 2 
8241 2 
9391 2 
7918 2 
8827 2 
692 2 
2095 2 
2420 2 
1512 2 
1810 2 
4017 2 
4917 2 
2548 2 
1541 2 
5144 2 
2789 2 
7361 2 
2653 2 
2284 2 
3449 2 
4602 2 
1849 2 
3485 2 
7467 2 
1892 2 
6737 2 
2036 2 
2117 2 
5527 2 
2422 2 
6731 2 
2308 2 
4143 2 
2566 2 
631 2 
8561 2 
3626 2 
207 2 
2287 2 
7222 2 
3143 2 
6898 2 
8292 2 
6771 2 
1855 2 
609 2 
3537 2 
6466 2 
998 2 
7793 2 
900 2 
9419 2 
5016 2 
3704 2 
8684 2 
5524 2 
2652 2 
2192 2 
8389 2 
2400 2 
1606 2 
1267 2 
8624 2 
2046 2 
5793 2 
7335 2 
3570 2 
5924 2 
8683 2 
8773 2 
4688 2 
274 2 
8184 2 
4570 2 
1793 2 
800 2 
1762 2 
7318 2 
8795 2 
5076 2 
8248 2 
3667 2 
7759 2 
2055 2 
8501 2 
5178 2 
1811 2 
5078 2 
5128 2 
7354 2 
5993 2 
3113 2 
3299 2 
2125 2 
7154 2 
3427 2 
2081 2 
2454 2 
2143 2 
2141 2 
4394 2 
4126 2 
6023 2 
932 2 
7128 2 
5654 2 
9424 2 
4228 2 
1147 2 
4138 2 
4256 2 
1880 2 
6623 2 
2118 2 
5137 2 
2514 2 
8967 2 
2665 2 
170 2 
7038 2 
5023 2 
4157 2 
9080 2 
1567 2 
812 2 
5855 2 
1070 2 
6711 2 
7956 2 
1042 2 
8888 2 
1703 2 
6528 2 
7091 2 
2189 2 
3255 2 
2578 2 
2340 2 
1536 2 
6583 2 
3593 2 
2429 2 
4998 2 
7778 2 
5224 2 
6576 2 
1943 2 
4164 2 
995 2 
5186 2 
4423 2 
8680 2 
326 2 
2516 2 
7455 2 
1347 2 
2076 2 
7422 2 
6258 2 
6370 2 
6703 2 
1073 2 
6123 2 
6613 2 
6124 2 
7095 2 
1548 2 
4639 2 
4558 2 
5642 2 
4254 2 
1981 2 
8468 2 
5194 2 
3676 2 
2413 2 
2267 2 
8863 2 
6776 2 
7995 2 
534 2 
7090 2 
325 2 
1050 2 
6781 2 
5891 2 
3305 2 
7092 2 
7809 2 
271 2 
2706 2 
5812 2 
1920 2 
4895 2 
2216 2 
77 2 
6629 2 
7147 2 
9202 2 
6780 2 
6304 2 
8245 2 
9192 2 
6612 2 
5753 2 
8724 2 
1835 2 
3542 2 
5719 2 
7771 2 
819 2 
4655 2 
172 2 
7903 2 
8720 2 
3260 2 
7158 2 
911 2 
8008 2 
3568 2 
464 2 
4297 2 
2088 2 
7093 2 
1603 2 
2105 2 
3035 2 
4720 2 
5579 2 
2729 2 
3127 2 
8870 2 
8000 2 
8569 2 
3599 2 
7094 2 
627 2 
8495 2 
3679 2 
6894 2 
7606 2 
4188 2 
401 2 
6462 2 
7277 2 
8090 2 
8882 2 
7332 2 
2170 2 
5413 2 
8405 2 
5857 2 
2692 2 
618 2 
5274 2 
1869 2 
1021 2 
663 2 
1841 2 
2039 2 
691 2 
3687 2 
7380 2 
8437 2 
3289 2 
399 2 
2033 2 
4817 2 
8547 2 
2224 2 
5820 2 
4357 2 
1770 2 
2477 2 
3096 2 
3398 2 
3024 2 
4673 2 
4696 2 
9069 2 
985 2 
3182 2 
7442 2 
3310 2 
6652 2 
5136 2 
1489 2 
4452 2 
6722 2 
7184 2 
8497 2 
5236 2 
3632 2 
8262 2 
1897 2 
1947 2 
5008 2 
8225 2 
1648 2 
7120 2 
3518 2 
257 2 
6721 2 
3285 2 
1508 2 
1856 2 
2493 2 
7798 2 
3721 2 
7160 2 
5613 2 
1684 2 
669 2 
3863 2 
6720 2 
5792 2 
8079 2 
6382 2 
912 2 
1057 2 
4179 2 
5837 2 
3218 2 
3948 2 
6153 2 
3290 2 
7245 2 
3622 2 
8819 2 
8711 2 
5201 2 
5641 2 
2638 2 
5505 2 
307 2 
2668 2 
8582 2 
6151 2 
3251 2 
6899 2 
7687 2 
5219 2 
6048 2 
3920 2 
1160 2 
6719 2 
8337 2 
2089 2 
1851 2 
4407 2 
336 2 
6020 2 
5050 2 
3282 2 
4506 2 
190 2 
8851 2 
7198 2 
3371 2 
1692 2 
4264 2 
4703 2 
1550 2 
2664 2 
1245 2 
3125 2 
6578 2 
5348 2 
2027 2 
1432 2 
5279 2 
9432 2 
633 2 
9189 2 
3692 2 
1612 2 
3842 2 
3915 2 
4794 2 
1837 2 
4195 2 
9188 2 
3348 2 
7011 2 
7818 2 
778 2 
2086 2 
8132 2 
7638 2 
8015 2 
666 2 
8016 2 
85 2 
980 2 
2227 2 
1261 2 
1064 2 
4905 2 
1515 2 
3787 2 
2094 2 
7292 2 
8354 2 
2275 2 
1975 2 
3582 2 
845 2 
6033 2 
1128 2 
1253 2 
7800 2 
1240 2 
5847 2 
5157 2 
8333 2 
2317 2 
2098 2 
3657 2 
1254 2 
815 2 
26 2 
6973 2 
3558 2 
6748 2 
7286 2 
337 2 
7065 2 
1244 2 
1241 2 
5988 2 
896 2 
3268 2 
3180 2 
8689 2 
4 2 
5322 2 
4920 2 
6760 2 
8218 2 
6944 2 
4455 2 
1238 2 
9502 2 
4029 2 
4298 2 
2676 2 
7823 2 
3504 2 
6715 2 
1265 2 
967 2 
4763 2 
8737 2 
9151 2 
6180 2 
3248 2 
8687 2 
831 2 
2223 2 
1691 2 
9140 2 
2342 2 
5347 2 
7609 2 
1733 2 
2386 2 
1809 2 
8946 2 
727 2 
527 2 
8322 2 
5671 2 
1163 2 
5170 2 
2764 2 
3623 2 
409 2 
7360 2 
2615 2 
8727 2 
9052 2 
4661 2 
949 2 
2213 2 
1676 2 
5508 2 
7546 2 
3683 2 
848 2 
8631 2 
6115 2 
8565 2 
2997 2 
2310 2 
3646 2 
3025 2 
5734 2 
1895 2 
6956 2 
3364 2 
9511 2 
4663 2 
3091 2 
1458 2 
4850 2 
419 2 
7723 2 
1178 2 
50 2 
4408 2 
4589 2 
9051 2 
8139 2 
4977 2 
9143 2 
4633 2 
7302 2 
9156 2 
2998 2 
5250 2 
5519 2 
924 2 
9111 2 
550 2 
39 2 
1870 2 
5851 2 
9115 2 
7585 2 
6525 2 
5515 2 
4884 2 
3638 2 
3146 2 
9136 2 
2744 2 
2876 2 
9127 2 
6103 2 
1532 2 
2504 2 
768 2 
6820 2 
1081 2 
3530 2 
3390 2 
9098 2 
9124 2 
8174 2 
8730 2 
9146 2 
7066 2 
4005 2 
8831 2 
2525 2 
3455 2 
8606 2 
3104 2 
8518 2 
2834 3 
4585 3 
443 3 
8633 3 
1246 3 
3616 3 
9147 3 
1921 3 
6047 3 
2030 3 
6443 3 
9144 3 
9130 3 
1506 3 
5730 3 
5294 3 
2851 3 
2819 3 
4349 3 
1237 3 
5445 3 
9134 3 
9109 3 
9129 3 
3786 3 
389 3 
5097 3 
2174 3 
2831 3 
514 3 
4595 3 
2533 3 
9450 3 
8366 3 
4318 3 
3414 3 
7438 3 
253 3 
6088 3 
4236 3 
5367 3 
4994 3 
1127 3 
1236 3 
9137 3 
9482 3 
4584 3 
2980 3 
1607 3 
3662 3 
3016 3 
9177 3 
4583 3 
6878 3 
7925 3 
2695 3 
3209 3 
2959 3 
8673 3 
472 3 
3382 3 
7200 3 
2355 3 
5576 3 
4496 3 
6003 3 
540 3 
2465 3 
7430 3 
7097 3 
9521 3 
1010 3 
7910 3 
4908 3 
5655 3 
1249 3 
3547 3 
433 3 
7579 3 
9445 3 
3149 3 
1660 3 
8424 3 
5067 3 
6365 3 
1658 3 
4636 3 
5229 3 
8685 3 
6072 3 
3519 3 
6018 3 
1266 3 
3043 3 
346 3 
2667 3 
3389 3 
1704 3 
2292 3 
8921 3 
3103 3 
6552 3 
5951 3 
7157 3 
5234 3 
656 3 
7396 3 
2499 3 
3226 3 
5195 3 
7790 3 
2009 3 
9233 3 
4554 3 
2269 3 
67 3 
3480 3 
6050 3 
3720 3 
5237 3 
1990 3 
3048 3 
1451 3 
1556 3 
590 3 
3286 3 
6379 3 
7096 3 
3956 3 
5151 3 
9421 3 
2442 3 
9512 3 
7748 3 
1264 3 
4033 3 
7577 3 
1032 3 
5908 3 
8096 3 
9489 3 
3943 3 
1577 3 
2467 3 
2589 3 
6158 3 
1153 3 
2339 3 
384 3 
9488 3 
2778 3 
2167 3 
7707 3 
1901 3 
7418 3 
3031 3 
1974 3 
5398 3 
6553 3 
2173 3 
5400 3 
1909 3 
1778 3 
486 3 
9415 3 
4474 3 
5401 3 
4242 3 
6644 3 
1547 3 
3467 3 
7536 3 
7564 3 
685 3 
3210 3 
1054 3 
4836 3 
153 3 
9477 3 
6757 3 
9496 3 
857 3 
1888 3 
3579 3 
9476 3 
6960 3 
9033 3 
9474 3 
8099 3 
4622 3 
5810 3 
1889 3 
1449 3 
9498 3 
1222 3 
3522 3 
2758 3 
6651 3 
9478 3 
234 3 
9494 3 
9497 3 
7272 3 
9507 3 
9417 3 
9500 3 
4392 3 
745 3 
9418 3 
7533 3 
9480 3 
4101 3 
9492 3 
3746 3 
6444 3 
9416 3 
1258 3 
368 3 
9487 3 
3181 3 
2940 3 
3217 3 
4631 3 
4470 3 
8894 3 
4783 3 
1229 3 
7517 3 
3267 3 
9491 3 
5337 3 
4446 3 
8183 3 
2784 3 
1150 3 
9493 3 
9004 3 
9490 3 
1637 3 
9486 3 
5557 3 
4700 3 
3944 3 
9499 3 
1988 3 
5647 3 
9484 3 
2129 3 
1511 3 
3722 3 
3254 3 
3425 3 
9495 3 
9481 3 
594 3 
8605 3 
9483 3 
9479 3 
1230 3 
4075 3 
5439 3 
3069 3 
569 3 
322 3 
7056 3 
1640 3 
8339 3 
8705 3 
9523 3 
8932 3 
1242 3 
9485 3 
9214 3 
8866 3 
3729 3 
1884 3 
9030 3 
8230 3 
2740 3 
4824 3 
4204 3 
744 3 
2183 3 
69 3 
9278 3 
3749 3 
145 3 
7916 3 
3966 3 
7843 3 
8838 3 
8997 3 
1720 3 
6640 3 
9224 3 
7305 3 
5030 3 
3300 3 
508 3 
3193 3 
2485 3 
9443 3 
3261 3 
1890 3 
2580 3 
1744 3 
2372 3 
8433 3 
4121 3 
1599 3 
316 3 
9475 3 
4327 3 
4073 3 
1885 3 
1516 3 
3764 3 
1862 3 
8854 3 
5697 3 
3987 3 
2936 3 
4162 3 
3804 3 
5933 3 
789 3 
6544 3 
5238 3 
6162 3 
769 3 
2084 3 
16 3 
3972 3 
1165 3 
8338 3 
2588 3 
6097 3 
7429 3 
9013 3 
5373 3 
1838 3 
4030 3 
1802 3 
5210 3 
5516 3 
5575 3 
1912 3 
1576 3 
4313 3 
3602 3 
3968 3 
3955 3 
1235 3 
6323 3 
6945 3 
4989 3 
4814 3 
7290 3 
3925 3 
2511 3 
3991 3 
65 3 
4015 3 
6516 3 
6351 3 
8842 3 
3954 3 
1 3 
2383 3 
6587 3 
5751 3 
1348 3 
6274 3 
5188 3 
2301 3 
3773 3 
6001 3 
664 3 
3957 3 
8005 3 
5443 3 
8447 3 
5672 3 
6154 3 
2387 3 
8548 3 
2815 3 
3985 3 
5593 3 
1209 3 
6243 3 
3958 3 
9422 3 
8443 3 
8434 3 
1986 3 
8449 3 
1632 3 
1256 3 
7050 3 
3967 3 
2324 3 
4542 3 
8441 3 
6172 3 
7791 3 
3224 3 
5972 3 
5681 3 
4851 3 
2823 3 
8652 3 
7114 3 
3669 3 
5189 3 
977 3 
1095 3 
5281 3 
5947 3 
4511 3 
8451 3 
3129 3 
4183 3 
2964 3 
5118 3 
7063 3 
8444 3 
1475 3 
1438 3 
751 3 
8446 3 
7333 3 
3983 3 
2974 3 
8020 3 
7724 3 
4113 3 
8963 3 
358 3 
8450 3 
7047 3 
8263 3 
2154 3 
2362 3 
2124 3 
8448 3 
1665 3 
2112 3 
8922 3 
414 3 
4100 3 
3767 3 
4724 3 
4191 3 
1736 3 
7769 3 
5498 3 
1953 3 
2404 3 
8442 3 
2613 3 
8445 3 
3039 3 
5535 3 
7949 3 
2614 3 
839 3 
6196 3 
6150 3 
4807 3 
4902 3 
5415 3 
3017 3 
2241 3 
5484 3 
3976 3 
6409 3 
7163 3 
6197 3 
4577 3 
8224 3 
2221 3 
8404 3 
5291 3 
7270 3 
1940 3 
632 3 
7156 3 
8359 3 
6322 3 
1860 3 
6395 3 
4765 3 
1784 3 
680 3 
8408 3 
4849 3 
5185 3 
8515 3 
6404 3 
4197 3 
7367 3 
3821 3 
266 3 
7909 3 
3961 3 
6021 3 
6573 3 
9225 3 
2409 3 
4899 3 
3823 3 
1739 3 
9504 3 
8138 3 
1507 3 
3085 3 
5296 3 
4608 3 
5705 3 
2750 3 
8410 3 
7152 3 
4996 3 
8986 3 
9414 3 
1588 3 
8249 3 
262 3 
3694 3 
5095 3 
6810 3 
6070 3 
3503 3 
7226 3 
4199 3 
3190 3 
4752 3 
1003 3 
8602 3 
934 3 
4635 3 
8809 3 
6216 3 
3266 3 
6173 3 
5663 3 
852 3 
7331 3 
6423 3 
813 3 
1476 3 
3982 3 
1864 3 
7346 3 
6148 3 
5319 3 
6175 3 
1970 3 
3759 3 
1228 3 
4869 3 
2397 3 
5232 3 
3141 3 
1118 3 
2327 3 
878 3 
7334 3 
20 3 
2181 3 
3724 3 
3256 3 
3361 3 
367 3 
6489 3 
7230 3 
2090 3 
917 3 
648 3 
4916 3 
6376 3 
3723 3 
7780 3 
6227 3 
3324 3 
9166 3 
898 3 
3401 3 
343 3 
775 3 
2435 3 
2609 3 
872 3 
2005 3 
162 3 
5896 3 
3269 3 
3791 3 
7202 3 
353 3 
1231 3 
3388 3 
6110 3 
3375 3 
2672 3 
2229 3 
1182 3 
7603 3 
1625 3 
108 3 
1221 3 
2732 3 
4058 3 
9413 3 
1659 3 
3419 3 
5745 3 
4040 3 
7747 3 
5239 3 
6190 3 
4207 3 
9239 3 
5135 3 
3196 3 
1933 3 
2754 3 
3499 3 
7795 3 
239 3 
5633 3 
5110 3 
89 3 
5507 3 
2630 3 
9509 3 
5887 3 
9099 3 
4444 3 
7195 3 
7731 3 
2996 3 
6312 3 
6078 3 
4568 3 
2205 3 
7992 3 
833 3 
2219 3 
3045 3 
8583 3 
2258 3 
1683 3 
7881 3 
7993 3 
1866 3 
7141 3 
7031 3 
7077 3 
5253 3 
873 3 
7251 3 
6545 3 
2401 3 
2119 3 
1987 3 
1133 3 
6797 3 
302 3 
4148 3 
2749 3 
6111 3 
6236 3 
8948 3 
4893 3 
5917 3 
3649 3 
4551 3 
968 3 
4084 3 
1663 3 
5806 3 
8221 3 
6662 3 
9117 3 
5442 3 
5980 3 
5013 3 
7657 3 
192 3 
7544 3 
3933 3 
5270 3 
783 3 
4319 3 
2026 3 
4657 3 
4225 3 
2855 3 
9042 3 
5285 3 
3137 3 
2328 3 
1007 3 
3737 3 
4697 3 
6819 3 
7155 3 
171 3 
863 3 
5330 3 
2443 3 
3167 3 
6280 3 
2325 3 
2432 3 
70 3 
1560 3 
8047 3 
4997 3 
5667 3 
5940 3 
6195 3 
5246 3 
9420 3 
2120 3 
7149 3 
5334 3 
2333 3 
7428 3 
6895 3 
3650 3 
7196 3 
9238 3 
4150 3 
1189 3 
5596 3 
4412 3 
4166 3 
7537 3 
8852 3 
7215 3 
7466 3 
3590 3 
1248 3 
1140 3 
5302 3 
8784 3 
5091 3 
3448 3 
5930 3 
6194 3 
1177 3 
9114 3 
722 3 
2051 3 
7781 3 
5701 3 
1643 3 
8255 3 
3440 3 
310 3 
4059 3 
740 3 
3607 3 
8884 3 
3469 3 
317 3 
6272 3 
5984 3 
3452 3 
5284 3 
1216 3 
6964 3 
2830 3 
323 3 
6435 3 
3979 3 
2780 3 
29 3 
6179 3 
6818 3 
6428 3 
4610 3 
1384 3 
5046 3 
1766 3 
356 3 
5728 3 
2162 3 
8830 3 
4522 3 
8772 3 
7787 3 
6352 3 
3751 3 
4345 3 
5320 3 
6770 3 
2929 3 
6338 3 
2761 3 
6536 3 
4714 3 
6008 3 
22 3 
7954 3 
4140 3 
1583 3 
5092 3 
2783 3 
8319 3 
5305 3 
962 3 
892 3 
5010 3 
3003 3 
6426 3 
5955 3 
7461 3 
3576 3 
5299 3 
3482 3 
4427 3 
9119 3 
4290 3 
6485 3 
4320 3 
4766 3 
6932 3 
7359 3 
1934 3 
7027 3 
6118 3 
5669 3 
4699 3 
1477 3 
1167 3 
1579 3 
4750 3 
7315 3 
2160 3 
6408 3 
7543 3 
3198 3 
144 3 
551 3 
1858 3 
3241 3 
7401 3 
749 3 
4598 3 
5059 3 
7413 3 
1104 3 
8761 3 
8122 3 
7112 3 
1252 3 
362 3 
2833 3 
6534 3 
3005 3 
294 3 
3259 3 
2290 3 
1243 3 
7567 3 
6579 3 
4754 3 
2474 3 
3776 3 
7105 3 
3689 3 
2908 3 
4666 3 
2953 3 
1251 3 
194 3 
3273 3 
2639 3 
1263 3 
407 3 
9106 3 
1919 3 
6704 3 
5424 3 
6490 3 
6638 3 
9086 3 
1941 3 
3076 3 
3233 3 
4742 3 
5842 3 
4672 3 
4211 3 
2773 3 
9103 3 
1769 3 
5996 3 
8208 3 
5283 3 
7240 3 
1255 3 
6174 3 
5767 3 
6458 3 
6817 3 
1756 3 
3159 3 
5643 3 
4606 3 
1117 3 
1227 3 
2186 3 
7833 3 
2627 3 
6969 3 
4190 3 
6822 3 
4344 3 
3020 3 
4011 3 
7535 3 
2006 3 
9110 3 
1436 3 
3121 3 
2644 3 
5949 3 
542 3 
7936 3 
8828 3 
1874 3 
6028 3 
709 3 
4063 3 
4538 3 
3447 3 
4731 3 
2279 3 
6362 3 
6806 3 
4812 3 
3473 3 
297 3 
2068 3 
4621 3 
73 3 
8140 3 
502 3 
886 3 
2712 3 
1406 3 
9125 3 
3905 3 
588 3 
421 3 
5340 3 
1969 3 
5531 3 
1260 3 
6745 3 
585 3 
7081 3 
95 3 
1262 3 
1080 3 
1553 3 
3604 3 
723 3 
2755 3 
650 3 
314 3 
3166 3 
1257 3 
4517 3 
7410 3 
8368 3 
2678 3 
2000 3 
6044 3 
6527 3 
8608 3 
7153 3 
5975 3 
4649 3 
8876 3 
7524 3 
695 3 
4018 3 
7004 3 
5688 3 
8628 3 
8182 3 
2024 3 
1211 3 
4333 3 
8980 3 
1973 3 
5235 3 
3036 3 
7803 3 
6724 3 
7714 3 
8804 3 
2825 3 
6465 3 
3798 3 
3083 3 
2408 3 
5060 3 
7465 3 
5549 3 
6513 3 
1173 3 
1772 3 
2508 3 
2558 3 
4329 3 
8901 3 
2727 3 
305 3 
853 3 
1172 3 
7451 3 
174 3 
997 3 
7374 3 
6215 3 
4196 3 
5275 3 
1247 3 
8601 3 
3493 3 
8119 3 
3965 3 
5521 3 
3130 3 
4002 3 
7509 3 
7870 3 
4751 3 
3426 3 
5108 3 
2254 3 
5335 3 
3032 3 
7508 3 
682 3 
3177 3 
2239 3 
2306 3 
3986 3 
1239 3 
6099 3 
8118 3 
8205 3 
1629 3 
2020 3 
2243 3 
4478 3 
2434 3 
3796 3 
7241 3 
3960 3 
8426 3 
5214 3 
5765 3 
724 3 
6104 3 
1689 3 
705 3 
4859 3 
7532 3 
4597 3 
5287 3 
2818 3 
4323 3 
1999 3 
7143 3 
7765 3 
3422 3 
2289 3 
6178 3 
2960 3 
6756 3 
4065 3 
4004 3 
726 3 
9131 3 
6364 3 
6012 3 
9105 3 
6145 3 
6782 3 
4792 3 
1223 3 
9142 3 
98 3 
1001 3 
7110 3 
8425 3 
3244 3 
3471 3 
957 3 
6904 3 
8637 3 
9154 3 
5939 3 
2363 3 
1924 3 
3882 3 
6121 3 
2788 3 
180 3 
1110 3 
6361 3 
164 3 
4739 3 
2265 3 
2658 3 
638 3 
7130 3 
1642 3 
4712 3 
5141 3 
2935 3 
4182 3 
1212 3 
2575 3 
7529 3 
6373 3 
2966 3 
4013 3 
2491 3 
5577 3 
1370 3 
5245 3 
4503 3 
4753 3 
2232 3 
3429 3 
1611 3 
6628 3 
3 3 
1250 3 
2576 3 
3230 3 
437 3 
8196 3 
6080 3 
3639 3 
2890 3 
797 3 
5624 3 
7729 3 
5703 3 
1234 3 
8544 3 
970 3 
6483 3 
7391 3 
6223 3 
584 3 
6093 3 
6893 3 
3027 3 
3466 3 
6342 3 
864 3 
6037 3 
2025 3 
5948 3 
6591 3 
3430 3 
1481 3 
6424 3 
4484 3 
4722 3 
9435 3 
2318 3 
5937 3 
5578 3 
9520 3 
3435 3 
6383 3 
4260 3 
1474 3 
699 3 
8009 3 
1980 3 
339 3 
1845 3 
9275 3 
2247 3 
6002 3 
1638 3 
6611 3 
1220 3 
4539 3 
1259 3 
8517 3 
2139 3 
1232 3 
3790 3 
8353 3 
8198 3 
3157 3 
3365 3 
919 3 
5756 3 
6202 3 
5695 3 
988 3 
5037 3 
2779 3 
4339 3 
737 3 
5179 3 
8625 3 
7810 3 
6616 3 
8926 3 
5082 3 
452 3 
828 3 
729 3 
9503 3 
1005 3 
6318 3 
490 3 
3052 3 
7510 3 
1875 3 
8320 3 
5107 3 
3550 3 
3344 3 
2064 3 
3608 3 
881 3 
5222 3 
1224 3 
801 3 
7213 3 
2187 3 
5590 3 
3240 3 
5103 3 
822 3 
5483 3 
7223 3 
2402 3 
3989 3 
6755 3 
2010 3 
2746 3 
1790 3 
796 3 
1979 3 
4560 3 
9135 3 
461 3 
8300 3 
2336 3 
1058 3 
5333 3 
3019 3 
2448 3 
2335 3 
6950 3 
1215 3 
1355 3 
1840 3 
641 3 
80 3 
4203 3 
832 3 
2023 3 
7472 3 
5267 3 
7628 3 
5035 3 
1496 3 
1867 3 
829 3 
1161 3 
8844 3 
56 3 
9455 3 
1065 3 
2313 3 
915 3 
7994 3 
3188 3 
5441 3 
3330 3 
8955 3 
5223 3 
8415 3 
4960 3 
982 3 
3931 3 
8998 3 
808 3 
1218 3 
3918 3 
1589 3 
2380 3 
4845 3 
8268 3 
4194 3 
2889 3 
549 3 
1214 3 
1233 3 
1797 3 
2345 3 
945 3 
6524 3 
4317 3 
2684 3 
3487 3 
2724 3 
4475 3 
4527 3 
3939 3 
7646 3 
6840 3 
9201 3 
3486 3 
1928 3 
4156 3 
5034 3 
5541 3 
5614 3 
4716 3 
3000 3 
6494 3 
5748 3 
1998 3 
6303 3 
2217 3 
3006 3 
3862 3 
1558 3 
6675 3 
1725 3 
3044 3 
2361 3 
2969 3 
1995 3 
3609 3 
4062 3 
9113 3 
1503 3 
5876 3 
3385 3 
2496 3 
6358 3 
4097 3 
3275 3 
2853 3 
1700 3 
9107 3 
4420 3 
3675 3 
4294 3 
3163 3 
4689 3 
5410 3 
5000 3 
7322 3 
6701 3 
1619 3 
1208 3 
7582 3 
5266 3 
734 3 
5402 3 
5324 3 
8580 3 
4187 3 
6921 3 
1030 3 
6751 3 
3561 3 
1594 3 
3358 3 
6058 3 
7583 3 
3191 3 
4548 3 
3699 3 
639 3 
9097 3 
3874 3 
8975 3 
52 3 
4036 3 
2445 3 
704 3 
9402 3 
236 3 
9112 3 
3573 3 
2981 3 
7412 3 
6549 3 
8234 3 
8764 3 
1878 3 
3559 3 
6411 3 
143 3 
5304 3 
3205 3 
6459 3 
4136 3 
4500 3 
467 3 
6880 3 
4935 3 
546 3 
2013 3 
1122 3 
5264 3 
6344 3 
7569 3 
5168 3 
6039 3 
1993 3 
372 3 
7846 3 
1225 3 
1938 3 
871 3 
6453 3 
3160 3 
1886 3 
4508 3 
1939 3 
5872 3 
3917 3 
1571 3 
2626 3 
5404 3 
4706 3 
3847 3 
2087 3 
6106 3 
3624 3 
1942 3 
5454 3 
1868 3 
3227 3 
5155 3 
1773 3 
230 3 
5460 3 
3947 3 
5740 3 
2662 3 
3896 3 
185 3 
417 3 
1500 3 
652 3 
5261 3 
5459 3 
5461 3 
5462 3 
9407 3 
5399 3 
5464 3 
5262 3 
803 3 
2930 3 
5466 3 
720 3 
4942 3 
5791 3 
5465 3 
972 3 
5463 3 
6125 3 
3988 3 
5457 3 
5456 3 
300 3 
5995 3 
5455 3 
5307 3 
6952 3 
7676 3 
3288 3 
7045 3 
6278 3 
1644 3 
423 3 
7797 3 
9395 3 
3959 3 
1213 3 
5452 3 
3895 3 
4582 3 
9401 3 
5458 3 
1448 3 
5570 3 
9398 3 
2147 3 
7738 3 
3139 3 
5453 3 
5096 3 
6641 3 
3848 3 
9404 3 
1913 3 
132 3 
8814 3 
3990 3 
9393 3 
5928 3 
6663 3 
4963 3 
5038 3 
5292 3 
371 3 
4035 3 
9396 3 
2190 3 
9399 3 
964 3 
9510 3 
2944 3 
6463 3 
8957 3 
243 3 
5979 3 
925 3 
8120 3 
7140 3 
1627 3 
1646 3 
6907 3 
2983 3 
4855 3 
9405 3 
836 3 
6795 3 
8327 3 
1437 3 
9403 3 
1210 3 
5871 3 
2903 3 
1695 3 
5138 3 
3878 3 
100 3 
9408 3 
167 3 
2597 3 
5628 3 
9394 3 
5329 3 
1035 3 
7688 3 
1803 3 
4526 3 
5055 3 
258 3 
9397 3 
3906 3 
4243 3 
7595 3 
53 3 
454 3 
2371 3 
9400 3 
484 3 
4105 3 
9406 3 
4108 3 
814 3 
2943 3 
4565 3 
296 3 
2942 3 
4555 3 
7078 3 
3049 3 
4431 3 
327 3 
5558 3 
7531 3 
903 3 
2015 3 
8796 3 
7227 3 
5392 3 
117 3 
3331 3 
3368 3 
1561 3 
3949 3 
493 3 
2194 3 
2793 3 
8137 3 
1219 3 
7667 3 
5522 3 
3320 3 
983 3 
2952 3 
1616 3 
2824 3 
6961 3 
4224 3 
8464 3 
1152 3 
1226 3 
139 3 
1951 3 
2519 3 
867 3 
2037 3 
4027 3 
8532 3 
7480 3 
2905 3 
1009 3 
1460 3 
1217 3 
3951 3 
8822 3 
7204 3 
1679 3 
5797 3 
1595 3 
6537 3 
2461 3 
6738 3 
2612 3 
228 3 
4390 3 
3377 3 
1675 3 
600 3 
5180 3 
2136 3 
6096 3 
33 3 
3879 3 
8457 3 
5321 3 
5159 3 
3642 3 
2370 3 
936 3 
3077 3 
894 3 
7057 3 
1710 3 
249 3 
9101 3 
3645 3 
4472 3 
884 3 
2608 3 
7185 3 
4581 3 
4096 3 
568 3 
5297 3 
8190 3 
3023 3 
4201 3 
3856 3 
2984 3 
8801 3 
5405 3 
3525 3 
3565 3 
3618 3 
8077 3 
340 3 
1407 3 
2843 3 
940 3 
4388 3 
2255 3 
655 3 
2437 3 
5702 3 
2524 3 
4080 3 
5665 3 
4214 3 
4463 3 
2748 3 
5518 3 
700 3 
3778 3 
677 3 
5897 3 
5595 3 
5538 3 
2347 3 
4927 3 
4974 3 
7172 3 
1468 3 
6581 3 
487 3 
3071 3 
1883 3 
6136 3 
3495 3 
6077 3 
1047 3 
7580 3 
858 3 
3672 3 
3718 3 
5121 3 
4347 3 
7955 3 
2955 3 
2790 3 
3606 3 
2961 3 
119 3 
3513 3 
5990 3 
5526 3 
5396 3 
8910 3 
9083 3 
4966 3 
2184 3 
2683 3 
3116 3 
2866 3 
6138 3 
5511 3 
1750 3 
2226 3 
3108 3 
6500 3 
3416 3 
386 3 
6866 3 
2768 3 
5331 3 
6762 3 
5514 3 
601 3 
4048 3 
552 3 
2185 3 
3930 3 
7927 3 
1861 3 
6892 3 
280 3 
7325 3 
47 3 
2648 3 
136 3 
8835 3 
7043 3 
6653 3 
3705 3 
7527 3 
6057 3 
1151 3 
7542 3 
318 3 
3491 3 
5140 3 
1989 3 
986 3 
1480 3 
1207 3 
1517 3 
2674 3 
1124 3 
5880 3 
978 3 
3355 3 
288 3 
4642 3 
3516 3 
2032 3 
2444 3 
6053 3 
3084 3 
2235 3 
3975 3 
4562 3 
2188 3 
3877 3 
6108 3 
3394 3 
99 3 
4299 3 
7082 3 
436 3 
4023 3 
4625 3 
3942 3 
1435 3 
7059 3 
861 3 
2366 3 
7745 3 
3977 3 
410 3 
3999 3 
1722 3 
961 3 
4401 3 
4819 3 
5240 3 
319 3 
960 3 
6055 3 
7297 3 
3765 3 
5598 3 
4003 3 
349 3 
348 3 
366 3 
939 3 
5911 3 
6299 3 
7897 3 
485 3 
1617 3 
2193 3 
5860 3 
5362 3 
3354 3 
3946 3 
7326 3 
916 3 
10 3 
3111 3 
1457 3 
4024 3 
8777 3 
4022 3 
7705 3 
4210 3 
6371 3 
333 3 
448 3 
196 3 
2625 3 
137 3 
7108 3 
806 3 
715 3 
2829 3 
9428 3 
3186 3 
2847 3 
7819 3 
3346 3 
2492 3 
5737 3 
3249 3 
278 3 
914 3 
2427 3 
7357 3 
4026 3 
918 3 
3189 4 
7298 4 
3395 4 
3270 4 
1753 4 
8436 4 
3921 4 
654 4 
1562 4 
4797 4 
2738 4 
3090 4 
6645 4 
4061 4 
4094 4 
5874 4 
5351 4 
920 4 
2040 4 
4437 4 
6000 4 
3978 4 
1876 4 
2410 4 
5271 4 
23 4 
3420 4 
3551 4 
7170 4 
799 4 
4170 4 
3744 4 
1479 4 
6808 4 
163 4 
2262 4 
1661 4 
1188 4 
6955 4 
790 4 
660 4 
2550 4 
595 4 
5344 4 
4046 4 
4624 4 
4498 4 
5394 4 
13 4 
3302 4 
5325 4 
4184 4 
7868 4 
5109 4 
3643 4 
8640 4 
4612 4 
5323 4 
2209 4 
990 4 
4497 4 
6098 4 
4520 4 
1102 4 
1025 4 
2130 4 
5071 4 
657 4 
1796 4 
6828 4 
6041 4 
7991 4 
7048 4 
177 4 
752 4 
3407 4 
1985 4 
2214 4 
1093 4 
1492 4 
2813 4 
2945 4 
2634 4 
615 4 
993 4 
591 4 
8621 4 
135 4 
1200 4 
5414 4 
2100 4 
1552 4 
2781 4 
6333 4 
865 4 
7963 4 
5409 4 
7052 4 
5721 4 
8642 4 
5018 4 
6708 4 
895 4 
4723 4 
432 4 
2242 4 
1914 4 
1777 4 
5489 4 
614 4 
5145 4 
2957 4 
5090 4 
5720 4 
2001 4 
5134 4 
3021 4 
3664 4 
1702 4 
6065 4 
8757 4 
1205 4 
359 4 
718 4 
2031 4 
264 4 
5028 4 
1592 4 
6157 4 
4499 4 
1728 4 
3065 4 
3780 4 
2152 4 
2379 4 
6891 4 
6119 4 
6499 4 
5187 4 
3928 4 
88 4 
8638 4 
2110 4 
6294 4 
6213 4 
17 4 
4181 4 
1615 4 
1954 4 
3488 4 
195 4 
8539 4 
3553 4 
3082 4 
4176 4 
2498 4 
2484 4 
1742 4 
5017 4 
329 4 
3011 4 
369 4 
3439 4 
4773 4 
2881 4 
8792 4 
5968 4 
4992 4 
2989 4 
5506 4 
5850 4 
4321 4 
3841 4 
260 4 
5077 4 
842 4 
3605 4 
267 4 
8505 4 
6394 4 
3483 4 
3292 4 
3770 4 
953 4 
1029 4 
854 4 
4089 4 
4504 4 
3937 4 
2891 4 
6209 4 
21 4 
1930 4 
3034 4 
4019 4 
554 4 
3106 4 
8189 4 
908 4 
1106 4 
364 4 
7779 4 
6452 4 
559 4 
1622 4 
710 4 
7285 4 
3396 4 
500 4 
6792 4 
7029 4 
4399 4 
1844 4 
1116 4 
4674 4 
1114 4 
3953 4 
1074 4 
5182 4 
128 4 
1805 4 
7754 4 
3771 4 
2601 4 
3797 4 
2358 4 
2034 4 
1411 4 
1737 4 
2500 4 
1724 4 
72 4 
544 4 
4131 4 
4074 4 
1899 4 
2948 4 
935 4 
6441 4 
2751 4 
309 4 
750 4 
2212 4 
5994 4 
8770 4 
2693 4 
2156 4 
2577 4 
4725 4 
2002 4 
2933 4 
8026 4 
4071 4 
4638 4 
4050 4 
7165 4 
3046 4 
469 4 
846 4 
9104 4 
5977 4 
6254 4 
869 4 
2677 4 
5169 4 
637 4 
6588 4 
3992 4 
2145 4 
6970 4 
1800 4 
8766 4 
129 4 
966 4 
4010 4 
1719 4 
1015 4 
283 4 
5825 4 
301 4 
1488 4 
2050 4 
104 4 
3574 4 
7253 4 
2950 4 
2176 4 
5945 4 
3824 4 
3997 4 
2924 4 
3974 4 
3415 4 
6418 4 
640 4 
509 4 
238 4 
3030 4 
786 4 
721 4 
4784 4 
351 4 
826 4 
4545 4 
2270 4 
525 4 
4683 4 
850 4 
6491 4 
222 4 
2102 4 
4821 4 
4901 4 
3087 4 
1757 4 
5332 4 
1027 4 
5093 4 
661 4 
1586 4 
3088 4 
3750 4 
4288 4 
8774 4 
124 4 
2172 4 
6187 4 
1713 4 
4922 4 
429 4 
5607 4 
7033 4 
435 4 
1972 4 
2992 4 
1121 4 
909 4 
354 4 
6442 4 
1758 4 
2321 4 
1626 4 
736 4 
1600 4 
999 4 
553 4 
5999 4 
1639 4 
9508 4 
6222 4 
4537 4 
3788 4 
118 4 
4611 4 
1491 4 
4969 4 
5485 4 
4208 4 
4253 4 
4445 4 
6809 4 
1510 4 
8365 4 
5879 4 
7730 4 
8788 4 
2897 4 
774 4 
2741 4 
1144 4 
665 4 
1525 4 
4185 4 
6814 4 
1716 4 
6598 4 
8522 4 
1991 4 
3068 4 
6075 4 
8489 4 
7089 4 
3583 4 
6165 4 
5268 4 
5417 4 
3114 4 
2923 4 
3070 4 
5743 4 
5115 4 
760 4 
1693 4 
1187 4 
1564 4 
298 4 
6372 4 
4972 4 
2579 4 
6589 4 
114 4 
8787 4 
1033 4 
849 4 
1408 4 
420 4 
5198 4 
3839 4 
395 4 
466 4 
1905 4 
4798 4 
4293 4 
4262 4 
3197 4 
1013 4 
6963 4 
6100 4 
1487 4 
4038 4 
3849 4 
676 4 
1036 4 
5962 4 
1664 4 
843 4 
3523 4 
2704 4 
3876 4 
1022 4 
2757 4 
7218 4 
1917 4 
4287 4 
6683 4 
79 4 
2747 4 
7523 4 
7054 4 
7161 4 
5689 4 
4091 4 
456 4 
561 4 
4255 4 
7487 4 
5532 4 
4284 4 
785 4 
4492 4 
5156 4 
1461 4 
7627 4 
5286 4 
5069 4 
4495 4 
5813 4 
5619 4 
1139 4 
4178 4 
5716 4 
6353 4 
6503 4 
6250 4 
2973 4 
1526 4 
130 4 
237 4 
8352 4 
1024 4 
2393 4 
1501 4 
5051 4 
216 4 
377 4 
63 4 
5295 4 
4090 4 
8029 4 
5760 4 
3613 4 
3406 4 
2373 4 
923 4 
4087 4 
5762 4 
696 4 
773 4 
2949 4 
2405 4 
3919 4 
5242 4 
261 4 
8023 4 
3644 4 
6438 4 
781 4 
5904 4 
1712 4 
4120 4 
5617 4 
381 4 
587 4 
4995 4 
5199 4 
1694 4 
1789 4 
7229 4 
4186 4 
3128 4 
4571 4 
3962 4 
1678 4 
3850 4 
1123 4 
991 4 
5986 4 
6546 4 
856 4 
3223 4 
233 4 
1686 4 
3171 4 
1908 4 
2527 4 
4422 4 
1651 4 
1654 4 
2137 4 
4594 4 
581 4 
2976 4 
434 4 
4883 4 
992 4 
5139 4 
7528 4 
2546 4 
8753 4 
3969 4 
622 4 
859 4 
2869 4 
2063 4 
4971 4 
4008 4 
4938 4 
1687 4 
84 4 
3242 4 
4900 4 
6896 4 
1966 4 
7421 4 
5645 4 
6127 4 
2411 4 
4095 4 
4775 4 
5481 4 
1452 4 
1755 4 
1012 4 
9464 4 
2991 4 
3098 4 
762 4 
4892 4 
4726 4 
6867 4 
3164 4 
2182 4 
9467 4 
5070 4 
3861 4 
40 4 
3923 4 
4237 4 
1957 4 
2259 4 
8635 4 
7119 4 
8675 4 
1096 4 
9470 4 
344 4 
2654 4 
9466 4 
3860 4 
731 4 
9465 4 
1593 4 
5985 4 
306 4 
204 4 
4690 4 
9463 4 
5446 4 
9471 4 
5280 4 
74 4 
2990 4 
8125 4 
3124 4 
8304 4 
5072 4 
1199 4 
9468 4 
3775 4 
18 4 
4550 4 
375 4 
1428 4 
937 4 
4711 4 
6060 4 
3603 4 
8615 4 
4802 4 
689 4 
2111 4 
6249 4 
3663 4 
2286 4 
3203 4 
6570 4 
1887 4 
3719 4 
510 4 
4729 4 
7534 4 
2947 4 
388 4 
3199 4 
2583 4 
5569 4 
3478 4 
576 4 
5513 4 
120 4 
1709 4 
2967 4 
3858 4 
1740 4 
273 4 
5316 4 
3512 4 
3424 4 
5196 4 
476 4 
4192 4 
2828 4 
3526 4 
5517 4 
2316 4 
5007 4 
4153 4 
501 4 
1454 4 
5260 4 
805 4 
4006 4 
1824 4 
1923 4 
3924 4 
4025 4 
1624 4 
2726 4 
1741 4 
6049 4 
8679 4 
5814 4 
270 4 
3028 4 
3889 4 
1653 4 
1948 4 
4563 4 
3578 4 
4870 4 
2392 4 
3079 4 
504 4 
1551 4 
1447 4 
1745 4 
2220 4 
735 4 
4093 4 
5976 4 
573 4 
973 4 
387 4 
5301 4 
1533 4 
1028 4 
5788 4 
5586 4 
5124 4 
883 4 
3693 4 
4114 4 
5230 4 
3099 4 
3156 4 
4000 4 
6 4 
396 4 
5966 4 
2946 4 
5637 4 
4055 4 
3165 4 
96 4 
4990 4 
4485 4 
1440 4 
2739 4 
5129 4 
716 4 
2436 4 
3772 4 
4676 4 
4193 4 
3067 4 
224 4 
193 4 
3611 4 
3899 4 
4177 4 
617 4 
1911 4 
4165 4 
2774 4 
6346 4 
380 4 
3792 4 
1822 4 
4174 4 
4601 4 
8800 4 
3742 4 
0 4 
57 4 
2845 4 
66 4 
2222 4 
6192 4 
1727 4 
4180 4 
457 4 
5015 4 
7247 4 
5293 4 
975 4 
3470 4 
1605 4 
5212 4 
7614 4 
1502 4 
1456 4 
8786 4 
1843 4 
2921 4 
1696 4 
183 4 
1881 4 
519 4 
830 4 
5278 4 
4341 4 
6631 4 
5542 4 
4476 4 
1907 4 
1608 4 
3940 4 
1596 4 
537 4 
468 4 
5391 4 
646 4 
8563 4 
7107 4 
3898 4 
3212 4 
3677 4 
8768 4 
1680 4 
4647 4 
86 4 
4130 4 
1478 4 
2972 4 
2480 4 
8971 4 
520 4 
1672 4 
1412 4 
2061 4 
5861 4 
7299 4 
3533 4 
473 4 
1126 4 
5512 4 
8380 4 
5416 4 
1655 4 
444 4 
5318 4 
5540 4 
3050 4 
6206 4 
3446 4 
2856 4 
4979 4 
7100 4 
3891 4 
776 4 
3795 4 
188 4 
342 4 
2686 4 
4572 4 
415 4 
3432 4 
4037 4 
2920 4 
4175 4 
4518 4 
1730 4 
5597 4 
3362 4 
2873 4 
507 4 
6402 4 
3037 4 
719 4 
247 4 
2854 4 
60 4 
8762 4 
1711 4 
8595 4 
3984 4 
4043 4 
3828 4 
956 4 
1573 4 
821 4 
8551 4 
157 4 
5881 4 
8537 4 
4240 4 
5342 4 
2440 4 
2713 4 
5341 4 
1499 4 
879 4 
3548 4 
3231 4 
4530 4 
8486 4 
226 4 
110 4 
8480 4 
304 4 
9197 4 
4826 4 
717 4 
5133 4 
6302 4 
8562 4 
6052 4 
6763 4 
8579 4 
9469 4 
3026 4 
8677 4 
4198 4 
8552 4 
1667 4 
8554 4 
6133 4 
4149 4 
2643 4 
392 4 
8484 4 
2978 4 
4491 4 
3326 4 
8485 4 
3126 4 
2934 4 
2766 4 
2922 4 
3029 4 
5938 4 
9410 4 
686 4 
9272 4 
6183 4 
8598 4 
3055 4 
4975 4 
8277 4 
969 4 
2765 4 
571 4 
1900 4 
8473 4 
7641 4 
3834 4 
6334 4 
3581 4 
1959 4 
8758 4 
4007 4 
1598 4 
8553 4 
3859 4 
6405 4 
7654 4 
5158 4 
245 4 
6740 4 
223 4 
350 4 
9183 4 
8574 4 
533 4 
4163 4 
1466 4 
636 4 
4708 4 
4092 4 
3122 4 
604 4 
3701 4 
4443 4 
8577 4 
1714 4 
629 4 
3734 4 
1815 4 
289 4 
8620 4 
4439 4 
2472 4 
8589 4 
30 4 
2605 4 
1832 4 
1084 4 
3738 4 
5474 4 
5277 4 
8523 4 
784 4 
42 4 
3973 4 
2995 4 
3857 4 
4289 4 
4009 4 
2832 4 
1669 4 
5339 4 
5308 4 
8528 4 
1430 4 
2731 4 
667 4 
4044 4 
8536 4 
2352 4 
707 4 
6203 4 
1193 4 
996 4 
7142 4 
3073 4 
285 4 
2303 4 
3134 4 
8335 4 
6069 4 
481 4 
1445 4 
1871 4 
6691 4 
6095 4 
474 4 
792 4 
3308 4 
3945 4 
3851 4 
4854 4 
191 4 
113 4 
3158 4 
9460 4 
6804 4 
543 4 
8535 4 
7379 4 
1444 4 
4698 4 
3873 4 
1497 4 
4053 4 
5634 4 
6031 4 
8491 4 
754 4 
2811 4 
5249 4 
2376 4 
7276 4 
125 4 
19 4 
5397 4 
1154 4 
2069 4 
758 4 
8995 4 
2733 4 
8506 4 
7767 4 
9196 4 
728 4 
3589 4 
3148 4 
3312 4 
8271 4 
4021 4 
3278 4 
6253 4 
187 4 
3769 4 
951 4 
2532 4 
184 4 
1051 4 
8211 4 
624 4 
557 4 
5836 4 
268 4 
7826 4 
2874 4 
3552 4 
4396 4 
3654 4 
3871 4 
4086 4 
402 4 
2797 4 
1813 4 
3060 4 
447 4 
1732 4 
4316 4 
3007 4 
577 4 
8692 4 
3115 4 
4088 4 
3102 4 
4012 4 
1566 4 
6062 4 
2937 4 
6030 4 
694 4 
1083 4 
5174 4 
5482 4 
3717 4 
4016 4 
5998 4 
4889 4 
206 4 
9102 4 
5039 4 
3258 4 
4464 4 
3855 4 
2539 4 
2932 4 
3232 4 
2753 4 
1170 4 
1601 4 
32 4 
7824 4 
2298 4 
4930 4 
5605 4 
5167 4 
860 4 
5574 4 
8993 4 
3865 4 
3702 4 
6685 4 
5122 4 
885 4 
5166 4 
68 4 
1523 4 
2305 4 
840 4 
4553 4 
693 4 
6086 4 
4001 4 
5020 4 
4816 4 
4758 4 
976 4 
5211 4 
6262 4 
499 4 
3892 4 
1896 4 
425 4 
4887 4 
8530 4 
955 4 
3950 4 
3783 4 
2300 4 
8142 4 
221 4 
2225 4 
347 4 
3904 4 
312 4 
2054 4 
3327 4 
3412 4 
6692 4 
5796 4 
4172 4 
529 4 
3725 4 
2910 4 
3451 4 
276 4 
3883 4 
764 4 
6637 4 
5345 4 
6122 4 
166 4 
1771 4 
3938 4 
4682 4 
2926 4 
521 4 
922 4 
3009 4 
450 4 
8481 4 
8019 4 
3845 4 
9085 4 
1830 4 
2012 4 
4702 4 
328 4 
408 4 
2963 4 
1521 4 
7032 4 
8538 4 
1759 4 
3397 4 
4838 4 
4782 4 
5946 4 
4684 4 
5845 4 
3265 4 
370 4 
146 4 
5691 4 
3671 4 
1075 4 
8482 4 
603 4 
311 4 
201 4 
8527 4 
3868 4 
761 4 
5029 4 
44 4 
3202 4 
2233 4 
8490 4 
2471 4 
979 4 
6094 4 
880 4 
989 4 
2462 4 
2021 4 
3768 4 
1433 4 
8534 4 
6116 4 
360 4 
4145 4 
555 4 
1498 4 
1101 4 
8698 4 
8658 4 
4336 4 
2875 4 
586 4 
4337 4 
6752 4 
844 4 
3970 4 
630 4 
8571 4 
6630 4 
4906 4 
5241 4 
8588 4 
246 4 
9444 4 
2904 4 
2915 4 
2109 4 
4923 4 
4543 4 
4907 4 
4762 4 
4083 4 
6449 4 
1717 4 
64 4 
2756 4 
1091 4 
7009 4 
8541 4 
43 4 
5126 4 
1112 4 
2808 4 
115 4 
4458 4 
2985 4 
303 4 
6276 4 
4840 4 
5411 4 
4886 4 
3013 4 
6082 4 
1194 4 
8298 4 
6054 4 
248 4 
1486 4 
459 4 
8507 4 
8521 4 
2234 4 
3941 4 
941 4 
496 4 
3475 4 
5900 4 
517 4 
3072 4 
107 4 
6949 4 
2909 4 
5786 4 
330 4 
2536 4 
290 4 
1735 4 
1931 4 
6027 4 
445 4 
3047 4 
4743 4 
575 4 
2919 4 
5395 4 
94 4 
5117 4 
3369 4 
4761 4 
1554 4 
2971 4 
28 4 
3511 4 
4147 4 
5536 4 
1565 4 
2322 4 
1808 4 
4715 4 
616 4 
1836 4 
6506 4 
470 4 
5248 4 
3964 4 
4085 4 
3357 4 
2913 4 
847 4 
578 4 
1610 4 
1519 4 
5403 4 
2842 4 
4451 4 
782 4 
7289 4 
11 4 
152 4 
1504 4 
292 4 
2586 4 
889 4 
3854 4 
893 4 
2734 4 
442 4 
4686 4 
1747 4 
2041 4 
4679 4 
2900 4 
4160 4 
7613 4 
3370 4 
698 4 
4334 4 
659 4 
4848 4 
562 4 
97 4 
156 4 
1898 4 
3012 4 
1455 4 
5336 4 
3894 4 
5799 4 
1176 4 
5646 4 
1956 4 
1763 4 
1363 4 
4159 4 
1434 4 
8597 4 
572 4 
3711 4 
818 4 
7271 4 
938 4 
3733 4 
1645 4 
3095 4 
1872 4 
1471 4 
518 4 
49 4 
9412 4 
6107 4 
1041 4 
4014 4 
3710 4 
5726 4 
1183 4 
6340 4 
4051 4 
4189 4 
3100 4 
232 4 
536 4 
2569 4 
2886 4 
2988 4 
7414 4 
3736 4 
5422 4 
3418 4 
4161 4 
1806 4 
7400 4 
198 4 
214 4 
4627 4 
1859 4 
1446 4 
7243 4 
4109 4 
4335 4 
1090 4 
3890 4 
1865 4 
2123 4 
5338 4 
1004 4 
4154 4 
6085 4 
579 4 
946 4 
2912 4 
596 4 
3853 4 
3195 4 
218 4 
3174 4 
3971 4 
3826 4 
5021 4 
4891 4 
5870 4 
2962 4 
3902 4 
4052 4 
6887 4 
5554 4 
3793 4 
1904 4 
6056 4 
122 4 
1157 4 
252 4 
1119 4 
4842 4 
2271 4 
3846 4 
1804 4 
9100 4 
3785 4 
2769 4 
1814 4 
8572 4 
2093 4 
4233 4 
532 4 
748 4 
907 4 
1078 4 
3981 4 
3963 4 
8543 4 
679 4 
4342 4 
3837 4 
416 4 
3201 4 
733 4 
4456 4 
767 4 
390 4 
671 4 
492 4 
159 4 
3830 4 
4060 4 
8332 4 
3222 4 
589 4 
1105 4 
209 4 
3235 4 
3655 4 
5143 4 
5584 4 
4559 4 
6935 4 
2839 4 
6073 4 
1761 4 
453 4 
3980 4 
866 4 
116 4 
625 4 
90 4 
4675 4 
3833 4 
488 4 
8712 4 
1076 4 
687 4 
2282 4 
5632 4 
611 4 
3881 4 
4536 4 
287 4 
102 4 
1071 4 
1623 4 
4389 4 
6750 4 
2596 4 
244 4 
3794 4 
8456 4 
3311 4 
827 4 
1513 4 
6551 4 
3901 4 
2341 4 
5991 4 
6331 4 
3056 4 
541 4 
1578 4 
2168 4 
5061 4 
3926 4 
3825 4 
1926 4 
888 4 
570 4 
3712 4 
2276 4 
2052 4 
2888 4 
2914 4 
176 4 
780 4 
2016 4 
4882 4 
3074 4 
1833 4 
3575 4 
6582 4 
3089 4 
3870 4 
599 4 
2911 4 
3335 4 
4459 4 
2062 4 
1179 4 
186 4 
4926 4 
6550 4 
1469 4 
681 4 
5447 4 
835 4 
2610 4 
807 4 
4549 4 
2544 4 
6425 4 
3914 4 
3827 4 
1394 4 
851 4 
1853 4 
3120 4 
3743 4 
910 4 
613 4 
2951 4 
747 4 
424 4 
4852 4 
929 4 
757 4 
779 4 
1792 4 
3727 4 
463 4 
2017 4 
24 4 
4034 4 
649 4 
3101 4 
3620 4 
6149 4 
2925 4 
6045 4 
5501 4 
1842 4 
619 4 
2939 4 
6661 4 
2700 4 
4447 4 
341 4 
1531 4 
612 4 
498 4 
2647 4 
4760 4 
610 4 
4815 4 
4493 4 
777 4 
3869 4 
787 4 
141 4 
293 4 
4861 4 
3732 4 
3741 4 
2078 4 
1495 4 
83 4 
4918 4 
91 4 
3843 4 
4315 4 
3131 4 
3557 4 
313 4 
2802 4 
6920 4 
1839 4 
4744 4 
219 4 
2803 4 
2941 4 
4825 4 
71 4 
816 4 
708 4 
3936 4 
1072 4 
4292 4 
480 4 
4411 4 
3291 4 
1524 4 
593 4 
1754 4 
8 4 
511 4 
1572 4 
6142 4 
263 4 
3715 4 
1465 4 
4054 4 
771 4 
3907 4 
5653 4 
418 4 
3844 4 
1708 4 
4393 4 
281 4 
3893 4 
4486 4 
383 4 
824 4 
1559 4 
763 4 
3713 4 
3866 4 
1823 4 
4438 4 
2849 4 
868 4 
3018 4 
361 4 
3245 4 
3832 4 
2887 4 
3840 4 
2096 4 
497 4 
2620 4 
1426 4 
2796 4 
2065 4 
8570 4 
101 4 
3913 4 
259 4 
391 4 
3739 4 
4081 4 
4283 4 
3356 4 
82 4 
477 4 
2014 4 
825 4 
231 4 
765 4 
440 4 
556 4 
2331 4 
208 4 
2885 4 
3927 4 
2868 4 
3066 4 
2071 4 
3716 4 
703 4 
4158 4 
3911 4 
1425 4 
2987 4 
3897 4 
1490 4 
4564 4 
913 4 
471 4 
308 4 
6606 4 
1549 4 
38 4 
4967 4 
7260 4 
954 4 
3635 4 
397 4 
4587 4 
3735 4 
1450 4 
1077 4 
142 4 
2965 4 
809 4 
3838 4 
538 4 
37 4 
6324 4 
140 4 
78 4 
2690 4 
897 4 
2663 4 
5520 4 
1413 4 
5626 4 
8782 4 
76 4 
653 4 
1082 4 
1427 4 
3010 4 
746 4 
605 4 
3912 4 
227 4 
438 4 
265 4 
5450 4 
210 4 
3789 4 
2846 4 
199 4 
3836 4 
1819 4 
235 4 
628 4 
834 4 
2503 4 
4028 4 
926 4 
321 4 
713 4 
3903 4 
1902 4 
1473 4 
5997 4 
1568 4 
161 4 
3339 4 
2907 4 
458 4 
3532 4 
1125 4 
3784 4 
1092 4 
688 4 
1111 4 
4386 4 
1557 4 
4057 4 
242 4 
1514 4 
1442 4 
439 4 
1459 4 
5926 4 
770 4 
602 4 
574 4 
103 4 
355 4 
382 4 
4066 4 
205 4 
952 4 
61 4 
282 4 
212 4 
1206 4 
2867 4 
3935 4 
2307 4 
315 4 
3996 4 
3908 4 
126 4 
241 4 
215 4 
5132 4 
229 4 
93 4 
462 4 
887 4 
112 4 
3852 4 
134 4 
441 4 
2038 4 
1011 4 
1649 4 
3929 4 
81 4 
3431 4 
3748 4 
127 4 
8759 4 
75 4 
9 4 
3709 4 
59 4 
92 4 
4098 4 
220 4 
7 4 
62 4 
175 4 
3888 4 
3867 4 
150 4 
352 4 
2816 4 
211 4 
25 4 
151 4 
111 4 
87 4 
173 4 
31 4 
3436 4 
795 4 
2840 4 
123 4 
295 4 
2884 4 
2252 4 
286 4 
766 4 
3910 4 
2852 4 
449 4 
58 4 
133 4 
41 4 
105 4 
357 4 
455 4 
2035 4 
