4509 1 
4510 1 
6532 1 
6533 1 
6547 1 
6548 1 
6859 1 
6860 1 
6889 1 
6890 1 
6964 1 
6965 1 
6972 1 
6973 1 
7027 1 
7028 1 
7040 1 
7041 1 
7042 1 
7043 1 
7047 1 
7048 1 
7053 1 
7054 1 
7064 1 
7065 1 
7068 1 
7069 1 
7095 1 
7096 1 
7099 1 
7100 1 
7128 1 
7129 1 
7281 1 
7282 1 
7300 1 
7301 1 
7634 1 
7635 1 
8056 1 
8057 1 
8091 1 
8092 1 
8128 1 
8129 1 
8229 1 
8230 1 
8240 1 
8241 1 
8260 1 
8261 1 
8266 1 
8267 1 
8296 1 
8297 1 
8321 1 
8322 1 
8330 1 
8331 1 
8358 1 
8359 1 
8428 1 
8429 1 
8446 1 
8447 1 
8457 1 
8458 1 
8461 1 
8462 1 
8482 1 
8483 1 
8486 1 
8487 1 
8489 1 
8490 1 
8522 1 
8523 1 
8548 1 
8549 1 
8647 1 
8648 1 
8670 1 
8671 1 
8701 1 
8702 1 
8703 1 
8704 1 
8765 1 
8766 1 
8813 1 
8814 1 
8819 1 
8820 1 
8821 1 
8822 1 
8834 1 
8835 1 
8855 1 
8856 1 
8864 1 
8865 1 
8886 1 
8887 1 
8946 1 
8947 1 
8985 1 
8986 1 
8995 1 
8996 1 
9004 1 
9005 1 
9017 1 
9018 1 
9061 1 
9062 1 
9075 1 
9076 1 
9077 1 
9078 1 
9079 1 
9080 1 
9097 1 
9098 1 
9109 1 
9110 1 
9113 1 
9114 1 
9116 1 
9117 1 
9121 1 
9122 1 
9124 1 
9125 1 
9138 1 
9139 1 
9144 1 
9145 1 
9159 1 
9160 1 
9162 1 
9163 1 
9164 1 
9165 1 
9167 1 
9168 1 
9170 1 
9171 1 
9181 1 
9182 1 
9183 1 
9184 1 
9196 1 
9197 1 
9198 1 
9199 1 
9201 1 
9202 1 
9205 1 
9206 1 
9207 1 
9208 1 
9233 1 
9234 1 
9250 1 
9251 1 
9292 1 
9293 1 
9298 1 
9299 1 
9300 1 
9301 1 
9302 1 
9303 1 
9417 1 
9418 1 
6428 1 
6429 1 
6779 1 
6781 1 
7245 1 
7246 1 
8411 1 
8412 1 
8878 1 
8879 1 
8906 1 
8907 1 
8918 1 
8919 1 
8955 1 
8957 1 
8989 1 
8991 1 
9132 1 
9133 1 
9148 1 
9149 1 
9152 1 
9153 1 
9186 1 
9187 1 
9193 1 
9195 1 
9230 1 
9231 1 
8355 1 
8356 1 
6427 1 
6780 1 
7244 1 
8410 1 
8516 1 
8517 1 
8518 1 
8877 1 
8905 1 
8917 1 
8956 1 
8990 1 
9131 1 
9147 1 
9151 1 
9185 1 
9194 1 
9229 1 
6504 1 
9104 1 
9420 1 
9422 1 
9423 1 
5638 1 
2999 1 
3000 1 
8324 1 
8325 1 
8353 1 
8354 1 
9006 1 
9007 1 
9008 1 
9009 1 
6502 1 
6503 1 
8323 1 
8326 1 
9421 1 
3001 1 
6501 1 
2998 1 
9189 1 
9190 1 
8123 1 
8124 1 
8125 1 
9188 1 
9166 1 
7168 1 
8112 1 
8109 1 
9142 1 
8809 1 
8315 1 
8689 1 
4156 1 
4155 1 
6770 1 
8965 1 
8966 1 
8715 1 
6918 1 
9213 1 
9073 1 
9074 1 
8842 1 
8843 1 
9092 1 
8998 1 
8999 1 
9000 1 
8314 1 
3010 1 
3012 1 
9088 1 
9105 1 
8286 1 
6678 1 
6961 1 
9403 1 
8698 1 
8699 1 
9240 1 
9241 1 
9242 1 
9094 1 
9095 1 
7165 1 
7166 1 
7167 1 
8174 1 
8177 1 
8173 1 
8512 1 
9216 1 
9217 1 
9218 1 
8116 1 
8106 1 
8108 1 
8113 1 
8107 1 
8938 1 
9141 1 
9214 1 
9215 1 
5133 1 
9001 1 
9002 1 
8810 1 
9021 1 
8316 1 
8688 1 
9252 1 
8969 1 
4153 1 
9070 1 
8945 1 
8972 1 
8884 1 
8929 1 
9146 1 
8624 1 
6769 1 
8968 1 
6327 1 
8963 1 
9042 1 
8904 1 
8964 1 
8215 1 
8216 1 
8962 1 
8888 1 
7136 1 
7137 1 
9020 1 
9260 1 
9409 1 
9258 1 
9140 1 
8244 1 
8245 1 
8920 1 
8839 1 
8673 1 
6567 1 
9209 1 
9211 1 
9212 1 
9123 1 
9210 1 
9072 1 
8805 1 
8847 1 
8848 1 
8816 1 
8826 1 
8827 1 
8828 1 
8829 1 
8830 1 
8179 1 
8225 1 
6574 1 
8436 1 
8707 1 
8840 1 
3071 1 
3072 1 
9038 1 
9178 1 
9039 1 
8992 1 
7189 1 
9065 1 
8443 1 
9041 1 
8874 1 
8875 1 
8876 1 
8871 1 
2272 1 
2273 1 
9069 1 
9126 1 
9127 1 
9128 1 
9129 1 
8198 1 
3011 1 
8567 1 
8568 1 
9063 1 
9064 1 
9060 1 
6902 1 
6903 1 
6904 1 
6905 1 
4176 1 
9086 1 
9087 1 
8360 1 
9158 1 
7255 1 
7180 1 
7261 1 
8664 1 
8987 1 
9192 1 
5718 1 
9155 1 
9156 1 
9157 1 
8453 1 
8454 1 
8287 1 
4634 1 
6430 1 
7658 1 
5642 1 
9107 1 
9358 1 
6676 1 
9055 1 
9056 1 
8445 1 
4572 1 
4573 1 
4574 1 
8485 1 
8370 1 
9134 1 
9135 1 
9034 1 
8922 1 
9169 1 
8674 1 
7346 1 
7347 1 
6960 1 
7086 1 
7052 1 
7583 1 
8978 1 
9259 1 
7659 1 
7660 1 
8105 1 
8697 1 
8051 1 
6997 1 
7001 1 
7002 1 
8333 1 
3966 1 
8282 1 
3771 1 
8787 1 
9408 1 
7717 1 
8786 1 
6388 1 
6389 1 
6390 1 
6391 1 
8997 1 
8666 1 
8851 1 
8870 1 
4393 1 
8117 1 
9010 1 
9011 1 
9012 1 
8414 1 
5567 1 
8438 1 
8439 1 
8440 1 
8441 1 
9237 1 
8460 1 
6540 1 
6970 1 
8759 1 
8172 1 
8176 1 
7037 1 
6906 1 
7278 1 
5569 1 
8932 1 
9047 1 
5137 1 
5529 1 
8466 1 
8467 1 
4582 1 
4586 1 
4591 1 
4592 1 
7552 1 
4590 1 
7995 1 
7745 1 
8577 1 
8578 1 
5636 1 
9266 1 
6527 1 
8933 1 
7670 1 
8302 1 
8303 1 
4294 1 
8484 1 
8694 1 
8695 1 
7644 1 
7647 1 
726 1 
730 1 
8708 1 
7182 1 
7183 1 
6357 1 
9161 1 
5653 1 
5658 1 
6457 1 
6431 1 
5709 1 
5710 1 
7722 1 
8114 1 
7651 1 
8111 1 
7641 1 
8386 1 
8110 1 
9014 1 
8471 1 
8665 1 
7461 1 
7462 1 
7463 1 
9425 1 
8915 1 
8435 1 
8585 1 
8571 1 
8126 1 
8163 1 
7782 1 
8197 1 
6958 1 
6318 1 
5655 1 
5656 1 
5657 1 
8611 1 
8064 1 
8141 1 
6607 1 
6969 1 
6363 1 
6317 1 
7565 1 
7102 1 
7103 1 
5132 1 
8801 1 
7692 1 
7135 1 
8317 1 
6908 1 
8474 1 
8434 1 
6353 1 
9297 1 
9424 1 
8690 1 
8095 1 
6358 1 
4292 1 
8520 1 
8389 1 
8212 1 
8409 1 
8264 1 
8265 1 
8714 1 
8944 1 
9330 1 
7191 1 
9082 1 
8278 1 
8279 1 
7386 1 
8626 1 
8627 1 
8628 1 
8629 1 
9130 1 
4844 1 
8242 1 
9019 1 
8912 1 
9115 1 
8779 1 
8780 1 
8623 1 
4154 1 
8993 1 
9143 1 
5799 1 
7974 1 
5451 1 
5452 1 
5453 1 
2466 1 
9036 1 
2465 1 
916 1 
6994 1 
8309 1 
8973 1 
8817 1 
8818 1 
8675 1 
8536 1 
9238 1 
7540 1 
8859 1 
8860 1 
9245 1 
8857 1 
8858 1 
8526 1 
9111 1 
9033 1 
9085 1 
8763 1 
9179 1 
9180 1 
9035 1 
4613 1 
4614 1 
9059 1 
6625 1 
7558 1 
8621 1 
8622 1 
6771 1 
5730 1 
4949 1 
4950 1 
5872 1 
5875 1 
5876 1 
5877 1 
7614 1 
8385 1 
8089 1 
6326 1 
8683 1 
8684 1 
8289 1 
8290 1 
6514 1 
5722 1 
8961 1 
7590 1 
8959 1 
8960 1 
9045 1 
9046 1 
8902 1 
8903 1 
8901 1 
8180 1 
8774 1 
8775 1 
8776 1 
8213 1 
9071 1 
8338 1 
8339 1 
8340 1 
8341 1 
8342 1 
8343 1 
8475 1 
7672 1 
7673 1 
7674 1 
8832 1 
7930 1 
7728 1 
7730 1 
8143 1 
9253 1 
8696 1 
8524 1 
8525 1 
8404 1 
8405 1 
8406 1 
8806 1 
8831 1 
7668 1 
8193 1 
8815 1 
8934 1 
5874 1 
7617 1 
6672 1 
7716 1 
5211 1 
8521 1 
8823 1 
8488 1 
8885 1 
8882 1 
8853 1 
6321 1 
6322 1 
6323 1 
5213 1 
5214 1 
5661 1 
8583 1 
8584 1 
8416 1 
9032 1 
8958 1 
8881 1 
5715 1 
3719 1 
8291 1 
8195 1 
4255 1 
7665 1 
7538 1 
3691 1 
3693 1 
4079 1 
4314 1 
6536 1 
9402 1 
8476 1 
7611 1 
8582 1 
8799 1 
8800 1 
8883 1 
5574 1 
8975 1 
8976 1 
8977 1 
8424 1 
8425 1 
8426 1 
8455 1 
6856 1 
6857 1 
7452 1 
7453 1 
7381 1 
7383 1 
9100 1 
5557 1 
8357 1 
6386 1 
9264 1 
9112 1 
5498 1 
5786 1 
6705 1 
8939 1 
9359 1 
7681 1 
7683 1 
8249 1 
8250 1 
8833 1 
7771 1 
9276 1 
8178 1 
8277 1 
8668 1 
8451 1 
6873 1 
6876 1 
9200 1 
5879 1 
9397 1 
8203 1 
9175 1 
9375 1 
9376 1 
9377 1 
9003 1 
8363 1 
8367 1 
9220 1 
8427 1 
8243 1 
8437 1 
7585 1 
8937 1 
6368 1 
8157 1 
8921 1 
8825 1 
8672 1 
6568 1 
7066 1 
6566 1 
7359 1 
7360 1 
7703 1 
8251 1 
8252 1 
8935 1 
6825 1 
6537 1 
8911 1 
8119 1 
7625 1 
7715 1 
4729 1 
4730 1 
7768 1 
7769 1 
7758 1 
8062 1 
9232 1 
5048 1 
6606 1 
7696 1 
7697 1 
8772 1 
5765 1 
4453 1 
3086 1 
3661 1 
3664 1 
8368 1 
6243 1 
6260 1 
8214 1 
5620 1 
5621 1 
4354 1 
8442 1 
8263 1 
8926 1 
8927 1 
8928 1 
8276 1 
7778 1 
8104 1 
4359 1 
9102 1 
6499 1 
8192 1 
7199 1 
4668 1 
4669 1 
1751 1 
2015 1 
8500 1 
6573 1 
7280 1 
8841 1 
8590 1 
8591 1 
8593 1 
8592 1 
8059 1 
6401 1 
7056 1 
33 1 
6704 1 
7079 1 
4395 1 
4396 1 
8148 1 
8181 1 
8637 1 
8638 1 
9244 1 
8824 1 
7772 1 
7773 1 
7774 1 
7775 1 
6464 1 
7187 1 
8634 1 
8636 1 
7776 1 
8954 1 
7992 1 
8730 1 
7584 1 
7566 1 
8868 1 
7247 1 
7248 1 
7253 1 
8735 1 
9024 1 
8063 1 
8923 1 
7190 1 
5774 1 
7826 1 
8220 1 
6545 1 
8916 1 
7991 1 
8519 1 
8862 1 
8863 1 
7473 1 
8304 1 
6701 1 
9203 1 
9204 1 
5464 1 
7003 1 
7738 1 
6127 1 
7819 1 
7820 1 
9267 1 
7410 1 
7412 1 
3411 1 
3417 1 
3418 1 
3419 1 
7458 1 
8171 1 
3414 1 
8980 1 
8094 1 
5394 1 
5704 1 
3676 1 
2270 1 
8352 1 
8545 1 
8891 1 
6926 1 
3412 1 
8967 1 
3396 1 
7543 1 
7544 1 
3013 1 
2791 1 
8679 1 
8680 1 
6439 1 
8566 1 
8509 1 
4511 1 
9235 1 
2184 1 
8949 1 
8950 1 
8501 1 
6927 1 
7727 1 
3415 1 
5576 1 
6976 1 
6977 1 
7127 1 
8899 1 
8900 1 
5527 1 
6456 1 
6820 1 
6821 1 
7547 1 
7548 1 
6901 1 
9340 1 
9341 1 
8893 1 
8936 1 
9296 1 
8061 1 
6624 1 
3682 1 
3685 1 
5004 1 
9419 1 
6879 1 
8305 1 
8710 1 
4361 1 
6380 1 
8319 1 
4175 1 
7545 1 
6691 1 
9016 1 
4554 1 
4557 1 
8798 1 
5533 1 
8362 1 
7132 1 
2391 1 
6241 1 
6242 1 
7667 1 
4558 1 
8723 1 
8649 1 
8650 1 
8337 1 
8407 1 
5530 1 
4625 1 
4626 1 
9399 1 
9400 1 
9401 1 
9174 1 
6239 1 
5904 1 
5906 1 
5907 1 
5908 1 
4622 1 
4623 1 
4624 1 
2463 1 
6689 1 
8403 1 
6440 1 
8417 1 
8366 1 
9096 1 
6896 1 
5148 1 
489 1 
496 1 
497 1 
498 1 
499 1 
500 1 
501 1 
503 1 
4776 1 
8196 1 
7549 1 
3705 1 
932 1 
4589 1 
4342 1 
6719 1 
5142 1 
5143 1 
5144 1 
5145 1 
6673 1 
6675 1 
5098 1 
5099 1 
5100 1 
6674 1 
4367 1 
85 1 
87 1 
88 1 
89 1 
9136 1 
9137 1 
8807 1 
8808 1 
5350 1 
5351 1 
8170 1 
3742 1 
7755 1 
6892 1 
8253 1 
8254 1 
8255 1 
6309 1 
5769 1 
9120 1 
7384 1 
6955 1 
7736 1 
7737 1 
6957 1 
9274 1 
8256 1 
8257 1 
7413 1 
7416 1 
4303 1 
7197 1 
6579 1 
9029 1 
8137 1 
1202 1 
6362 1 
4256 1 
7559 1 
8159 1 
4556 1 
8557 1 
8558 1 
8559 1 
8560 1 
8561 1 
8562 1 
8563 1 
8564 1 
8565 1 
7554 1 
3861 1 
8872 1 
8477 1 
8478 1 
8897 1 
8456 1 
7877 1 
6721 1 
9013 1 
8142 1 
8514 1 
7254 1 
8880 1 
8270 1 
8271 1 
8093 1 
4670 1 
5179 1 
7536 1 
7604 1 
8709 1 
8616 1 
8618 1 
8619 1 
8620 1 
8199 1 
8200 1 
8617 1 
7725 1 
3584 1 
4293 1 
7325 1 
8595 1 
5273 1 
2161 1 
5457 1 
5178 1 
7613 1 
6628 1 
6629 1 
6630 1 
4402 1 
7757 1 
7839 1 
6966 1 
7606 1 
7607 1 
292 1 
6882 1 
6883 1 
9398 1 
9172 1 
9173 1 
25 1 
26 1 
28 1 
8373 1 
7522 1 
6611 1 
6612 1 
4954 1 
8497 1 
8132 1 
8953 1 
9191 1 
5347 1 
5285 1 
5286 1 
8794 1 
6580 1 
6583 1 
7140 1 
7141 1 
7142 1 
7114 1 
6535 1 
5566 1 
7840 1 
7841 1 
7843 1 
8931 1 
7818 1 
9388 1 
9389 1 
9390 1 
5717 1 
8218 1 
8682 1 
6877 1 
3528 1 
3529 1 
3530 1 
7557 1 
7724 1 
6971 1 
5705 1 
5748 1 
505 1 
6163 1 
7203 1 
8217 1 
8364 1 
8988 1 
8535 1 
9066 1 
6980 1 
6982 1 
6983 1 
6984 1 
6985 1 
6986 1 
6987 1 
4635 1 
8499 1 
8572 1 
2936 1 
6396 1 
6613 1 
5209 1 
5210 1 
1502 1 
347 1 
350 1 
351 1 
353 1 
354 1 
356 1 
357 1 
7000 1 
4451 1 
8086 1 
6355 1 
5499 1 
8259 1 
7824 1 
8231 1 
8232 1 
8233 1 
8733 1 
8288 1 
9339 1 
8971 1 
7817 1 
3238 1 
4369 1 
7816 1 
9108 1 
8812 1 
9219 1 
7169 1 
7093 1 
8743 1 
8744 1 
8745 1 
8746 1 
8747 1 
8529 1 
8570 1 
8576 1 
5688 1 
7387 1 
6900 1 
9025 1 
9026 1 
6523 1 
9027 1 
9028 1 
8845 1 
8846 1 
9360 1 
9361 1 
9364 1 
9365 1 
9366 1 
9367 1 
8913 1 
8914 1 
6402 1 
8318 1 
4351 1 
9319 1 
9057 1 
3695 1 
7978 1 
9106 1 
2388 1 
8371 1 
7657 1 
8740 1 
8741 1 
8742 1 
8239 1 
3608 1 
8739 1 
5699 1 
6677 1 
8925 1 
9275 1 
8527 1 
7581 1 
8802 1 
5367 1 
3343 1 
8268 1 
8155 1 
9054 1 
8402 1 
8201 1 
3409 1 
8372 1 
9395 1 
6687 1 
5745 1 
5920 1 
6923 1 
7051 1 
7952 1 
7049 1 
27 1 
7211 1 
8269 1 
7349 1 
8281 1 
8005 1 
2377 1 
7975 1 
8313 1 
3284 1 
7420 1 
7422 1 
7423 1 
7425 1 
7427 1 
7429 1 
5170 1 
8734 1 
7162 1 
8761 1 
8762 1 
5490 1 
7447 1 
7448 1 
7449 1 
7450 1 
4570 1 
8204 1 
7322 1 
2344 1 
8053 1 
8866 1 
8867 1 
8415 1 
7481 1 
8612 1 
8613 1 
8533 1 
8908 1 
8909 1 
8910 1 
7645 1 
7058 1 
8760 1 
7440 1 
5870 1 
4774 1 
5700 1 
7050 1 
5002 1 
8854 1 
5707 1 
7990 1 
7902 1 
6956 1 
7655 1 
7973 1 
8873 1 
8369 1 
3342 1 
9277 1 
9278 1 
8850 1 
3255 1 
6398 1 
4370 1 
6488 1 
47 1 
48 1 
4703 1 
4704 1 
4705 1 
4706 1 
4707 1 
4709 1 
4710 1 
4711 1 
4712 1 
4713 1 
4714 1 
4715 1 
4716 1 
4717 1 
4718 1 
4719 1 
4720 1 
4721 1 
4722 1 
4723 1 
5205 1 
6849 1 
7653 1 
7654 1 
5206 1 
6605 1 
8050 1 
5664 1 
5665 1 
7700 1 
6467 1 
8188 1 
8491 1 
971 1 
9249 1 
8691 1 
8692 1 
4585 1 
8068 1 
8468 1 
8301 1 
8667 1 
5236 1 
5238 1 
6543 1 
9101 1 
8387 1 
8388 1 
8237 1 
34 1 
35 1 
6895 1 
6451 1 
8444 1 
5332 1 
6379 1 
6922 1 
6898 1 
9239 1 
5331 1 
7345 1 
6962 1 
8720 1 
6952 1 
5528 1 
8226 1 
6497 1 
8238 1 
7004 1 
5033 1 
5805 1 
5806 1 
5807 1 
5808 1 
5809 1 
5810 1 
8227 1 
8228 1 
7931 1 
7932 1 
8537 1 
8538 1 
3601 1 
8894 1 
3607 1 
8283 1 
2144 1 
2145 1 
2147 1 
2148 1 
6403 1 
8970 1 
8513 1 
8924 1 
7326 1 
6671 1 
8540 1 
9324 1 
9325 1 
9327 1 
9328 1 
7721 1 
9037 1 
6207 1 
8306 1 
8190 1 
8065 1 
6858 1 
6623 1 
3447 1 
6992 1 
6993 1 
8895 1 
8896 1 
7582 1 
5501 1 
4398 1 
7179 1 
1498 1 
8285 1 
3018 1 
8234 1 
9221 1 
3596 1 
5012 1 
5013 1 
5202 1 
6542 1 
5011 1 
5340 1 
8194 1 
9362 1 
7925 1 
2363 1 
8182 1 
7576 1 
7577 1 
7578 1 
3728 1 
3778 1 
9391 1 
9392 1 
9393 1 
8700 1 
7336 1 
7337 1 
7338 1 
2376 1 
8055 1 
7640 1 
3606 1 
6397 1 
8054 1 
4584 1 
9081 1 
5549 1 
6385 1 
9380 1 
9381 1 
5130 1 
5131 1 
6522 1 
9030 1 
7078 1 
5439 1 
5440 1 
5441 1 
7385 1 
2452 1 
7205 1 
7206 1 
7684 1 
5772 1 
36 1 
37 1 
4356 1 
6361 1 
6988 1 
7155 1 
8365 1 
8550 1 
8551 1 
8552 1 
8553 1 
8554 1 
8555 1 
8556 1 
7324 1 
3731 1 
6120 1 
5532 1 
2098 1 
2102 1 
9254 1 
9255 1 
9256 1 
9257 1 
8844 1 
3597 1 
3413 1 
8158 1 
8079 1 
8080 1 
8081 1 
8082 1 
8083 1 
8084 1 
7285 1 
7286 1 
3730 1 
8344 1 
9103 1 
8681 1 
9394 1 
959 1 
960 1 
9396 1 
713 1 
714 1 
718 1 
720 1 
721 1 
7671 1 
7171 1 
8332 1 
8661 1 
5181 1 
2386 1 
6684 1 
6685 1 
8205 1 
8783 1 
8784 1 
8785 1 
8782 1 
8594 1 
7133 1 
8669 1 
3963 1 
8160 1 
7756 1 
4693 1 
3768 1 
9386 1 
7177 1 
7178 1 
2190 1 
9387 1 
7556 1 
8981 1 
8982 1 
8983 1 
8543 1 
7113 1 
5471 1 
7438 1 
2387 1 
6387 1 
8374 1 
7351 1 
8165 1 
8166 1 
8167 1 
8168 1 
914 1 
8498 1 
7229 1 
7230 1 
7231 1 
8246 1 
8003 1 
7101 1 
5679 1 
2100 1 
2089 1 
8732 1 
8547 1 
9326 1 
8849 1 
3707 1 
3711 1 
3713 1 
3714 1 
3716 1 
3717 1 
7954 1 
7587 1 
8768 1 
6700 1 
3582 1 
2567 1 
7636 1 
7637 1 
7638 1 
7639 1 
5333 1 
8183 1 
6979 1 
9343 1 
9344 1 
6874 1 
8013 1 
8639 1 
8546 1 
7112 1 
271 1 
274 1 
5339 1 
7996 1 
7685 1 
7686 1 
7687 1 
3084 1 
3085 1 
7088 1 
7089 1 
7090 1 
5003 1 
9176 1 
3421 1 
3423 1 
3426 1 
3427 1 
3430 1 
3431 1 
3432 1 
3433 1 
3434 1 
8122 1 
6919 1 
3370 1 
3373 1 
3374 1 
3375 1 
6690 1 
7541 1 
3364 1 
5335 1 
8272 1 
7783 1 
7781 1 
3605 1 
4462 1 
4463 1 
4464 1 
8861 1 
8073 1 
5035 1 
7560 1 
4530 1 
7811 1 
7194 1 
5746 1 
5768 1 
5136 1 
8493 1 
8494 1 
8495 1 
5495 1 
6404 1 
8811 1 
7714 1 
7612 1 
5537 1 
7176 1 
1861 1 
8464 1 
5475 1 
9281 1 
9282 1 
7602 1 
273 1 
3083 1 
260 1 
8130 1 
5800 1 
6723 1 
8066 1 
9279 1 
9280 1 
6622 1 
2340 1 
5183 1 
8223 1 
8413 1 
7749 1 
7750 1 
7752 1 
934 1 
6506 1 
5791 1 
5792 1 
5794 1 
5795 1 
5798 1 
9015 1 
6528 1 
6530 1 
6692 1 
8392 1 
7754 1 
3564 1 
8511 1 
1501 1 
5644 1 
8463 1 
6194 1 
6196 1 
8224 1 
6679 1 
1479 1 
1480 1 
1488 1 
6420 1 
970 1 
8974 1 
8508 1 
6195 1 
252 1 
3858 1 
3859 1 
3860 1 
5548 1 
6455 1 
3943 1 
5266 1 
6477 1 
6479 1 
6480 1 
6482 1 
6483 1 
5287 1 
6476 1 
8587 1 
8588 1 
8589 1 
6702 1 
4835 1 
8773 1 
8685 1 
8687 1 
7377 1 
9378 1 
9379 1 
7208 1 
8750 1 
8751 1 
8752 1 
8753 1 
8754 1 
8755 1 
8756 1 
8757 1 
8758 1 
8175 1 
8479 1 
8749 1 
5139 1 
6333 1 
7475 1 
7476 1 
7477 2 
7479 2 
8292 2 
8293 2 
8294 2 
4697 2 
5294 2 
5295 2 
5296 2 
5297 2 
6887 2 
9043 2 
9044 2 
375 2 
3866 2 
6867 2 
7443 2 
7444 2 
7445 2 
7446 2 
2094 2 
5570 2 
5571 2 
5650 2 
4210 2 
7688 2 
7690 2 
7691 2 
9338 2 
8138 2 
8139 2 
8140 2 
7126 2 
9067 2 
9068 2 
7537 2 
5370 2 
5173 2 
5175 2 
5729 2 
4578 2 
6664 2 
6666 2 
9031 2 
7317 2 
6526 2 
4803 2 
6634 2 
7589 2 
6872 2 
6000 2 
3274 2 
4794 2 
2462 2 
6472 2 
8711 2 
8712 2 
8713 2 
8731 2 
6853 2 
6855 2 
7277 2 
7275 2 
5083 2 
7977 2 
4767 2 
4768 2 
8235 2 
7276 2 
6838 2 
6839 2 
6359 2 
9329 2 
7344 2 
3970 2 
7320 2 
4295 2 
4297 2 
4296 2 
5302 2 
5697 2 
5702 2 
5703 2 
9342 2 
5269 2 
2826 2 
2830 2 
2832 2 
4934 2 
3292 2 
3300 2 
3301 2 
3302 2 
3303 2 
3304 2 
3305 2 
3306 2 
3307 2 
3308 2 
3309 2 
3310 2 
3311 2 
3312 2 
8496 2 
8375 2 
4223 2 
4224 2 
4232 2 
4234 2 
4236 2 
8539 2 
7482 2 
6686 2 
6190 2 
7426 2 
5368 2 
8803 2 
8804 2 
5771 2 
7098 2 
4080 2 
4081 2 
8449 2 
8450 2 
6869 2 
6520 2 
5174 2 
6697 2 
6699 2 
1661 2 
5766 2 
3692 2 
1658 2 
4403 2 
7361 2 
6885 2 
6698 2 
6376 2 
6377 2 
3256 2 
7542 2 
5385 2 
6320 2 
9261 2 
9262 2 
9263 2 
7810 2 
4583 2 
5538 2 
6382 2 
6462 2 
7388 2 
8642 2 
8643 2 
8645 2 
8646 2 
7652 2 
4353 2 
4727 2 
6469 2 
7130 2 
291 2 
5493 2 
8097 2 
8098 2 
8099 2 
8100 2 
7315 2 
941 2 
8898 2 
8736 2 
8737 2 
5301 2 
5280 2 
5281 2 
7815 2 
5712 2 
5279 2 
3754 2 
3758 2 
3764 2 
3765 2 
3766 2 
9373 2 
9374 2 
298 2 
9369 2 
9370 2 
9371 2 
9372 2 
5692 2 
5553 2 
5554 2 
5555 2 
2009 2 
2010 2 
492 2 
6654 2 
6655 2 
6656 2 
4300 2 
8147 2 
7603 2 
3420 2 
6381 2 
3622 2 
3623 2 
3624 2 
6447 2 
6448 2 
8778 2 
5151 2 
8473 2 
7131 2 
8541 2 
7695 2 
5680 2 
2382 2 
2389 2 
4754 2 
3444 2 
8236 2 
6399 2 
6615 2 
8889 2 
6975 2 
9247 2 
9248 2 
7678 2 
6432 2 
6433 2 
6434 2 
8422 2 
3680 2 
6703 2 
6884 2 
6888 2 
7152 2 
7154 2 
8532 2 
6651 2 
6164 2 
6121 2 
6123 2 
6125 2 
7340 2 
8693 2 
6840 2 
6538 2 
6539 2 
6525 2 
5153 2 
8725 2 
8726 2 
8727 2 
8728 2 
8729 2 
7976 2 
5101 2 
8221 2 
7148 2 
8586 2 
7153 2 
9058 2 
5744 2 
8103 2 
6412 2 
6942 2 
4685 2 
8930 2 
8101 2 
8102 2 
7164 2 
6419 2 
3616 2 
7669 2 
9118 2 
9119 2 
7888 2 
7842 2 
6466 2 
7628 2 
7371 2 
7373 2 
6460 2 
4927 2 
9243 2 
6627 2 
8361 2 
8156 2 
5714 2 
4447 2 
8573 2 
4736 2 
5685 2 
6683 2 
6826 2 
4235 2 
3776 2 
9323 2 
2097 2 
3598 2 
7953 2 
6842 2 
3612 2 
8222 2 
7825 2 
1500 2 
3613 2 
3614 2 
7616 2 
4211 2 
4212 2 
3748 2 
6878 2 
9363 2 
4309 2 
7948 2 
4436 2 
780 2 
783 2 
8189 2 
3929 2 
3759 2 
3760 2 
3761 2 
8118 2 
3298 2 
2095 2 
7702 2 
7151 2 
7374 2 
3649 2 
7411 2 
6657 2 
6658 2 
4242 2 
4243 2 
4251 2 
8836 2 
8837 2 
8838 2 
8219 2 
7945 2 
7597 2 
7701 2 
7643 2 
5525 2 
725 2 
8769 2 
4424 2 
6798 2 
6804 2 
6805 2 
7924 2 
4528 2 
4529 2 
7380 2 
5641 2 
2565 2 
5186 2 
9290 2 
9291 2 
6392 2 
1881 2 
6790 2 
6356 2 
3440 2 
7743 2 
7744 2 
7784 2 
4446 2 
7693 2 
8625 2 
6458 2 
5921 2 
8748 2 
8058 2 
7627 2 
5892 2 
5518 2 
5519 2 
4955 2 
5654 2 
7212 2 
5374 2 
8596 2 
7999 2 
8000 2 
6048 2 
7174 2 
4452 2 
6565 2 
6045 2 
7762 2 
7764 2 
7765 2 
7766 2 
7767 2 
5515 2 
5706 2 
7546 2 
6968 2 
8115 2 
4363 2 
8481 2 
5547 2 
7524 2 
7525 2 
7527 2 
5096 2 
5015 2 
6493 2 
6494 2 
6495 2 
6496 2 
4450 2 
7569 2 
6939 2 
6940 2 
2384 2 
8705 2 
7149 2 
6680 2 
5925 2 
5928 2 
5932 2 
5933 2 
7437 2 
7742 2 
4761 2 
4575 2 
3061 2 
7706 2 
7707 2 
7741 2 
4134 2 
4136 2 
5873 2 
4749 2 
7156 2 
6449 2 
8470 2 
5444 2 
7944 2 
2343 2 
2456 2 
7579 2 
7580 2 
6491 2 
2551 2 
2552 2 
7339 2 
5551 2 
7528 2 
7529 2 
7531 2 
7532 2 
7533 2 
2836 2 
7005 2 
7225 2 
985 2 
4928 2 
6378 2 
7313 2 
3479 2 
7950 2 
6442 2 
9052 2 
9053 2 
4652 2 
9383 2 
9384 2 
9385 2 
30 2 
3611 2 
4285 2 
7838 2 
8090 2 
7530 2 
9368 2 
3587 2 
8781 2 
6436 2 
6438 2 
7994 2 
5764 2 
6315 2 
3933 2 
2090 2 
8951 2 
8952 2 
9083 2 
9084 2 
8151 2 
5369 2 
7555 2 
7055 2 
3729 2 
8152 2 
7369 2 
1663 2 
4800 2 
8542 2 
7256 2 
8150 2 
3722 2 
9331 2 
9332 2 
9333 2 
9334 2 
9335 2 
9336 2 
9337 2 
8530 2 
7909 2 
8127 2 
3237 2 
7780 2 
6351 2 
5523 2 
4802 2 
5455 2 
1487 2 
1407 2 
1417 2 
6695 2 
5265 2 
4334 2 
5298 2 
4220 2 
4221 2 
4330 2 
4214 2 
4215 2 
358 2 
4807 2 
6948 2 
5767 2 
6484 2 
7116 2 
7117 2 
7242 2 
3666 2 
8721 2 
8722 2 
7358 2 
6354 2 
6636 2 
7311 2 
7430 2 
2569 2 
8607 2 
8609 2 
299 2 
6206 2 
8890 2 
8608 2 
8078 2 
6803 2 
3363 2 
7431 2 
7433 2 
7434 2 
7435 2 
7480 2 
7364 2 
7367 2 
7134 2 
394 2 
6450 2 
4726 2 
3660 2 
5217 2 
5218 2 
5219 2 
5220 2 
7873 2 
9236 2 
9320 2 
9321 2 
9322 2 
7170 2 
5503 2 
6463 2 
4725 2 
3503 2 
7070 2 
8569 2 
5215 2 
4657 2 
4658 2 
4659 2 
5445 2 
5446 2 
4491 2 
4496 2 
4501 2 
5338 2 
9150 2 
9273 2 
6843 2 
8384 2 
5476 2 
5477 2 
5531 2 
4323 2 
4324 2 
6314 2 
7803 2 
5649 2 
6414 2 
6415 2 
6416 2 
6418 2 
1499 2 
5171 2 
8334 2 
5491 2 
5492 2 
3969 2 
8869 2 
2837 2 
2845 2 
6435 2 
4576 2 
5696 2 
3720 2 
8191 2 
7694 2 
1835 2 
5162 2 
3062 2 
4752 2 
4753 2 
6938 2 
3579 2 
7451 2 
5426 2 
5429 2 
5431 2 
9154 2 
4222 2 
5154 2 
5721 2 
1206 2 
6171 2 
7321 2 
5432 2 
899 2 
7144 2 
1617 2 
8258 2 
4561 2 
4931 2 
7567 2 
8581 2 
5134 2 
5895 2 
5896 2 
5901 2 
5902 2 
5903 2 
3770 2 
7145 2 
7610 2 
9246 2 
6369 2 
6371 2 
6374 2 
6360 2 
5221 2 
6168 2 
7139 2 
6616 2 
8716 2 
8717 2 
4770 2 
8060 2 
6560 2 
724 2 
8014 2 
7880 2 
6423 2 
6424 2 
6425 2 
8994 2 
7441 2 
7468 2 
7110 2 
955 2 
7551 2 
5634 2 
7572 2 
7573 2 
7575 2 
2008 2 
5168 2 
7459 2 
3757 2 
5983 2 
5984 2 
2101 2 
6907 2 
5522 2 
2385 2 
6681 2 
6682 2 
4539 2 
8202 2 
4512 2 
547 2 
5978 2 
5979 2 
5981 2 
5982 2 
7734 2 
8579 2 
4441 2 
7887 2 
5482 2 
5483 2 
5484 2 
5486 2 
5488 2 
6303 2 
5648 2 
7979 2 
8580 2 
4291 2 
3014 2 
3686 2 
3689 2 
3690 2 
7985 2 
8397 2 
8398 2 
8400 2 
8401 2 
8515 2 
8777 2 
5629 2 
5631 2 
5632 2 
8395 2 
3777 2 
8465 2 
5396 2 
6167 2 
1918 2 
2720 2 
5397 2 
7389 2 
7391 2 
2146 2 
7899 2 
6796 2 
4868 2 
8892 2 
9177 2 
6169 2 
95 2 
7642 2 
9416 2 
4786 2 
4790 2 
4791 2 
4792 2 
4793 2 
5900 2 
6485 2 
6486 2 
334 2 
337 2 
338 2 
340 2 
341 2 
7563 2 
7032 2 
7033 2 
7034 2 
7890 2 
7891 2 
5980 2 
4783 2 
4784 2 
3578 2 
5423 2 
7779 2 
7983 2 
7363 2 
5698 2 
8534 2 
8420 2 
8421 2 
6461 2 
8770 2 
8771 2 
8630 2 
6724 2 
6468 2 
4789 2 
702 2 
710 2 
5534 2 
6934 2 
1928 2 
6886 2 
4208 2 
4397 2 
7770 2 
3492 2 
3499 2 
6932 2 
3599 2 
5740 2 
5741 2 
6891 2 
954 2 
8307 2 
7708 2 
6851 2 
4673 2 
4675 2 
4679 2 
8308 2 
7731 2 
7732 2 
4676 2 
956 2 
5487 2 
5739 2 
1662 2 
4344 2 
8640 2 
4933 2 
7059 2 
7797 2 
7798 2 
7799 2 
7800 2 
5348 2 
3254 2 
7111 2 
5267 2 
5270 2 
6929 2 
4562 2 
4609 2 
2850 2 
6478 2 
2851 2 
5237 2 
7342 2 
9222 2 
9223 2 
9224 2 
9225 2 
9226 2 
9227 2 
9228 2 
6295 2 
3402 2 
2842 2 
9404 2 
9405 2 
5640 2 
8298 2 
5458 2 
6133 2 
5898 2 
3323 2 
4209 2 
7181 2 
6614 2 
3562 2 
7146 2 
7147 2 
5678 2 
8718 2 
3082 2 
6999 2 
2379 2 
7649 2 
5473 2 
1416 2 
5472 2 
8146 2 
6285 2 
6286 2 
6287 2 
6290 2 
9411 2 
9412 2 
9413 2 
4130 2 
7469 2 
4490 2 
7568 2 
9272 2 
6718 2 
8376 2 
7207 2 
8531 2 
9040 2 
6707 2 
7663 2 
7664 2 
7751 2 
6512 2 
7356 2 
5797 2 
4579 2 
5926 2 
5914 2 
5915 2 
5917 2 
950 2 
4852 2 
4854 2 
4855 2 
6793 2 
8738 2 
7173 2 
4801 2 
7031 2 
8347 2 
8350 2 
5462 2 
7299 2 
4336 2 
6868 2 
8248 2 
5524 2 
3320 2 
7161 2 
953 2 
4401 2 
5152 2 
5177 2 
4568 2 
7474 2 
5231 2 
5233 2 
5234 2 
5235 2 
4258 2 
3752 2 
4404 2 
7421 2 
2831 2 
5141 2 
5742 2 
5593 2 
4842 2 
5364 2 
7601 2 
2675 2 
2679 2 
2685 2 
9410 2 
8676 2 
6880 2 
6214 2 
3485 2 
900 2 
8677 2 
2787 2 
6437 2 
2180 2 
2181 2 
2182 2 
2183 2 
6344 2 
5172 2 
6569 2 
6191 2 
8349 2 
7599 2 
3962 2 
8984 2 
7646 2 
2174 2 
2178 2 
5161 2 
7760 2 
8606 2 
4571 2 
3493 2 
6995 2 
2849 2 
8131 2 
7257 2 
7260 2 
5469 2 
7192 2 
2980 2 
7821 2 
7822 2 
7823 2 
5226 2 
5931 2 
7258 2 
7259 2 
7699 2 
5998 2 
6215 2 
4042 2 
2002 2 
9426 2 
9427 2 
9428 2 
9429 2 
9430 2 
9431 2 
9432 2 
9433 2 
9434 2 
9435 2 
5430 2 
8186 2 
2993 2 
2994 2 
2995 2 
1759 2 
6312 2 
6292 2 
6998 2 
4302 2 
5893 2 
1750 2 
9283 2 
9284 2 
9285 2 
9286 2 
9287 2 
9288 2 
9289 2 
5735 2 
2473 2 
5450 2 
1925 2 
4287 2 
5384 2 
4540 2 
7679 2 
7609 2 
2550 2 
2529 2 
8419 2 
4335 2 
3282 2 
8348 2 
3927 2 
6996 2 
6400 2 
5785 2 
8336 2 
2901 2 
4437 2 
8327 2 
2186 2 
5775 2 
4724 2 
7303 2 
7308 2 
7309 2 
8724 2 
5447 2 
6289 2 
396 2 
2835 2 
7570 2 
7327 2 
3936 2 
695 2 
8644 2 
3501 2 
2561 2 
6336 2 
6338 2 
7624 2 
7621 2 
7622 2 
905 2 
4531 2 
4269 2 
4272 2 
4274 2 
7600 2 
5905 2 
3443 2 
8011 2 
6205 2 
9049 2 
9050 2 
9051 2 
8008 2 
2843 2 
1600 2 
4181 2 
7835 2 
6669 2 
6670 2 
6794 2 
2930 2 
5635 2 
4433 2 
5573 2 
7329 2 
3593 2 
3055 2 
3056 2 
4346 2 
7062 2 
17 2 
8528 2 
6170 2 
7729 2 
6294 2 
8610 2 
6505 2 
2983 2 
1486 2 
4500 2 
5463 2 
4257 2 
2718 2 
4682 2 
8206 2 
769 2 
7382 2 
5176 2 
7454 2 
2004 2 
8396 2 
3236 2 
4391 2 
4306 2 
9382 2 
2328 2 
7951 2 
6954 2 
8390 2 
8391 2 
6981 2 
3646 2 
3678 2 
1628 2 
2997 2 
7790 2 
7791 2 
5643 2 
7539 2 
2286 2 
2289 2 
3589 2 
6446 2 
8300 2 
8345 2 
2362 2 
7761 2 
6795 2 
5597 2 
4787 2 
7030 2 
8418 2 
5788 2 
5789 2 
7650 2 
5259 2 
6632 2 
8604 2 
8070 2 
8071 2 
5261 2 
6053 2 
6054 2 
6055 2 
6056 2 
6057 2 
6058 2 
6059 2 
6060 2 
6061 2 
6062 2 
5969 2 
8605 2 
7091 2 
8394 2 
7060 2 
6065 2 
3043 2 
6064 2 
6950 2 
5762 2 
4690 2 
4691 2 
7980 2 
7981 2 
3022 2 
8012 2 
7619 2 
7698 2 
6489 2 
8280 2 
4952 2 
3483 2 
4632 2 
4739 2 
4740 2 
4604 2 
4610 2 
6582 2 
6989 2 
3594 2 
3595 2 
8067 2 
6202 2 
6554 2 
7375 2 
7163 2 
2000 2 
3762 2 
7319 2 
7550 2 
8076 2 
7905 2 
7038 2 
7138 2 
7620 2 
8185 2 
6717 2 
4677 2 
3849 2 
6152 2 
4696 2 
2334 2 
6519 2 
5713 2 
8663 2 
6991 2 
8351 2 
7341 2 
1888 2 
1890 2 
8144 2 
8145 2 
3669 2 
5812 2 
5813 2 
5814 2 
5815 2 
5816 2 
5817 2 
5819 2 
5820 2 
5821 2 
5823 2 
5825 2 
5826 2 
5828 2 
5829 2 
5833 2 
5834 2 
5835 2 
5836 2 
5837 2 
5838 2 
5839 2 
5840 2 
5841 2 
5842 2 
7157 2 
3445 2 
8706 2 
5160 2 
4686 2 
8273 2 
6304 2 
7210 2 
7648 2 
4785 2 
7025 2 
5157 2 
8686 2 
2311 2 
8472 2 
1660 2 
7294 2 
6221 2 
6223 2 
6225 2 
6226 2 
6227 2 
6228 2 
6229 2 
6230 2 
6232 2 
6233 2 
6234 2 
6235 2 
6236 2 
2158 2 
7348 2 
7400 2 
7403 2 
7404 2 
7406 2 
7407 2 
7408 2 
6291 2 
4413 2 
4418 2 
4420 2 
4421 2 
4422 2 
4423 2 
8087 2 
4277 2 
3476 2 
8088 2 
8247 2 
7035 2 
6417 2 
3618 2 
4948 2 
5562 2 
5564 2 
3073 2 
6193 2 
6844 2 
6846 2 
2581 2 
2582 2 
2583 2 
2584 2 
2585 2 
2587 2 
2598 2 
5158 2 
3865 2 
535 2 
4780 2 
5239 2 
4327 2 
1351 2 
7879 2 
8072 2 
7998 2 
2894 2 
7598 2 
9271 2 
6802 2 
917 2 
7591 2 
7592 2 
7593 2 
7594 2 
7666 2 
6165 2 
4898 2 
2717 2 
3006 2 
4880 2 
3709 2 
6263 2 
6264 2 
6265 2 
6268 2 
6270 2 
6271 2 
6273 2 
6274 2 
6275 2 
6277 2 
6278 2 
6280 2 
6281 2 
6282 2 
6284 2 
5996 2 
8719 2 
8310 2 
4304 2 
4355 2 
6119 2 
4830 2 
4831 2 
4832 2 
6137 2 
2154 2 
4829 2 
4741 2 
7323 2 
6852 2 
7753 2 
5442 2 
6513 2 
6894 2 
6334 2 
5720 2 
5681 2 
290 2 
3446 2 
4449 2 
7874 2 
7875 2 
5010 2 
6550 2 
2766 2 
5163 2 
8632 2 
8633 2 
2378 2 
7856 2 
7858 2 
7859 2 
7860 2 
7861 2 
7862 2 
7863 2 
7864 2 
7865 2 
7866 2 
7485 2 
7486 2 
7487 2 
7488 2 
7489 2 
7490 2 
7492 2 
7493 2 
7494 2 
7495 2 
7496 2 
7497 2 
7499 2 
7500 2 
7501 2 
7502 2 
7503 2 
7504 2 
7505 2 
7506 2 
7508 2 
7509 2 
7510 2 
7511 2 
7512 2 
7513 2 
7514 2 
7515 2 
7516 2 
7517 2 
7518 2 
7519 2 
7521 2 
6604 2 
7855 2 
7910 2 
7912 2 
7913 2 
7914 2 
7915 2 
7916 2 
3527 2 
8614 2 
7829 2 
7854 2 
3751 2 
4159 2 
3741 2 
8010 2 
9414 2 
9415 2 
2797 2 
5478 2 
6421 2 
8295 2 
8459 2 
2763 2 
6617 2 
1833 2 
5552 2 
6652 2 
4642 2 
4643 2 
4647 2 
4648 2 
4649 2 
4650 2 
1492 2 
5443 2 
4771 2 
4412 2 
5345 2 
4168 2 
4169 2 
4172 2 
4640 2 
4641 2 
7362 2 
4826 2 
8153 2 
4629 2 
5460 2 
3725 2 
3726 2 
3727 2 
6881 2 
4645 2 
7104 2 
7836 2 
3774 2 
91 2 
5449 2 
6475 2 
7562 2 
4630 2 
3942 2 
5617 2 
5618 2 
5619 2 
2599 2 
5363 2 
6364 2 
4517 2 
3009 2 
4360 2 
4310 2 
5601 2 
5602 2 
7958 2 
7959 2 
7960 2 
7961 2 
7963 2 
7964 2 
7965 2 
7966 2 
7967 2 
7968 2 
7969 2 
6941 2 
7214 2 
7217 2 
7218 2 
8510 2 
270 2 
5682 2 
1508 2 
9406 2 
9407 2 
7442 2 
7848 2 
7850 2 
7851 2 
7241 2 
7615 2 
8149 2 
2156 2 
6276 2 
2338 2 
5737 2 
5590 2 
2770 2 
6558 2 
3973 2 
3976 2 
4544 2 
4553 2 
7984 2 
7343 2 
7036 2 
1999 2 
4550 2 
3401 2 
5194 2 
3937 2 
7868 2 
4078 2 
2773 2 
1844 2 
1854 2 
1856 2 
6637 2 
5787 2 
3042 2 
3856 2 
6924 2 
7869 2 
3604 2 
4442 2 
7201 2 
4760 2 
6553 2 
6555 2 
2457 2 
5082 2 
5291 2 
8979 2 
6899 2 
5783 2 
5615 2 
1645 2 
1646 2 
1648 2 
7608 2 
9294 2 
6875 2 
6865 2 
6801 2 
2680 2 
9093 2 
2669 2 
4231 2 
2294 2 
2306 2 
2307 2 
2309 2 
6773 2 
6775 2 
6069 2 
7061 2 
4644 2 
3498 2 
525 2 
6352 2 
7456 2 
2282 2 
7792 2 
5225 2 
3070 2 
1869 2 
4781 2 
8852 2 
3322 2 
5694 2 
5334 2 
5913 2 
4326 2 
5773 2 
6373 2 
6863 2 
7283 2 
7284 2 
5091 2 
5092 2 
5093 2 
3205 2 
4273 2 
6862 2 
4672 2 
506 2 
9099 2 
8154 2 
4516 2 
6893 2 
5032 2 
6154 2 
7844 2 
7846 2 
7847 2 
6943 2 
2681 2 
3491 2 
7523 2 
4660 2 
1611 2 
2792 2 
7172 2 
7498 2 
7224 2 
6372 2 
4348 2 
7295 2 
7296 2 
7298 2 
5716 2 
7897 2 
4688 2 
3369 2 
4226 2 
6310 2 
6313 2 
8187 2 
5761 2 
5126 2 
5127 2 
5128 2 
5129 2 
7067 2 
6778 2 
7432 2 
7314 2 
4631 2 
3266 2 
7747 2 
2489 2 
2514 2 
2515 2 
2516 2 
2517 2 
2518 2 
5204 2 
7564 2 
1201 2 
6921 2 
3267 2 
2774 2 
7720 2 
5040 2 
7073 2 
7074 2 
7075 2 
5793 2 
4798 2 
3736 2 
7785 2 
2933 2 
2160 2 
1659 2 
2935 2 
1851 2 
8678 2 
7471 2 
4387 2 
5303 2 
7045 2 
7046 2 
1494 2 
7857 2 
3059 2 
4461 2 
2295 2 
7470 2 
4313 2 
7484 2 
6138 2 
1408 2 
8603 2 
729 2 
6784 2 
6785 2 
6786 2 
6787 2 
8767 2 
7288 2 
7289 2 
7662 2 
4841 2 
7740 2 
6920 2 
5366 2 
5341 2 
8077 2 
6150 2 
3721 2 
9295 2 
2360 2 
4389 2 
4320 2 
5212 2 
2721 2 
4656 2 
5659 2 
4127 2 
4373 2 
5354 2 
5359 2 
5360 2 
6800 2 
4653 2 
4655 2 
8641 2 
3050 2 
6709 2 
6710 2 
6712 2 
5600 2 
4563 2 
4687 2 
3408 2 
6511 2 
6933 2 
5844 2 
5845 2 
5846 2 
5847 2 
5849 2 
5850 2 
5851 2 
5852 2 
5853 2 
5422 2 
5436 2 
7200 2 
4805 2 
7704 2 
4751 2 
2341 2 
5516 2 
3688 2 
3592 2 
283 2 
5020 2 
5024 2 
1757 2 
8480 2 
5433 2 
5428 2 
935 2 
4535 2 
7993 2 
14 2 
7305 2 
7661 2 
3264 2 
3265 2 
2170 2 
2383 2 
962 2 
7801 2 
7802 2 
4817 2 
4819 2 
4820 2 
4821 2 
4822 2 
4824 2 
2285 2 
5545 2 
2764 2 
4839 2 
7852 2 
3295 2 
6541 2 
3706 2 
6481 2 
5085 2 
5262 2 
6949 2 
6618 2 
6693 2 
3484 2 
6413 2 
2762 2 
4160 2 
4555 2 
8399 2 
8075 2 
6066 2 
4524 2 
4525 2 
4526 2 
1859 2 
6620 2 
5578 2 
5579 2 
6608 2 
6609 2 
6610 2 
6465 2 
3559 2 
4904 2 
6797 2 
4337 2 
7026 2 
3456 2 
3463 2 
3466 2 
4910 2 
4288 2 
4698 2 
7439 2 
4312 2 
6262 2 
7680 2 
7735 2 
3603 2 
7193 2 
7759 2 
4799 2 
1834 2 
2086 2 
5169 3 
2336 3 
2900 3 
3340 3 
4135 3 
4911 3 
2559 3 
7306 3 
8430 3 
8431 3 
8432 3 
3331 3 
8329 3 
3580 3 
8795 3 
8796 3 
5871 3 
7115 3 
4278 3 
4806 3 
84 3 
86 3 
6198 3 
6199 3 
6453 3 
7726 3 
6306 3 
6308 3 
3327 3 
6200 3 
6201 3 
6959 3 
6776 3 
348 3 
4394 3 
533 3 
6068 3 
8797 3 
2188 3 
7287 3 
7039 3 
5639 3 
4276 3 
4084 3 
7185 3 
7186 3 
1512 3 
6441 3 
3941 3 
7878 3 
7871 3 
3769 3 
4252 3 
8284 3 
3299 3 
6953 3 
5337 3 
8134 3 
8135 3 
8136 3 
3780 3 
3781 3 
3782 3 
3783 3 
3785 3 
3787 3 
3788 3 
3789 3 
3790 3 
3791 3 
3793 3 
3794 3 
3795 3 
3801 3 
3803 3 
3804 3 
3805 3 
3806 3 
3807 3 
3808 3 
3809 3 
3810 3 
3813 3 
3814 3 
3815 3 
3817 3 
3818 3 
3820 3 
3821 3 
3822 3 
3824 3 
3825 3 
3826 3 
3827 3 
3828 3 
3832 3 
3835 3 
3836 3 
3837 3 
3839 3 
3840 3 
3847 3 
7957 3 
5007 3 
7415 3 
3681 3 
2137 3 
5878 3 
1410 3 
4171 3 
3610 3 
3753 3 
7094 3 
4601 3 
7595 3 
3063 3 
6661 3 
6258 3 
8299 3 
4938 3 
4940 3 
4941 3 
4943 3 
5448 3 
100 3 
694 3 
523 3 
524 3 
1627 3 
6598 3 
6599 3 
6600 3 
6602 3 
6529 3 
3961 3 
5521 3 
6823 3 
4735 3 
5023 3 
8009 3 
2368 3 
5599 3 
4865 3 
2185 3 
3784 3 
3786 3 
3796 3 
3800 3 
3802 3 
3811 3 
3816 3 
3823 3 
3829 3 
3830 3 
3831 3 
3842 3 
5090 3 
6571 3 
6575 3 
7534 3 
5485 3 
70 3 
74 3 
78 3 
81 3 
82 3 
83 3 
8274 3 
2013 3 
6129 3 
6130 3 
6132 3 
349 3 
5191 3 
8615 3 
9022 3 
9023 3 
7160 3 
5603 3 
2372 3 
5997 3 
7955 3 
6585 3 
6590 3 
4552 3 
2370 3 
6444 3 
8378 3 
8379 3 
8381 3 
8382 3 
8383 3 
4289 3 
5292 3 
6587 3 
7872 3 
4456 3 
4457 3 
8121 3 
4250 3 
4173 3 
4174 3 
4247 3 
4249 3 
7334 3 
7335 3 
3477 3 
4325 3 
5854 3 
4777 3 
719 3 
2017 3 
7618 3 
3563 3 
7677 3 
6963 3 
8085 3 
71 3 
72 3 
75 3 
77 3 
79 3 
90 3 
6301 3 
6050 3 
2007 3 
7352 3 
5581 3 
3015 3 
3462 3 
6298 3 
6051 3 
7355 3 
4795 3 
4902 3 
3437 3 
5822 3 
5824 3 
5827 3 
5830 3 
5831 3 
6272 3 
8262 3 
4859 3 
2284 3 
6594 3 
7332 3 
4150 3 
3733 3 
3763 3 
3732 3 
197 3 
4515 3 
4856 3 
4857 3 
4543 3 
3317 3 
3940 3 
5693 3 
8207 3 
8208 3 
3410 3 
269 3 
8164 3 
8133 3 
3638 3 
3643 3 
3641 3 
3642 3 
8789 3 
8790 3 
8791 3 
8792 3 
8793 3 
7946 3 
7428 3 
4332 3 
7867 3 
8788 3 
2674 3 
8162 3 
6713 3 
5630 3 
2589 3 
1889 3 
5050 3 
2176 3 
5494 3 
1497 3 
2682 3 
4460 3 
952 3 
6224 3 
4241 3 
5690 3 
2810 3 
7906 3 
7907 3 
6660 3 
7213 3 
1191 3 
8161 3 
4206 3 
6319 3 
6366 3 
4897 3 
2499 3 
3979 3 
5155 3 
8312 3 
4755 3 
7076 3 
7889 3 
7956 3 
7904 3 
2771 3 
7777 3 
7071 3 
7072 3 
4513 3 
7232 3 
7233 3 
7234 3 
5588 3 
4311 3 
3639 3 
6931 3 
3640 3 
5197 3 
5200 3 
7876 3 
7150 3 
7892 3 
5859 3 
4063 3 
3931 3 
2934 3 
6806 3 
6777 3 
7805 3 
3441 3 
3488 3 
3739 3 
7947 3 
7092 3 
1850 3 
7794 3 
3715 3 
3329 3 
5156 3 
8335 3 
4782 3 
7252 3 
7368 3 
6588 3 
7630 3 
7631 3 
7632 3 
7633 3 
7806 3 
6508 3 
3090 3 
3095 3 
3096 3 
3097 3 
3098 3 
3099 3 
3100 3 
3101 3 
3102 3 
3103 3 
3104 3 
3105 3 
3106 3 
3107 3 
3108 3 
3109 3 
3110 3 
3111 3 
3112 3 
3113 3 
3114 3 
3115 3 
3116 3 
3117 3 
3118 3 
3119 3 
3120 3 
3121 3 
3122 3 
3123 3 
3124 3 
3125 3 
3126 3 
3127 3 
3128 3 
3129 3 
3130 3 
3131 3 
3132 3 
3133 3 
3134 3 
3135 3 
3136 3 
3137 3 
3138 3 
3139 3 
3140 3 
3141 3 
3142 3 
3143 3 
3144 3 
3145 3 
3146 3 
3147 3 
3148 3 
3149 3 
3150 3 
3151 3 
3152 3 
3153 3 
3154 3 
3155 3 
3156 3 
3157 3 
3158 3 
3159 3 
3160 3 
3161 3 
3162 3 
3163 3 
3164 3 
3165 3 
3166 3 
3167 3 
3168 3 
3169 3 
3170 3 
3171 3 
6827 3 
6835 3 
2670 3 
8211 3 
6829 3 
3591 3 
6837 3 
7417 3 
5427 3 
7083 3 
7084 3 
7465 3 
5081 3 
6788 3 
5995 3 
7676 3 
7896 3 
6144 3 
3656 3 
3657 3 
7081 3 
7895 3 
5733 3 
3573 3 
2153 3 
7318 3 
4157 3 
3289 3 
5097 3 
5352 3 
6343 3 
2088 3 
8069 3 
7271 3 
7272 3 
7274 3 
6244 3 
4137 3 
7586 3 
3269 3 
5313 3 
5316 3 
5318 3 
4605 3 
8320 3 
775 3 
7357 3 
4329 3 
7365 3 
6854 3 
2728 3 
1643 3 
7158 3 
4340 3 
7675 3 
5977 3 
7353 3 
2187 3 
6810 3 
4213 3 
6128 3 
6443 3 
6563 3 
5645 3 
8004 3 
5778 3 
4198 3 
4199 3 
4201 3 
4203 3 
4204 3 
7376 3 
6945 3 
6946 3 
7605 3 
2904 3 
3899 3 
3900 3 
3901 3 
3902 3 
3908 3 
3909 3 
4766 3 
7279 3 
5861 3 
5855 3 
3321 3 
7574 3 
4541 3 
3399 3 
4372 3 
7898 3 
5312 3 
5325 3 
7354 3 
5317 3 
5322 3 
5323 3 
6584 3 
5324 3 
7467 3 
6688 3 
3365 3 
6052 3 
2330 3 
6204 3 
2464 3 
24 3 
3670 3 
3674 3 
3675 3 
2513 3 
4905 3 
7596 3 
5063 3 
5076 3 
6866 3 
7483 3 
2460 3 
5882 3 
8209 3 
8210 3 
7746 3 
7330 3 
2109 3 
2579 3 
2982 3 
5043 3 
3747 3 
1867 3 
7507 3 
6662 3 
6231 3 
6332 3 
6179 3 
6180 3 
6185 3 
6189 3 
4646 3 
931 3 
6178 3 
926 3 
4930 3 
3574 3 
2597 3 
6668 3 
6967 3 
4377 3 
5605 3 
5610 3 
7302 3 
3019 3 
5344 3 
5038 3 
8942 3 
8943 3 
3655 3 
2099 3 
8948 3 
9089 3 
9090 3 
3271 3 
1927 3 
3977 3 
7328 3 
5811 3 
6299 3 
4448 3 
6592 3 
4596 3 
4138 3 
5536 3 
4366 3 
6552 3 
4233 3 
4901 3 
5598 3 
544 3 
6531 3 
335 3 
6696 3 
7933 3 
727 3 
7350 3 
1223 3 
4695 3 
5732 3 
6209 3 
5080 3 
9268 3 
9269 3 
9270 3 
5561 3 
2469 3 
4055 3 
4105 3 
4109 3 
4110 3 
4111 3 
4318 3 
342 3 
343 3 
7733 3 
6814 3 
6816 3 
6817 3 
6203 3 
5500 3 
4268 3 
928 3 
929 3 
5865 3 
5868 3 
5869 3 
4504 3 
1210 3 
3451 3 
7159 3 
530 3 
3229 3 
6864 3 
7908 3 
5277 3 
6633 3 
6572 3 
6586 3 
6375 3 
3398 3 
8448 3 
7124 3 
7125 3 
3653 3 
4352 3 
4376 3 
6177 3 
4763 3 
1342 3 
1344 3 
967 3 
4123 3 
6515 3 
7029 3 
3838 3 
8120 3 
2732 3 
8597 3 
8598 3 
8599 3 
8600 3 
8601 3 
8602 3 
2592 3 
1331 3 
3068 3 
4357 3 
4301 3 
7853 3 
5358 3 
4378 3 
6822 3 
50 3 
3684 3 
1513 3 
8575 3 
6459 3 
5474 3 
8096 3 
9345 3 
9346 3 
9347 3 
9349 3 
9350 3 
9351 3 
9352 3 
9353 3 
9354 3 
9355 3 
9356 3 
9357 3 
2179 3 
7561 3 
5890 3 
4944 3 
7911 3 
6708 3 
4757 3 
7087 3 
983 3 
2808 3 
4202 3 
4732 3 
5782 3 
7196 3 
5416 3 
5418 3 
5419 3 
5420 3 
4167 3 
502 3 
5073 3 
3039 3 
4282 3 
1753 3 
4438 3 
3065 3 
5346 3 
5198 3 
2914 3 
2915 3 
2921 3 
7106 3 
7107 3 
7109 3 
4115 3 
6370 3 
4666 3 
7394 3 
7395 3 
7397 3 
7398 3 
7399 3 
2923 3 
3490 3 
5651 3 
2005 3 
5596 3 
3634 3 
2342 3 
3658 3 
7436 3 
4508 3 
3069 3 
2683 3 
2855 3 
6848 3 
6593 3 
4810 3 
4811 3 
4812 3 
4816 3 
3031 3 
3609 3 
2364 3 
8651 3 
8652 3 
8653 3 
8654 3 
8655 3 
8656 3 
8657 3 
8658 3 
8660 3 
4505 3 
7080 3 
5030 3 
521 3 
1848 3 
6134 3 
5972 3 
4748 3 
7626 3 
3926 3 
7228 3 
3330 3 
7291 3 
4143 3 
7226 3 
4151 3 
4823 3 
8941 3 
6019 3 
6022 3 
6028 3 
6034 3 
6035 3 
6037 3 
6039 3 
6040 3 
6042 3 
6043 3 
6267 3 
5227 3 
4778 3 
4745 3 
2738 3 
6008 3 
6038 3 
5627 3 
5628 3 
6266 3 
7460 3 
7949 3 
6426 3 
7748 3 
4843 3 
6147 3 
6149 3 
2554 3 
6293 3 
4542 3 
3965 3 
6990 3 
7424 3 
4851 3 
3635 3 
2455 3 
5305 3 
7831 3 
7832 3 
7833 3 
7834 3 
6307 3 
5415 3 
5417 3 
5421 3 
6517 3 
6346 3 
6347 3 
6067 3 
2929 3 
1860 3 
4245 3 
1917 3 
5848 3 
5546 3 
4746 3 
2321 3 
266 3 
6342 3 
1332 3 
4606 3 
7705 3 
1846 3 
7293 3 
7987 3 
7988 3 
7718 3 
8275 3 
7989 3 
4747 3 
3036 3 
4254 3 
7121 3 
2804 3 
7795 3 
4131 3 
7188 3 
7007 3 
7016 3 
7018 3 
7019 3 
7021 3 
7024 3 
2166 3 
2593 3 
6824 3 
2601 3 
2602 3 
2603 3 
2609 3 
2610 3 
2611 3 
2613 3 
2614 3 
2616 3 
2617 3 
2620 3 
2621 3 
2622 3 
2623 3 
2624 3 
2625 3 
2626 3 
2627 3 
2628 3 
2629 3 
2630 3 
2631 3 
2632 3 
2633 3 
2634 3 
2635 3 
2636 3 
2637 3 
2638 3 
2639 3 
2640 3 
2641 3 
2642 3 
2643 3 
2644 3 
2645 3 
2646 3 
2647 3 
2648 3 
2649 3 
2650 3 
2651 3 
2652 3 
2653 3 
2654 3 
2655 3 
2656 3 
2657 3 
2658 3 
2659 3 
2660 3 
2661 3 
2662 3 
2663 3 
4049 3 
4052 3 
7466 3 
6166 3 
8635 3 
7535 3 
4051 3 
8659 3 
5749 3 
4048 3 
5591 3 
4764 3 
3464 3 
275 3 
4459 3 
6621 3 
7928 3 
4680 3 
3078 3 
5255 3 
2177 3 
5321 3 
3272 3 
3094 3 
4702 3 
4615 3 
760 3 
6153 3 
5306 3 
8377 3 
6311 3 
23 3 
2847 3 
7122 3 
7123 3 
1310 3 
8001 3 
2981 3 
2480 3 
6029 3 
3867 3 
3005 3 
1616 3 
4858 3 
6036 3 
3315 3 
7022 3 
3869 3 
3876 3 
2361 3 
6811 3 
3387 3 
3388 3 
3389 3 
3390 3 
6589 3 
3377 3 
330 3 
1477 3 
5393 3 
4548 3 
6159 3 
6160 3 
6161 3 
6162 3 
4116 3 
5125 3 
2141 3 
2453 3 
938 3 
4654 3 
1515 3 
6010 3 
6808 3 
5282 3 
7478 3 
6667 3 
7175 3 
6032 3 
3975 3 
5390 3 
4734 3 
3561 3 
4737 3 
961 3 
7919 3 
7921 3 
7922 3 
5966 3 
6638 3 
6643 3 
6645 3 
6649 3 
6650 3 
3494 3 
6509 3 
8408 3 
263 3 
5985 3 
3677 3 
4085 3 
6524 3 
5006 3 
943 3 
5784 3 
7986 3 
6367 3 
4379 3 
5770 3 
6641 3 
8169 3 
3280 3 
5389 3 
4769 3 
4108 3 
4661 3 
4662 3 
6546 3 
2729 3 
6534 3 
6544 3 
2451 3 
4343 3 
7982 3 
5187 3 
7464 3 
6812 3 
6597 3 
6122 3 
2310 3 
7215 3 
1386 3 
1230 3 
7553 3 
3893 3 
5022 3 
4246 3 
7472 3 
1495 3 
4338 3 
1612 3 
3903 3 
6715 3 
2955 3 
2958 3 
2959 3 
2963 3 
2964 3 
2965 3 
8380 3 
4837 3 
3478 3 
4349 3 
4119 3 
5388 3 
6340 3 
2373 3 
6004 3 
3974 3 
5885 3 
5604 3 
5606 3 
5607 3 
5608 3 
5609 3 
5611 3 
5612 3 
6018 3 
9348 3 
4368 3 
107 3 
6300 3 
388 3 
3888 3 
541 3 
1929 3 
1399 3 
4331 3 
7809 3 
4400 3 
5992 3 
5760 3 
6640 3 
1401 3 
6774 3 
6248 3 
6251 3 
6252 3 
6254 3 
6255 3 
5727 3 
5728 3 
4149 3 
8662 3 
7379 3 
5881 3 
5070 3 
6393 3 
6944 3 
5934 3 
5942 3 
5950 3 
5953 3 
5955 3 
5956 3 
5957 3 
5958 3 
5959 3 
5965 3 
4840 3 
7184 3 
1302 3 
7828 3 
6151 3 
5935 3 
5990 3 
5135 3 
2335 3 
7629 3 
5973 3 
5456 3 
5671 3 
5672 3 
3590 3 
7331 3 
5299 3 
7739 3 
6261 3 
6348 3 
5036 3 
4743 3 
3407 3 
8423 3 
4286 3 
4892 3 
4895 3 
8006 3 
3037 3 
3497 3 
5308 3 
6799 3 
4885 3 
4564 3 
2827 3 
4588 3 
4896 3 
7405 3 
3392 3 
326 3 
765 3 
2164 3 
6828 3 
5293 3 
7900 3 
5560 3 
6021 3 
958 3 
5412 3 
3890 3 
4230 3 
2705 3 
2706 3 
781 3 
5780 3 
4549 3 
6126 3 
4708 3 
2905 3 
6257 3 
5408 3 
4200 3 
2271 3 
5544 3 
6706 3 
4265 3 
1134 3 
1148 3 
5414 3 
7378 3 
4240 3 
4909 3 
5514 3 
294 3 
6141 3 
178 3 
5616 3 
4142 3 
6063 3 
1400 3 
2159 3 
4845 3 
4194 3 
336 3 
4942 3 
1225 3 
5195 3 
3797 3 
3798 3 
3799 3 
3819 3 
3833 3 
3834 3 
3843 3 
3844 3 
7372 3 
2966 3 
4429 3 
3558 3 
4419 3 
7012 3 
7013 3 
2096 3 
3631 3 
3539 3 
3542 3 
5342 3 
3425 3 
4815 3 
5362 3 
5230 3 
6174 3 
2974 3 
6009 3 
6027 3 
6925 3 
2352 3 
6302 3 
7249 3 
7926 3 
7918 3 
8311 3 
2944 3 
2848 3 
982 3 
3395 3 
2571 3 
3075 3 
2676 3 
73 3 
2331 3 
2887 3 
5689 3 
4485 3 
504 3 
5929 3 
4365 3 
6833 3 
7414 3 
7370 3 
5759 3 
3812 3 
3841 3 
2932 3 
6158 3 
4483 3 
4828 3 
4386 3 
2889 3 
6935 3 
6937 3 
2984 3 
6139 3 
5047 3 
2790 3 
4619 3 
4267 3 
7119 3 
3626 3 
76 3 
80 3 
4107 3 
3474 3 
6349 3 
4750 3 
3792 3 
5288 3 
6283 3 
4165 3 
6711 3 
4050 3 
3287 3 
4495 3 
7401 3 
5410 3 
4486 3 
3442 3 
5330 3 
5075 3 
3718 3 
4458 3 
3534 3 
5051 3 
4492 3 
1595 3 
3889 3 
4616 3 
4179 3 
7920 3 
2704 3 
722 3 
2953 3 
2573 3 
2857 3 
4689 3 
4427 3 
4587 3 
4899 3 
2269 3 
5355 3 
3325 3 
4284 3 
2576 3 
7390 3 
7723 3 
6454 3 
7243 3 
3176 3 
3353 3 
3354 3 
5924 3 
2710 3 
5399 3 
5404 3 
5963 3 
7941 3 
7942 3 
1204 3 
5008 3 
6384 3 
1295 3 
1323 3 
1333 3 
1334 3 
4321 3 
1197 3 
2880 3 
2883 3 
2884 3 
2885 3 
2116 3 
5575 3 
4569 3 
6070 3 
6071 3 
6072 3 
6075 3 
6077 3 
6078 3 
6079 3 
6084 3 
6086 3 
6089 3 
6091 3 
6093 3 
6096 3 
6097 3 
6098 3 
6099 3 
6100 3 
6103 3 
6104 3 
6106 3 
6108 3 
6109 3 
6110 3 
6111 3 
6115 3 
5952 3 
5207 3 
6155 3 
5309 3 
4416 3 
6101 3 
6116 3 
5944 3 
4347 3 
339 3 
5738 3 
728 3 
7392 3 
6498 3 
8346 3 
6087 3 
4248 3 
308 3 
5274 3 
6095 3 
7120 3 
2555 3 
6947 3 
6094 3 
2365 3 
344 3 
3459 3 
2538 3 
4066 3 
4076 3 
7939 3 
5031 3 
7044 3 
6329 3 
6085 3 
4141 3 
6023 3 
7105 3 
1326 3 
7402 3 
5037 3 
8631 3 
2461 3 
8574 3 
96 3 
518 3 
5264 3 
3436 3 
3324 3 
2003 3 
774 3 
8502 3 
8503 3 
8504 3 
8505 3 
8506 3 
8507 3 
7689 3 
6080 3 
5079 3 
3460 3 
7870 3 
2149 3 
3199 3 
69 3 
2967 3 
7917 3 
6936 3 
5752 3 
2712 3 
5947 3 
332 3 
2960 3 
4639 3 
4912 3 
262 3 
2308 3 
5790 3 
6007 3 
5880 3 
4818 3 
2369 3 
2701 3 
7526 3 
5930 3 
3701 3 
6247 3 
3318 3 
5438 3 
1828 3 
1830 3 
5067 3 
5068 3 
3394 3 
887 3 
1317 3 
966 3 
2783 3 
3281 3 
1975 3 
717 3 
5724 3 
5725 3 
5252 3 
6012 3 
5425 3 
3277 3 
3980 3 
7719 3 
6847 3 
4932 3 
4867 3 
4484 3 
5193 3 
1862 3 
5223 3 
7884 3 
7885 3 
7886 3 
3978 3 
5994 3 
3886 3 
3384 3 
4532 3 
6114 3 
6490 3 
5304 3 
7571 3 
4118 3 
3461 3 
43 3 
2754 3 
4225 3 
3453 3 
1955 3 
7333 3 
517 3 
190 3 
4498 3 
6181 3 
6183 3 
2608 3 
3536 3 
6831 3 
6102 3 
9091 3 
6197 3 
7057 3 
2459 3 
8393 3 
6765 3 
6766 3 
6768 3 
2895 3 
6003 3 
6576 3 
6578 3 
5074 3 
6288 3 
3362 3 
4863 3 
6092 3 
8007 3 
2702 3 
2782 3 
5056 3 
4407 3 
6782 3 
3288 3 
6557 3 
4299 3 
4953 3 
1855 3 
6783 3 
359 3 
3845 3 
7901 3 
3636 3 
6014 3 
4545 3 
2084 3 
5246 3 
8764 3 
3930 3 
4478 3 
4471 3 
7796 3 
5361 3 
1347 3 
6135 3 
8469 3 
6107 3 
2786 3 
4694 3 
6394 3 
5922 3 
7682 3 
4507 3 
6551 3 
6117 3 
6601 3 
3286 3 
2367 3 
4139 3 
5582 3 
7198 3 
6471 3 
2664 3 
1231 3 
6647 3 
6648 3 
3745 3 
2879 3 
2976 3 
6296 3 
2544 3 
5055 3 
7971 3 
7940 3 
2475 3 
6105 3 
1368 3 
1369 3 
1378 3 
1381 3 
6595 3 
3708 3 
1956 3 
3913 3 
3914 3 
3917 3 
3922 3 
3924 3 
6406 3 
6407 3 
6408 3 
6409 3 
6411 3 
5626 3 
3738 3 
4864 3 
7316 3 
6410 3 
2841 3 
6245 3 
4473 3 
6405 3 
3297 3 
3088 3 
7804 3 
2618 3 
7813 3 
7814 3 
4158 3 
5686 3 
7491 3 
2493 3 
2875 3 
6767 3 
6694 3 
7366 3 
6325 3 
2724 3 
3570 3 
6269 3 
6118 3 
8074 3 
6330 3 
2355 3 
6626 3 
6897 3 
1353 3 
2502 3 
2350 3 
6791 3 
3054 3 
6246 3 
5899 3 
8328 3 
1391 3 
312 3 
4502 3 
3438 3 
2723 3 
703 3 
4308 3 
5276 3 
5867 3 
4069 3 
6722 3 
6076 3 
295 3 
6173 3 
3262 3 
1130 3 
4638 3 
2858 3 
5159 3 
1146 3 
6081 3 
2326 3 
2586 3 
1951 3 
7396 3 
4627 3 
3543 3 
2539 3 
5189 3 
3185 3 
5405 3 
5271 3 
4428 3 
288 3 
3740 3 
1559 3 
1561 3 
1562 3 
1563 3 
1564 3 
1572 3 
1573 3 
1578 3 
1581 3 
1586 3 
1313 3 
6644 3 
4894 3 
1831 3 
3428 3 
2760 3 
7393 3 
5018 3 
1872 3 
4595 3 
2886 3 
2950 3 
5674 3 
230 3 
240 3 
5964 3 
1394 3 
2873 3 
984 3 
5535 3 
6184 3 
7077 3 
1277 3 
1278 3 
1279 3 
1282 3 
1284 3 
1288 3 
3568 3 
4117 3 
5506 3 
4779 3 
2868 3 
2871 3 
5563 3 
7972 3 
4218 3 
488 3 
1760 3 
2840 3 
4888 3 
4216 3 
7812 3 
6951 3 
5311 3 
2557 3 
3703 3 
920 3 
3668 3 
2591 3 
1158 3 
6335 3 
4603 3 
5939 3 
272 3 
7827 3 
3473 3 
7006 3 
7008 3 
7017 3 
7020 3 
7023 3 
5962 3 
6148 3 
5912 3 
4759 3 
4503 3 
2374 3 
5060 3 
5077 3 
5623 3 
4162 3 
6082 3 
1491 3 
5094 3 
5380 3 
1531 3 
1532 3 
1625 3 
6861 3 
4364 3 
49 3 
6182 3 
4114 3 
5502 3 
6041 3 
7082 3 
6487 3 
7520 3 
3332 3 
4239 3 
2815 3 
2824 3 
4833 3 
4124 3 
2987 3 
1074 3 
1091 3 
1114 3 
1118 3 
1122 3 
1126 3 
2467 3 
2862 3 
3560 3 
6088 3 
3734 3 
5751 3 
7970 3 
1121 3 
6792 3 
4339 3 
5307 3 
192 3 
6146 3 
2312 3 
2805 3 
4183 3 
5919 3 
4600 3 
3665 3 
7108 3 
1409 3 
2896 3 
5289 3 
5290 3 
2844 3 
4415 3 
3293 3 
2829 3 
8544 3 
763 3 
5758 3 
6237 3 
2785 3 
4628 3 
1960 3 
6930 3 
7943 3 
3057 3 
3724 3 
6213 3 
2301 3 
3586 3 
2494 3 
5747 3 
282 3 
3230 4 
8452 4 
5927 4 
2746 4 
3712 4 
5196 4 
2796 4 
3934 4 
4765 4 
3355 4 
6015 4 
1366 4 
141 4 
1103 4 
4681 4 
3632 4 
3870 4 
2859 4 
5625 4 
5989 4 
3319 4 
5923 4 
1915 4 
5381 4 
3316 4 
333 4 
3333 4 
1181 4 
9304 4 
9305 4 
9306 4 
9307 4 
9308 4 
9309 4 
9310 4 
9311 4 
9312 4 
9313 4 
9314 4 
9315 4 
9316 4 
9317 4 
9318 4 
4099 4 
3079 4 
3864 4 
3378 4 
7292 4 
3486 4 
5568 4 
6188 4 
3487 4 
4560 4 
5987 4 
2861 4 
7786 4 
7788 4 
1966 4 
5057 4 
5222 4 
2422 4 
2424 4 
2433 4 
2438 4 
2442 4 
2449 4 
1179 4 
6279 4 
4341 4 
5402 4 
6830 4 
1534 4 
3857 4 
7250 4 
7216 4 
6365 4 
1413 4 
4559 4 
5910 4 
2881 4 
3633 4 
1120 4 
7793 4 
2302 4 
6192 4 
7929 4 
6562 4 
5974 4 
5039 4 
3465 4 
6714 4 
6663 4 
3755 4 
5102 4 
4086 4 
2075 4 
3600 4 
5755 4 
5392 4 
6871 4 
2846 4 
1924 4 
3879 4 
2252 4 
2262 4 
2263 4 
4900 4 
6789 4 
8433 4 
6350 4 
172 4 
4889 4 
4488 4 
7195 4 
4479 4 
5976 4 
6328 4 
5719 4 
6474 4 
3191 4 
5509 4 
4618 4 
4177 4 
4945 4 
493 4 
4075 4 
1496 4 
1565 4 
1568 4 
1582 4 
5470 4 
3089 4 
4440 4 
5336 4 
1151 4 
6049 4 
3359 4 
776 4 
6220 4 
5541 4 
2443 4 
6218 4 
3920 4 
1805 4 
4608 4 
2902 4 
4097 4 
7881 4 
6819 4 
3091 4 
2768 4 
4129 4 
6974 4 
5967 4 
3853 4 
2119 4 
6339 4 
1503 4 
7623 4 
5543 4 
5072 4 
7903 4 
2897 4 
2314 4 
6013 4 
2725 4 
4454 4 
4316 4 
1478 4 
7883 4 
438 4 
481 4 
482 4 
1393 4 
1372 4 
1405 4 
2558 4 
2990 4 
5115 4 
5116 4 
5117 4 
5120 4 
5123 4 
5124 4 
1182 4 
3538 4 
1991 4 
2696 4 
7789 4 
975 4 
3385 4 
3382 4 
519 4 
1104 4 
1584 4 
3524 4 
6216 4 
3202 4 
2488 4 
5883 4 
509 4 
476 4 
5089 4 
7808 4 
1836 4 
7290 4 
5801 4 
5803 4 
5804 4 
508 4 
5891 4 
4489 4 
2425 4 
7409 4 
978 4 
68 4 
1185 4 
7273 4 
7202 4 
2354 4 
1576 4 
2684 4 
3877 4 
3532 4 
5320 4 
3588 4 
7204 4 
6297 4 
3196 4 
8023 4 
8024 4 
8025 4 
8026 4 
8027 4 
8028 4 
8029 4 
8030 4 
8031 4 
8032 4 
8033 4 
8034 4 
8035 4 
8036 4 
8037 4 
8038 4 
8039 4 
8040 4 
8041 4 
8042 4 
8043 4 
8044 4 
8045 4 
8046 4 
8047 4 
8048 4 
8049 4 
6031 4 
4520 4 
3887 4 
8018 4 
2409 4 
2410 4 
8015 4 
1382 4 
5753 4 
4497 4 
7894 4 
2081 4 
3058 4 
1997 4 
4664 4 
6331 4 
5078 4 
4381 4 
2734 4 
2713 4 
5275 4 
3234 4 
2329 4 
5228 4 
6581 4 
5424 4 
692 4 
5454 4 
4197 4 
6222 4 
4187 4 
402 4 
5263 4 
21 4 
1124 4 
5407 4 
2525 4 
2265 4 
4083 4 
5708 4 
6044 4 
255 4 
4392 4 
2277 4 
2205 4 
2223 4 
2224 4 
2225 4 
2226 4 
2227 4 
2231 4 
2232 4 
2233 4 
2236 4 
2244 4 
2245 4 
2247 4 
2250 4 
5726 4 
7709 4 
7712 4 
7713 4 
3008 4 
8020 4 
7010 4 
5889 4 
7209 4 
3195 4 
3198 4 
3696 4 
5122 4 
2450 4 
1316 4 
5190 4 
5975 4 
4382 4 
160 4 
2708 4 
2822 4 
1087 4 
5095 4 
491 4 
8002 4 
1964 4 
4434 4 
6841 4 
1530 4 
5999 4 
5411 4 
7710 4 
4279 4 
2416 4 
6341 4 
3894 4 
293 4 
1624 4 
4480 4 
5731 4 
4742 4 
7837 4 
297 4 
4383 4 
2677 4 
5087 4 
5565 4 
7588 4 
425 4 
2445 4 
5461 4 
5756 4 
4374 4 
64 4 
1794 4 
1795 4 
1796 4 
5496 4 
4482 4 
2666 4 
2707 4 
3918 4 
389 4 
6316 4 
5613 4 
3270 4 
6850 4 
6172 4 
1941 4 
7220 4 
1792 4 
1 4 
5118 4 
2426 4 
3197 4 
6026 4 
918 4 
3248 4 
3249 4 
3251 4 
7882 4 
5467 4 
5014 4 
2532 4 
3193 4 
1790 4 
4621 4 
779 4 
5757 4 
6716 4 
1463 4 
1464 4 
1465 4 
1466 4 
1467 4 
1468 4 
1469 4 
1470 4 
1471 4 
1472 4 
1473 4 
5413 4 
3060 4 
6001 4 
6016 4 
1113 4 
6006 4 
5796 4 
5961 4 
5249 4 
1459 4 
5940 4 
4887 4 
5245 4 
6187 4 
3513 4 
3519 4 
3523 4 
9048 4 
2700 4 
7711 4 
361 4 
5594 4 
4827 4 
7807 4 
6046 4 
4958 4 
4962 4 
4976 4 
4980 4 
4984 4 
4989 4 
4996 4 
5000 4 
2171 4 
2124 4 
3576 4 
2951 4 
4992 4 
4994 4 
4995 4 
4998 4 
3629 4 
4999 4 
3694 4 
3772 4 
2543 4 
3846 4 
8016 4 
3602 4 
1380 4 
1574 4 
5886 4 
5241 4 
2973 4 
3250 4 
5558 4 
54 4 
545 4 
4219 4 
2243 4 
737 4 
5991 4 
7262 4 
7263 4 
7270 4 
2454 4 
5677 4 
4522 4 
4317 4 
3361 4 
5887 4 
5379 4 
1793 4 
5005 4 
2239 4 
4477 4 
2779 4 
2229 4 
2172 4 
2537 4 
5365 4 
3201 4 
2266 4 
5660 4 
6383 4 
3040 4 
2477 4 
5435 4 
5550 4 
539 4 
3452 4 
1224 4 
5140 4 
5376 4 
4667 4 
6445 4 
3283 4 
1853 4 
747 4 
2202 4 
1328 4 
1329 4 
1330 4 
2776 4 
6913 4 
346 4 
1338 4 
1652 4 
1914 4 
3391 4 
649 4 
678 4 
7656 4 
4058 4 
4969 4 
5864 4 
4809 4 
2322 4 
4594 4 
4971 4 
4468 4 
6818 4 
39 4 
1525 4 
3647 4 
3522 4 
241 4 
4195 4 
7118 4 
4487 4 
1752 4 
3218 4 
3219 4 
3220 4 
1216 4 
3184 4 
5459 4 
683 4 
6253 4 
976 4 
5315 4 
4164 4 
1589 4 
4152 4 
1965 4 
2479 4 
2924 4 
7997 4 
6186 4 
3468 4 
5943 4 
5147 4 
1300 4 
7927 4 
2345 4 
5802 4 
3504 4 
5662 4 
5400 4 
4762 4 
659 4 
6011 4 
2825 4 
1592 4 
300 4 
4756 4 
2142 4 
7893 4 
2076 4 
2798 4 
8184 4 
4481 4 
6665 4 
5701 4 
2698 4 
4566 4 
1438 4 
1385 4 
5164 4 
2893 4 
4410 4 
5946 4 
5349 4 
6156 4 
7269 4 
1140 4 
2568 4 
705 4 
6507 4 
7845 4 
4259 4 
2333 4 
1602 4 
6917 4 
3525 4 
5111 4 
2606 4 
5666 4 
8017 4 
6238 4 
5866 4 
2903 4 
3520 4 
1943 4 
6915 4 
2956 4 
7251 4 
2699 4 
2667 4 
1981 4 
4409 4 
3189 4 
4915 4 
4921 4 
4922 4 
4494 4 
1887 4 
5257 4 
5071 4 
4094 4 
2204 4 
3268 4 
4266 4 
2619 4 
1902 4 
5201 4 
4908 4 
5743 4 
5278 4 
2890 4 
2082 4 
4426 4 
6639 4 
8052 4 
6516 4 
1395 4 
4125 4 
2440 4 
4991 4 
7236 4 
7237 4 
7238 4 
7239 4 
1475 4 
5468 4 
5986 4 
7222 4 
639 4 
5951 4 
4861 4 
4862 4 
3296 4 
4636 4 
3350 4 
2405 4 
5687 4 
3203 4 
5781 4 
403 4 
5954 4 
2745 4 
6916 4 
3379 4 
3619 4 
5750 4 
3405 4 
2151 4 
1274 4 
5058 4 
570 4 
2809 4 
2767 4 
2521 4 
1542 4 
3194 4 
3258 4 
1591 4 
4678 4 
1189 4 
4882 4 
6024 4 
2446 4 
630 4 
5244 4 
485 4 
2730 4 
5203 4 
4148 4 
2511 4 
4920 4 
4925 4 
471 4 
2280 4 
2870 4 
3366 4 
4188 4 
4918 4 
8492 4 
4744 4 
6591 4 
1555 4 
4523 4 
4128 4 
2772 4 
7223 4 
6131 4 
2305 4 
316 4 
4907 4 
5199 4 
5675 4 
5539 4 
7312 4 
4684 4 
4891 4 
6570 4 
7264 4 
7455 4 
7265 4 
4074 4 
196 4 
4593 4 
4106 4 
6870 4 
370 4 
8019 4 
2512 4 
5167 4 
6646 4 
7763 4 
3376 4 
507 4 
4190 4 
6112 4 
2359 4 
5283 4 
1127 4 
636 4 
5216 4 
1522 4 
1972 4 
3954 4 
3955 4 
2162 4 
1358 4 
540 4 
4411 4 
3583 4 
1822 4 
5507 4 
5585 4 
1601 4 
5382 4 
3455 4 
5711 4 
3313 4 
1190 4 
387 4 
7297 4 
1379 4 
3200 4 
1755 4 
7923 4 
7235 4 
1816 4 
3892 4 
1414 4 
4983 4 
1657 4 
7097 4 
1373 4 
4617 4 
3945 4 
6912 4 
4146 4 
5734 4 
4773 4 
2407 4 
3024 4 
6305 4 
2926 4 
1319 4 
1321 4 
1340 4 
1343 4 
8022 4 
2882 4 
2755 4 
1092 4 
1452 4 
5897 4 
1784 4 
5667 4 
688 4 
1318 4 
3291 4 
1954 4 
2006 4 
4113 4 
1281 4 
2872 4 
2118 4 
2925 4 
3533 4 
6556 4 
3939 4 
1823 4 
4432 4 
4738 4 
3093 4 
6549 4 
6142 4 
5832 4 
4871 4 
5542 4 
2588 4 
1973 4 
2761 4 
1493 4 
6136 4 
2799 4 
4180 4 
2189 4 
3895 4 
5695 4 
1341 4 
2083 4 
4406 4 
3700 4 
3186 4 
3571 4 
2215 4 
1570 4 
1571 4 
1580 4 
3393 4 
3215 4 
2241 4 
6631 4 
5021 4 
5086 4 
1200 4 
46 4 
3204 4 
2612 4 
6240 4 
4957 4 
2508 4 
2510 4 
707 4 
5110 4 
5029 4 
2942 4 
4551 4 
4182 4 
894 4 
516 4 
7227 4 
6219 4 
1761 4 
245 4 
2392 4 
65 4 
20 4 
2484 4 
6500 4 
5356 4 
1593 4 
5026 4 
3566 4 
5637 4 
2962 4 
1567 4 
165 4 
5777 4 
2509 4 
5284 4 
6176 4 
6619 4 
3944 4 
3356 4 
3767 4 
1335 4 
3064 4 
4315 4 
5968 4 
4319 4 
2356 4 
4270 4 
66 4 
5916 4 
4439 4 
7063 4 
4814 4 
980 4 
1280 4 
3873 4 
895 4 
93 4 
6834 4 
1978 4 
5862 4 
2366 4 
6113 4 
2916 4 
5633 4 
6928 4 
5843 4 
4521 4 
7266 4 
2403 4 
2474 4 
4253 4 
2143 4 
5250 4 
2290 4 
1547 4 
7219 4 
460 4 
3188 4 
5310 4 
532 4 
317 4 
133 4 
3779 4 
5260 4 
6124 4 
5858 4 
2123 4 
4612 4 
2747 4 
4872 4 
4620 4 
3581 4 
2769 4 
365 4 
5062 4 
267 4 
2756 4 
487 4 
7240 4 
6143 4 
2943 4 
1211 4 
1222 4 
248 4 
4731 4 
1019 4 
1023 4 
1028 4 
1037 4 
1048 4 
1053 4 
1056 4 
1059 4 
1060 4 
1061 4 
1062 4 
5949 4 
1054 4 
1055 4 
3253 4 
3347 4 
5622 4 
5971 4 
2978 4 
1123 4 
902 4 
29 4 
4876 4 
2257 4 
1575 4 
1577 4 
1579 4 
7304 4 
7307 4 
1337 4 
3704 4 
4937 4 
2697 4 
4877 4 
5589 4 
1622 4 
1877 4 
238 4 
2087 4 
2733 4 
3526 4 
352 4 
4978 4 
7457 4 
4935 4 
1192 4 
55 4 
9265 4 
6030 4 
3181 4 
3896 4 
2957 4 
685 4 
5691 4 
2152 4 
915 4 
383 4 
2230 4 
7143 4 
3190 4 
6813 4 
5182 4 
2497 4 
6845 4 
948 4 
2012 4 
1958 4 
4607 4 
3628 4 
1029 4 
2580 4 
395 4 
3352 4 
1826 4 
3512 4 
4903 4 
5945 4 
2945 4 
7849 4 
3773 4 
5045 4 
1188 4 
6217 4 
3386 4 
5526 4 
2839 4 
2431 4 
5663 4 
377 4 
5466 4 
1649 4 
1560 4 
1566 4 
693 4 
5165 4 
7934 4 
7936 4 
7937 4 
7938 4 
3518 4 
4375 4 
4067 4 
2246 4 
1292 4 
3652 4 
3180 4 
4692 4 
2411 4 
7268 4 
2135 4 
3247 4 
3915 4 
5512 4 
3244 4 
3672 4 
5208 4 
6772 4 
3959 4 
4467 4 
6473 4 
7418 4 
296 4 
4866 4 
2971 4 
4385 4 
3654 4 
2504 4 
1654 4 
4060 4 
2324 4 
7962 4 
3981 4 
2954 4 
1557 4 
5888 4 
1276 4 
5941 4 
3339 4 
1451 4 
4547 4 
4988 4 
140 4 
2531 4 
3956 4 
2672 4 
3403 4 
5375 4 
584 4 
1117 4 
5108 4 
2922 4 
5948 4 
4875 4 
2867 4 
1521 4 
1526 4 
4533 4 
2534 4 
4186 4 
2062 4 
2069 4 
2070 4 
2071 4 
2072 4 
6603 4 
981 4 
7419 4 
4775 4 
1112 4 
3667 4 
4923 4 
4919 4 
5403 4 
1974 4 
6020 4 
6809 4 
5818 4 
3481 4 
648 4 
6047 4 
2864 4 
2192 4 
5034 4 
2063 4 
3400 4 
199 4 
2854 4 
198 4 
3495 4 
2910 4 
1569 4 
1285 4 
1286 4 
6395 4 
5357 4 
2596 4 
1314 4 
2917 4 
3541 4 
2977 4 
2214 4 
1125 4 
2821 4 
1982 4 
5508 4 
529 4 
2210 4 
5970 4 
63 4 
5272 4 
2753 4 
3454 4 
5937 4 
1878 4 
31 4 
4884 4 
1086 4 
4443 4 
7830 4 
2852 4 
1307 4 
1143 4 
945 4 
4388 4 
52 4 
5938 4 
1090 4 
67 4 
749 4 
2288 4 
1384 4 
3351 4 
2888 4 
1105 4 
345 4 
5113 4 
2316 4 
6561 4 
2535 4 
1423 4 
1445 4 
1801 4 
1528 4 
4947 4 
97 4 
1240 4 
4092 4 
1261 4 
3183 4 
4333 4 
3702 4 
1352 4 
6074 4 
1944 4 
4993 4 
490 4 
3480 4 
1322 4 
2506 4 
2381 4 
1524 4 
6256 4 
5918 4 
6836 4 
1969 4 
1596 4 
4053 4 
3344 4 
1651 4 
5121 4 
2448 4 
1448 4 
2402 4 
1527 4 
1371 4 
3241 4 
3242 4 
5592 4 
441 4 
3919 4 
2444 4 
4929 4 
1010 4 
3033 4 
3874 4 
963 4 
495 4 
4602 4 
2339 4 
3222 4 
3506 4 
1145 4 
3429 4 
1970 4 
1435 4 
3235 4 
5857 4 
5884 4 
5343 4 
1845 4 
3744 4 
7009 4 
1778 4 
5652 4 
1875 4 
2114 4 
5105 4 
1214 4 
5232 4 
6002 4 
4071 4 
4435 4 
5624 4 
6025 4 
5017 4 
4469 4 
995 4 
2264 4 
2259 4 
2065 4 
2066 4 
1653 4 
1304 4 
690 4 
2056 4 
2052 4 
4972 4 
2913 4 
3621 4 
3663 4 
2794 4 
474 4 
1139 4 
2108 4 
5109 4 
1992 4 
3671 4 
3964 4 
4104 4 
2064 4 
5025 4 
6208 4 
4455 4 
2711 4 
5377 4 
4073 4 
4358 4 
1273 4 
4951 4 
2150 4 
1849 4 
5119 4 
4089 4 
1529 4 
483 4 
1361 4 
6577 4 
1242 4 
2820 4 
6642 4 
1899 4 
4228 4 
58 4 
5016 4 
5776 4 
1176 4 
2169 4 
5150 4 
7935 4 
1030 4 
6832 4 
1880 4 
4275 4 
2739 4 
7015 4 
1787 4 
977 4 
3349 4 
108 4 
4546 4 
2507 4 
5084 4 
1923 4 
5673 4 
5383 4 
3938 4 
608 4 
930 4 
2918 4 
2380 4 
2249 4 
2969 4 
57 4 
2014 4 
7085 4 
2495 4 
6911 4 
4890 4 
4470 4 
1905 4 
4414 4 
5378 4 
4788 4 
5614 4 
4599 4 
2296 4 
4472 4 
2812 4 
641 4 
3358 4 
686 4 
2216 4 
7310 4 
1156 4 
2057 4 
8021 4 
4597 4 
2349 4 
664 4 
2594 4 
6510 4 
5646 4 
3346 4 
6249 4 
520 4 
4637 4 
1264 4 
1253 4 
1254 4 
2317 4 
1558 4 
4178 4 
5497 4 
5229 4 
6470 4 
5763 4 
4519 4 
2375 4 
4979 4 
4701 4 
1587 4 
1138 4 
4133 4 
1298 4 
2542 4 
6518 4 
1396 4 
59 4 
1032 4 
1484 4 
6337 4 
279 4 
1462 4 
1036 4 
6212 4 
324 4 
2173 4 
484 4 
2218 4 
2110 4 
5504 4 
4506 4 
2073 4 
5327 4 
4121 4 
4102 4 
1041 4 
2128 4 
1349 4 
15 4 
1415 4 
2016 4 
4054 4 
1550 4 
61 4 
1460 4 
6140 4 
2337 4 
6005 4 
5559 4 
2748 4 
3259 4 
830 4 
831 4 
843 4 
847 4 
863 4 
865 4 
866 4 
867 4 
869 4 
870 4 
871 4 
872 4 
873 4 
874 4 
875 4 
876 4 
877 4 
880 4 
16 4 
257 4 
5329 4 
5054 4 
4132 4 
32 4 
5736 4 
5243 4 
4322 4 
2487 4 
1034 4 
1799 4 
1428 4 
1504 4 
881 4 
2228 4 
254 4 
2248 4 
868 4 
5138 4 
2220 4 
1305 4 
1909 4 
4166 4 
629 4 
155 4 
3737 4 
600 4 
7787 4 
698 4 
772 4 
1018 4 
3577 4 
2865 4 
5251 4 
864 4 
2817 4 
4849 4 
2818 4 
3424 4 
1988 4 
5676 4 
3521 4 
991 4 
4796 4 
2206 4 
150 4 
3475 4 
2665 4 
3092 4 
1906 4 
2030 4 
2778 4 
3514 4 
5061 4 
5779 4 
5409 4 
2562 4 
3756 4 
644 4 
645 4 
6909 4 
5268 4 
1802 4 
3004 4 
4879 4 
4264 4 
278 4 
3910 4 
6324 4 
4651 4 
4260 4 
5510 4 
1520 4 
56 4 
1636 4 
2693 4 
2346 4 
3881 4 
4847 4 
1631 4 
1719 4 
1728 4 
1733 4 
1734 4 
1735 4 
1736 4 
1737 4 
1738 4 
1739 4 
1740 4 
1741 4 
1742 4 
1743 4 
1744 4 
1745 4 
1746 4 
1747 4 
1748 4 
2300 4 
3252 4 
5586 4 
455 4 
1731 4 
3651 4 
8940 4 
2439 4 
6559 4 
3971 4 
1180 4 
435 4 
3891 4 
2946 4 
4043 4 
946 4 
4170 4 
1727 4 
3882 4 
1621 4 
2750 4 
2533 4 
1913 4 
11 4 
1252 4 
1339 4 
1449 4 
2920 4 
5114 4 
2417 4 
3947 4 
4096 4 
1432 4 
884 4 
3645 4 
1303 4 
2209 4 
2028 4 
2615 4 
6914 4 
4184 4 
913 4 
6250 4 
5668 4 
848 4 
4466 4 
1327 4 
1346 4 
1297 4 
2949 4 
2421 4 
2091 4 
62 4 
60 4 
4997 4 
5256 4 
1552 4 
3905 4 
4939 4 
5112 4 
922 4 
3928 4 
4965 4 
4985 4 
4444 4 
7014 4 
5683 4 
4565 4 
142 4 
3673 4 
1724 4 
858 4 
1548 4 
4103 4 
2524 4 
2908 4 
2219 4 
1256 4 
1523 4 
2276 4 
4328 4 
4493 4 
674 4 
1873 4 
1110 4 
469 4 
2447 4 
1707 4 
246 4 
5398 4 
3279 4 
1989 4 
4534 4 
4580 4 
98 4 
1215 4 
3007 4 
949 4 
3448 4 
2136 4 
758 4 
2358 4 
4946 4 
1993 4 
1269 4 
3003 4 
5401 4 
2927 4 
882 4 
560 4 
5107 4 
3449 4 
5326 4 
2607 4 
1218 4 
3357 4 
5520 4 
2211 4 
682 4 
1453 4 
195 4 
2221 4 
3637 4 
4196 4 
940 4 
1806 4 
5489 4 
3240 4 
1686 4 
712 4 
1604 4 
1178 4 
1536 4 
1730 4 
5248 4 
3080 4 
1008 4 
4271 4 
2546 4 
224 4 
4699 4 
2287 4 
1807 4 
5988 4 
5960 4 
1272 4 
836 4 
5300 4 
1590 4 
1908 4 
579 4 
3278 4 
1865 4 
2399 4 
4072 4 
2019 4 
1863 4 
849 4 
3540 4 
653 4 
3337 4 
185 4 
327 4 
3852 4 
2781 4 
3472 4 
3517 4 
2866 4 
281 4 
531 4 
716 4 
4893 4 
6259 4 
3243 4 
5511 4 
4384 4 
4408 4 
2134 4 
6815 4 
802 4 
5314 4 
2093 4 
4853 4 
4263 4 
1071 4 
1629 4 
5224 4 
6033 4 
2898 4 
4126 4 
3397 4 
2413 4 
4095 4 
6564 4 
939 4 
1057 4 
472 4 
1397 4 
1935 4 
1607 4 
1152 4 
1312 4 
3087 4 
4405 4 
2496 4 
5019 4 
4091 4 
2415 4 
1540 4 
1262 4 
2430 4 
6910 4 
1425 4 
2899 4 
5587 4 
778 4 
767 4 
2435 4 
1350 4 
5993 4 
3617 4 
2878 4 
4883 4 
1539 4 
904 4 
1708 4 
5556 4 
2240 4 
3923 4 
1723 4 
1051 4 
2703 4 
1137 4 
92 4 
4380 4 
2437 4 
1294 4 
1668 4 
2238 4 
1685 4 
1814 4 
5670 4 
2906 4 
53 4 
1022 4 
3549 4 
3555 4 
3556 4 
436 4 
3360 4 
4990 4 
3182 4 
4101 4 
957 4 
3953 4 
4070 4 
1977 4 
4229 4 
896 4 
1679 4 
1258 4 
4112 4 
1324 4 
3554 4 
3052 4 
1630 4 
3211 4 
2414 4 
3508 4 
3548 4 
2891 4 
3489 4 
5480 4 
1626 4 
1411 4 
2757 4 
1779 4 
5540 4 
4499 4 
3679 4 
1885 4 
709 4 
5373 4 
5247 4 
3948 4 
4307 4 
2138 4 
3368 4 
3178 4 
1154 4 
951 4 
6978 4 
1246 4 
846 4 
2563 4 
3510 4 
2600 4 
1767 4 
2092 4 
5240 4 
2051 4 
112 4 
1949 4 
1213 4 
5505 4 
2212 4 
1450 4 
249 4 
2547 4 
1357 4 
1726 4 
5353 4 
3026 4 
1483 4 
3884 4 
537 4 
1864 4 
4982 4 
1442 4 
1672 4 
235 4 
2789 4 
3952 4 
1205 4 
2992 4 
2523 4 
1299 5 
1517 5 
3458 5 
7011 5 
1766 5 
171 5 
4825 5 
4077 5 
1083 5 
5166 5 
1439 5 
306 5 
2806 5 
5328 5 
3422 5 
2758 5 
4848 5 
1893 5 
5028 5 
3662 5 
681 5 
1635 5 
2107 5 
45 5 
390 5 
2577 5 
1690 5 
4527 5 
5437 5 
2686 5 
4728 5 
3516 5 
1207 5 
1247 5 
187 5 
2122 5 
1665 5 
4981 5 
430 5 
5669 5 
6145 5 
1115 5 
687 5 
1155 5 
4144 5 
7267 5 
1119 5 
4836 5 
5595 5 
2061 5 
1907 5 
2948 5 
583 5 
2018 5 
256 5 
5894 5 
2035 5 
5149 5 
421 5 
1063 5 
4674 5 
3880 5 
660 5 
1903 5 
3883 5 
1832 5 
3659 5 
3066 5 
3076 5 
4834 5 
4964 5 
708 5 
2222 5 
3067 5 
470 5 
2687 5 
2692 5 
4914 5 
4445 5 
2777 5 
3921 5 
1896 5 
1047 5 
1069 5 
4959 5 
5513 5 
4217 5 
2482 5 
1700 5 
2323 5 
689 5 
543 5 
2931 5 
4924 5 
3871 5 
2752 5 
3547 5 
3406 5 
3175 5 
4860 5 
2050 5 
936 5 
1007 5 
1809 5 
3687 5 
2811 5 
4986 5 
2049 5 
2874 5 
1049 5 
3034 5 
1039 5 
2996 5 
791 5 
3960 5 
4873 5 
770 5 
1702 5 
2207 5 
1133 5 
947 5 
1108 5 
1196 5 
2863 5 
3906 5 
2419 5 
2719 5 
4869 5 
251 5 
1813 5 
2201 5 
1474 5 
933 5 
1722 5 
177 5 
2988 5 
4100 5 
655 5 
321 5 
3212 5 
1308 5 
6807 5 
2731 5 
1506 5 
1681 5 
1815 5 
2067 5 
3620 5 
2208 5 
2353 5 
886 5 
5936 5 
5584 5 
4244 5 
301 5 
1959 5 
2472 5 
1163 5 
1554 5 
5242 5 
1718 5 
1306 5 
1406 5 
679 5 
1085 5 
3027 5 
5583 5 
4577 5 
2053 5 
3372 5 
4193 5 
658 5 
4966 5 
2578 5 
3551 5 
1947 5 
5046 5 
3285 5 
1695 5 
3968 5 
1388 5 
2157 5 
1058 5 
259 5 
3537 5 
6211 5 
4207 5 
1458 5 
676 5 
422 5 
796 5 
1701 5 
826 5 
3041 5 
2193 5 
417 5 
1638 5 
4671 5 
2347 5 
3273 5 
362 5 
643 5 
1050 5 
3505 5 
1538 5 
3898 5 
4906 5 
4475 5 
2113 5 
1829 5 
3511 5 
3509 5 
1995 5 
4611 5 
5860 5 
1697 5 
3404 5 
1237 5 
1897 5 
1129 5 
4538 5 
3644 5 
795 5 
1610 5 
632 5 
4163 5 
247 5 
6210 5 
2327 5 
3294 5 
1377 5 
4417 5 
3439 5 
5863 5 
451 5 
906 5 
635 5 
1042 5 
7221 5 
4733 5 
1412 5 
2907 5 
4061 5 
994 5 
5754 5 
1843 5 
1017 5 
1933 5 
1699 5 
4633 5 
515 5 
4808 5 
3907 5 
4886 5 
4956 5 
4870 5 
1642 5 
3260 5 
325 5 
1374 5 
670 5 
5684 5 
4399 5 
1957 5 
5049 5 
3746 5 
1900 5 
2481 5 
2498 5 
4192 5 
1996 5 
924 5 
1024 5 
258 5 
473 5 
2237 5 
164 5 
2175 5 
4518 5 
2947 5 
2556 5 
314 5 
2127 5 
1219 5 
5911 5 
5319 5 
4838 5 
3348 5 
542 5 
2251 5 
1994 5 
3173 5 
3025 5 
1097 5 
6659 5 
3723 5 
1446 5 
4970 5 
3502 5 
1434 5 
2795 5 
3081 5 
428 5 
5580 5 
988 5 
1066 5 
3261 5 
3863 5 
1505 5 
4088 5 
3290 5 
746 5 
3053 5 
7 5 
355 5 
3214 5 
4390 5 
3950 5 
1045 5 
382 5 
1221 5 
5253 5 
5479 5 
3217 5 
1912 5 
3172 5 
1725 5 
4913 5 
3208 5 
2058 5 
3531 5 
1818 5 
1128 5 
4758 5 
3925 5 
2741 5 
1168 5 
1655 5 
1717 5 
3625 5 
3232 5 
5192 5 
3469 5 
3972 5 
997 5 
5856 5 
4237 5 
4967 5 
2736 5 
2427 5 
118 5 
2165 5 
3233 5 
415 5 
1950 5 
1866 5 
1228 5 
2941 5 
592 5 
4772 5 
4371 5 
1177 5 
4961 5 
2528 5 
651 5 
671 5 
650 5 
657 5 
1901 5 
2396 5 
371 5 
677 5 
755 5 
546 5 
2834 5 
2784 5 
1026 5 
1904 5 
3957 5 
1644 5 
1583 5 
1363 5 
2714 5 
5106 5 
4813 5 
4430 5 
3044 5 
777 5 
1605 5 
1157 5 
965 5 
2115 5 
2595 5 
4700 5 
2545 5 
4474 5 
1585 5 
1598 5 
4683 5 
3227 5 
2348 5 
4281 5 
3735 5 
1455 5 
1858 5 
4345 5 
1706 5 
429 5 
1195 5 
562 5 
593 5 
1437 5 
2420 5 
4147 5 
811 5 
8 5 
1704 5 
2400 5 
1167 5 
104 5 
1781 5 
1852 5 
3958 5 
253 5 
4987 5 
3557 5 
19 5 
979 5 
1270 5 
3743 5 
158 5 
2351 5 
1771 5 
285 5 
1647 5 
2671 5 
2068 5 
6452 5 
2423 5 
2195 5 
2139 5 
237 5 
2261 5 
5254 5 
1360 5 
6635 5 
2735 5 
1424 5 
174 5 
757 5 
2401 5 
468 5 
3982 5 
3994 5 
3995 5 
3999 5 
4002 5 
4005 5 
4022 5 
4023 5 
1519 5 
3569 5 
4536 5 
3177 5 
538 5 
3023 5 
1698 5 
3967 5 
4016 5 
663 5 
4024 5 
569 5 
2564 5 
4846 5 
393 5 
1692 5 
1013 5 
307 5 
2803 5 
3951 5 
1841 5 
4025 5 
2860 5 
3048 5 
1641 5 
3515 5 
606 5 
467 5 
855 5 
4009 5 
3552 5 
42 5 
1769 5 
2775 5 
4000 5 
2716 5 
2418 5 
1637 5 
2530 5 
3450 5 
3367 5 
642 5 
2828 5 
4020 5 
2909 5 
2196 5 
3276 5 
202 5 
3565 5 
3482 5 
5041 5 
2961 5 
406 5 
4362 5 
5044 5 
1911 5 
1553 5 
1772 5 
2979 5 
5027 5 
1797 5 
322 5 
2033 5 
4062 5 
1239 5 
4514 5 
665 5 
3225 5 
2292 5 
3615 5 
3336 5 
169 5 
968 5 
4189 5 
1879 5 
3630 5 
5387 5 
2819 5 
2813 5 
1033 5 
733 5 
668 5 
3032 5 
1229 5 
3872 5 
2458 5 
633 5 
4030 5 
588 5 
289 5 
1720 5 
2320 5 
1245 5 
4926 5 
1961 5 
2167 5 
4065 5 
768 5 
410 5 
1038 5 
3457 5 
1990 5 
646 5 
4017 5 
2412 5 
3988 5 
3030 5 
453 5 
1922 5 
1376 5 
3338 5 
3868 5 
4977 5 
4040 5 
4041 5 
5372 5 
534 5 
4004 5 
604 5 
1389 5 
1309 5 
3187 5 
1952 5 
3239 5 
3341 5 
2404 5 
1006 5 
1820 5 
602 5 
10 5 
4015 5 
2476 5 
3862 5 
6596 5 
2044 5 
166 5 
2038 5 
3553 5 
4033 5 
4034 5 
4035 5 
4036 5 
4037 5 
4038 5 
216 5 
1510 5 
3209 5 
2024 5 
764 5 
4029 5 
4476 5 
3878 5 
1073 5 
1166 5 
5146 5 
4917 5 
3045 5 
2325 5 
2303 5 
512 5 
2001 5 
2432 5 
2540 5 
3017 5 
2678 5 
4001 5 
3051 5 
3500 5 
1712 5 
2022 5 
4881 5 
1729 5 
4261 5 
4145 5 
838 5 
6083 5 
1556 5 
303 5 
857 5 
360 5 
4059 5 
4027 5 
419 5 
4046 5 
3997 5 
2985 5 
1257 5 
4298 5 
1776 5 
1549 5 
1404 5 
4013 5 
1287 5 
2939 5 
2856 5 
4567 5 
4465 5 
41 5 
4968 5 
2986 5 
2395 5 
1984 5 
3998 5 
3575 5 
3049 5 
101 5 
4874 5 
3231 5 
1075 5 
4205 5 
2042 5 
1808 5 
3989 5 
4238 5 
5009 5 
1847 5 
1789 5 
3221 5 
1871 5 
1072 5 
458 5 
2027 5 
555 5 
661 5 
302 5 
898 5 
4850 5 
2605 5 
4068 5 
4431 5 
1608 5 
22 5 
1703 5 
1082 5 
448 5 
437 5 
3572 5 
2217 5 
1688 5 
1420 5 
2727 5 
3986 5 
4227 5 
3174 5 
3381 5 
1798 5 
2047 5 
5184 5 
2548 5 
1454 5 
773 5 
3993 5 
1756 5 
2892 5 
2434 5 
1461 5 
3046 5 
1226 5 
4963 5 
188 5 
2011 5 
3984 5 
0 5 
1667 5 
1362 5 
2673 5 
374 5 
3047 5 
1613 5 
614 5 
1705 5 
2972 5 
4140 5 
706 5 
2112 5 
5188 5 
2838 5 
368 5 
2429 5 
2751 5 
1891 5 
2436 5 
806 5 
972 5 
1773 5 
4098 5 
5465 5 
1171 5 
1675 5 
2749 5 
4019 5 
5371 5 
4011 5 
715 5 
624 5 
3507 5 
1618 5 
696 5 
154 5 
2505 5 
3335 5 
440 5 
6017 5 
3467 5 
12 5 
1777 5 
4006 5 
1077 5 
1016 5 
2131 5 
2036 5 
879 5 
990 5 
3904 5 
161 5 
2800 5 
466 5 
2394 5 
1025 5 
4007 5 
1436 5 
910 5 
2485 5 
4031 5 
128 5 
672 5 
2541 5 
2989 5 
3848 5 
2048 5 
2952 5 
987 5 
2059 5 
5088 5 
1857 5 
2085 5 
1098 5 
2117 5 
925 5 
2668 5 
4663 5 
464 5 
2742 5 
1431 5 
4021 5 
2055 5 
551 5 
1426 5 
1064 5 
2199 5 
277 5 
1696 5 
2604 5 
1516 5 
5103 5 
701 5 
1421 5 
615 5 
4087 5 
627 5 
6073 5 
1664 5 
1932 5 
821 5 
5104 5 
889 5 
1398 5 
1715 5 
152 5 
478 5 
1150 5 
1709 5 
675 5 
3946 5 
2490 5 
3991 5 
126 5 
1884 5 
818 5 
1080 5 
814 5 
5001 5 
1599 5 
2503 5 
2126 5 
1275 5 
1383 5 
151 5 
3648 5 
2074 5 
459 5 
628 5 
1170 5 
1345 5 
3996 5 
890 5 
1945 5 
193 5 
369 5 
3916 5 
1874 5 
3650 5 
2275 5 
4975 5 
3627 5 
1921 5 
4026 5 
1084 5 
2814 5 
4280 5 
1444 5 
790 5 
613 5 
607 5 
1433 5 
2500 5 
986 5 
1441 5 
640 5 
3226 5 
6735 5 
6737 5 
6738 5 
6739 5 
6740 5 
6746 5 
6747 5 
6748 5 
6749 5 
6750 5 
6753 5 
6757 5 
6759 5 
6761 5 
6762 5 
2691 5 
901 5 
3275 5 
6733 5 
6755 5 
462 5 
13 5 
6756 5 
2120 5 
3002 5 
1184 5 
784 5 
6742 5 
2040 5 
3206 5 
839 5 
3314 5 
2198 5 
1785 5 
3328 5 
6763 5 
6760 5 
897 5 
625 5 
6731 5 
2688 5 
1998 5 
6751 5 
6752 5 
378 5 
2129 5 
656 5 
6754 5 
2501 5 
1980 5 
6727 5 
4598 5 
4028 5 
4010 5 
1159 5 
1687 5 
18 5 
1934 5 
548 5 
2560 5 
1765 5 
851 5 
2441 5 
6744 5 
6745 5 
6492 5 
5909 5 
856 5 
1172 5 
2737 5 
804 5 
5723 5 
2575 5 
903 5 
6764 5 
5042 5 
4012 5 
480 5 
2940 5 
837 5 
4039 5 
3326 5 
6521 5 
4056 5 
4 5 
2197 5 
3228 5 
3987 5 
3383 5 
5572 5 
2991 5 
3345 5 
996 5 
6728 5 
5052 5 
1803 5 
862 5 
852 5 
595 5 
3697 5 
6741 5 
6734 5 
1886 5 
3416 5 
4057 5 
3028 5 
1677 5 
704 5 
5481 5 
1004 5 
1165 5 
130 5 
1301 5 
2590 5 
2191 5 
2970 5 
6732 5 
3683 5 
2468 5 
1810 5 
587 5 
153 5 
832 5 
6422 5 
2968 5 
214 5 
1186 5 
385 5 
305 5 
284 5 
1689 5 
1838 5 
2213 5 
1220 5 
4262 5 
1088 5 
5577 5 
1209 5 
1203 5 
841 5 
461 5 
1986 5 
631 5 
3775 5 
2491 5 
1365 5 
1144 5 
1101 5 
3207 5 
423 5 
162 5 
1043 5 
3334 5 
1141 5 
442 5 
1390 5 
1892 5 
835 5 
1001 5 
1354 5 
1824 5 
850 5 
1782 5 
2522 5 
2549 5 
684 5 
3021 5 
1691 5 
1173 5 
170 5 
2478 5 
477 5 
4350 5 
3371 5 
1895 5 
3851 5 
4290 5 
5395 5 
861 5 
1089 5 
2132 5 
4032 5 
4064 5 
411 5 
2054 5 
1227 5 
700 5 
647 5 
2031 5 
3038 5 
1142 5 
1375 5 
5069 5 
2140 5 
3854 5 
231 5 
697 5 
4283 5 
181 5 
1671 5 
3699 5 
3567 5 
513 5 
4120 5 
315 5 
1447 5 
4082 5 
2390 5 
2876 5 
4090 5 
1693 5 
1926 5 
1040 5 
1946 5 
1868 5 
1821 5 
1916 5 
2046 5 
591 5 
1713 5 
2743 5 
1485 5 
3550 5 
2722 5 
815 5 
486 5 
1967 5 
2041 5 
1714 5 
558 5 
723 5 
810 5 
1678 5 
1136 5 
4974 5 
4305 5 
1153 5 
6725 5 
3544 5 
842 5 
572 5 
2039 5 
1603 5 
1987 5 
4581 5 
3471 5 
122 5 
1979 5 
4161 5 
2168 5 
1670 5 
1537 5 
912 5 
1680 5 
265 5 
424 5 
2938 5 
1255 5 
1132 5 
2801 5 
3932 5 
465 5 
2802 5 
892 5 
510 5 
111 5 
418 5 
1208 5 
2853 5 
3585 5 
381 5 
5258 5 
268 5 
1963 5 
1283 5 
3029 5 
416 5 
1839 5 
1096 5 
1827 5 
2788 5 
239 5 
1355 5 
1251 5 
242 5 
2519 5 
1721 5 
5647 5 
3263 5 
2765 5 
6720 5 
556 5 
328 5 
1161 5 
6730 5 
580 5 
744 5 
2877 5 
3749 5 
5185 5 
2527 5 
4191 5 
5517 5 
809 5 
3750 5 
2291 5 
1387 5 
1111 5 
2125 5 
3470 5 
2281 5 
1825 5 
175 5 
313 5 
1673 5 
6758 5 
1920 5 
771 5 
1983 5 
3535 5 
998 5 
739 5 
1116 5 
1682 5 
6726 5 
373 5 
3020 5 
1481 5 
2483 5 
3496 5 
2694 5 
6157 5 
1514 5 
557 5 
2937 5 
738 5 
638 5 
4122 5 
993 5 
3213 5 
1356 5 
2689 5 
2234 5 
6729 5 
6743 5 
1758 5 
6736 5 
1419 5 
5053 5 
1243 5 
4008 5 
2823 5 
1490 5 
1937 5 
5065 5 
2299 5 
4665 5 
3935 5 
1976 5 
4960 5 
1640 5 
1535 5 
229 5 
2106 5 
6 5 
1812 5 
1067 5 
2279 5 
5064 5 
761 5 
4014 5 
1837 5 
3192 5 
4537 5 
6090 5 
652 5 
156 5 
412 5 
1250 5 
117 5 
2470 5 
5066 5 
1788 5 
1364 5 
999 5 
2398 5 
1775 5 
463 5 
2726 5 
2869 5 
1068 5 
5180 5 
680 5 
2298 5 
1545 5 
2077 5 
2319 5 
3545 5 
2553 5 
159 5 
6345 5 
1615 5 
2268 5 
1763 5 
182 5 
1883 5 
1392 5 
264 5 
250 5 
2079 5 
479 5 
5059 5 
536 5 
6653 5 
2080 5 
799 5 
1429 5 
1597 5 
2780 5 
413 5 
2315 5 
1840 5 
2471 5 
1633 5 
94 5 
3850 5 
4018 5 
1541 5 
2 5 
1065 5 
2254 5 
1762 5 
597 5 
1819 5 
434 5 
2520 5 
2023 5 
379 5 
1786 5 
1936 5 
522 5 
1440 5 
1012 5 
450 5 
834 5 
623 5 
4878 5 
787 5 
2260 5 
1418 5 
1430 5 
2313 5 
1910 5 
598 5 
1078 5 
376 5 
1940 5 
1623 5 
574 5 
367 5 
1876 5 
1749 5 
3074 5 
6175 5 
1265 5 
2274 5 
637 5 
2278 5 
1094 5 
1268 5 
1052 5 
138 5 
2919 5 
2740 5 
1212 5 
1267 5 
2078 5 
366 5 
919 5 
526 5 
745 5 
3546 5 
219 5 
611 5 
626 5 
2759 5 
820 5 
1422 5 
599 5 
801 5 
494 5 
2297 5 
2045 5 
514 5 
384 5 
2025 5 
1147 5 
186 5 
3223 5 
475 5 
2911 5 
3912 5 
286 5 
878 5 
1770 5 
2155 5 
711 5 
616 5 
372 5 
1149 5 
409 5 
2744 5 
386 5 
3380 5 
4804 5 
2103 5 
3949 5 
2194 5 
2793 5 
833 5 
1259 5 
2037 5 
110 5 
964 5 
3035 5 
5386 5 
2256 5 
2318 5 
3983 5 
3875 5 
2371 5 
1046 5 
937 5 
304 5 
1609 5 
1107 5 
180 5 
927 5 
736 5 
1931 5 
5434 5 
1971 5 
907 5 
1403 5 
1035 5 
969 5 
1811 5 
3435 5 
399 5 
1639 5 
1199 5 
1882 5 
3016 5 
243 5 
2816 5 
452 5 
220 5 
431 5 
800 5 
1336 5 
2406 5 
2034 5 
2486 5 
2200 5 
1021 5 
1290 5 
1518 5 
1482 5 
921 5 
828 5 
4973 5 
1666 5 
1791 5 
146 5 
2235 5 
1948 5 
3210 5 
2408 5 
2526 5 
1325 5 
825 5 
1942 5 
1456 5 
1919 5 
566 5 
2121 5 
859 5 
1754 5 
3179 5 
793 5 
40 5 
2393 5 
1320 5 
287 5 
2021 5 
183 5 
5391 5 
1594 5 
1817 5 
135 5 
1894 5 
594 5 
2242 5 
622 5 
1348 5 
1939 5 
4797 5 
1489 5 
1315 5 
2715 5 
3990 5 
380 5 
1183 5 
1241 5 
125 5 
1236 5 
173 5 
2104 5 
1783 5 
2293 5 
618 5 
2032 5 
1732 5 
1656 5 
1683 5 
2928 5 
2267 5 
2060 5 
432 5 
2203 5 
667 5 
559 5 
4425 5 
5406 5 
4936 5 
3911 5 
789 5 
1842 5 
759 5 
2574 5 
1507 5 
1234 5 
1175 5 
1079 5 
1619 5 
2258 5 
1716 5 
1005 5 
2163 5 
401 5 
2283 5 
427 5 
617 5 
3257 5 
457 5 
144 5 
578 5 
662 5 
145 5 
891 5 
816 5 
805 5 
1266 5 
3224 5 
3710 5 
1962 5 
699 5 
669 5 
1953 5 
4916 5 
4093 5 
666 5 
2492 5 
3855 5 
329 5 
2807 5 
1457 5 
323 5 
1093 5 
1804 5 
753 5 
3897 5 
1260 5 
827 5 
426 5 
752 5 
1800 5 
1606 5 
590 5 
3992 5 
989 5 
4044 5 
4047 5 
1669 5 
1588 5 
2536 5 
433 5 
1533 5 
1135 5 
1968 5 
223 5 
797 5 
149 5 
1102 5 
1402 5 
735 5 
923 5 
1311 5 
443 5 
1106 5 
908 5 
888 5 
391 5 
860 5 
131 5 
1164 5 
1620 5 
38 5 
222 5 
605 5 
3698 5 
2709 5 
2255 5 
2397 5 
1544 5 
992 5 
233 5 
1291 5 
2570 5 
601 5 
673 5 
189 5 
3245 5 
654 5 
786 5 
414 5 
822 5 
191 5 
1427 5 
909 5 
808 5 
44 5 
2111 5 
812 5 
115 5 
619 5 
754 5 
3985 5 
236 5 
99 5 
163 5 
1930 5 
1131 5 
2572 5 
309 5 
1938 5 
132 5 
819 5 
1002 5 
782 5 
1898 5 
1359 5 
4003 5 
2690 5 
1271 5 
1293 5 
567 5 
4045 5 
1650 5 
576 5 
813 5 
766 5 
620 5 
2253 5 
51 5 
2133 5 
157 5 
1546 5 
1614 5 
1174 5 
743 5 
244 5 
1187 5 
853 5 
280 5 
445 5 
225 5 
221 5 
596 5 
621 5 
456 5 
3077 5 
1443 5 
845 5 
1543 5 
1632 5 
756 5 
234 5 
210 5 
3216 5 
2428 5 
1081 5 
734 5 
609 5 
439 5 
1238 5 
1014 5 
2912 5 
885 5 
854 5 
1774 5 
319 5 
261 5 
2566 5 
232 5 
2695 5 
1194 5 
844 5 
127 5 
740 5 
1235 5 
9 5 
211 5 
1870 5 
2833 5 
1249 5 
612 5 
363 5 
585 5 
311 5 
2026 5 
565 5 
1031 5 
1160 5 
751 5 
829 5 
1248 5 
2975 5 
1011 5 
603 5 
794 5 
577 5 
1015 5 
105 5 
748 5 
823 5 
449 5 
807 5 
120 5 
1193 5 
731 5 
1676 5 
404 5 
226 5 
2304 5 
563 5 
762 5 
527 5 
691 5 
1551 5 
1217 5 
176 5 
1233 5 
137 5 
581 5 
2029 5 
552 5 
582 5 
3246 5 
1009 5 
1296 5 
549 5 
1044 5 
634 5 
3885 5 
893 5 
883 5 
732 5 
792 5 
209 5 
179 5 
817 5 
1020 5 
568 5 
4185 5 
589 5 
194 5 
1169 5 
610 5 
1162 5 
586 5 
1780 5 
2357 5 
2130 5 
1674 5 
446 5 
1263 5 
444 5 
911 5 
121 5 
528 5 
803 5 
1711 5 
217 5 
1511 5 
564 5 
575 5 
1027 5 
511 5 
213 5 
944 5 
1244 5 
1634 5 
331 5 
310 5 
454 5 
218 5 
1076 5 
168 5 
420 5 
1710 5 
364 5 
1768 5 
1694 5 
2105 5 
1476 5 
1198 5 
1100 5 
2020 5 
276 5 
742 5 
1070 5 
228 5 
184 5 
571 5 
136 5 
392 5 
3 5 
1985 5 
2043 5 
208 5 
741 5 
320 5 
1000 5 
554 5 
942 5 
750 5 
974 5 
1109 5 
408 5 
167 5 
447 5 
227 5 
788 5 
106 5 
1099 5 
785 5 
573 5 
1367 5 
1003 5 
824 5 
561 5 
407 5 
113 5 
1232 5 
134 5 
116 5 
550 5 
114 5 
102 5 
207 5 
1289 5 
840 5 
553 5 
123 5 
201 5 
205 5 
1684 5 
147 5 
200 5 
1509 5 
1370 5 
206 5 
973 5 
1095 5 
103 5 
400 5 
5 5 
318 5 
1764 5 
119 5 
143 5 
2332 5 
798 5 
397 5 
124 5 
148 5 
109 5 
215 5 
398 5 
204 5 
405 5 
203 5 
212 5 
129 5 
139 5 
