6669 1
7173 1
1540 1
3831 1
5107 1
1746 1
4909 1
4816 1
6818 1
7354 1
7338 1
6555 1
6762 1
5016 1
2707 1
4454 1
4970 1
5834 1
5884 1
2475 1
2655 1
6360 1
3670 1
6369 1
7257 1
4582 1
3880 1
1522 1
7143 1
7254 1
4958 1
6965 1
6973 1
2492 1
4354 1
3957 1
4690 1
5139 1
4191 1
4535 1
5348 1
5039 1
3559 1
108 1
5418 1
1524 1
4517 1
7243 1
4486 1
6246 1
6475 1
6312 1
939 1
7226 1
6635 1
4505 1
5129 1
6192 1
6697 1
4604 1
7134 1
5872 1
4339 1
7290 1
6743 1
7323 1
4762 1
5779 1
5999 1
6969 1
4208 1
2007 1
3008 1
4693 1
3319 1
7108 1
7010 1
3283 1
6757 1
602 1
2468 1
4901 1
6835 1
744 1
5117 1
4267 1
6155 1
7330 1
4285 1
5381 1
7337 1
4115 1
5883 1
6236 1
7391 1
3813 1
5744 1
5726 1
6914 1
5002 1
1654 1
6038 1
3456 1
7208 1
5206 1
4854 1
5920 1
6874 1
5412 1
6944 1
5128 1
5100 1
6219 1
6526 1
7018 1
2852 1
5632 1
4878 1
7007 1
5539 1
7150 1
6044 1
5191 1
6741 1
4255 1
3000 1
6660 1
6887 1
2789 1
3185 1
5452 1
6954 1
5102 1
6433 1
6412 1
5950 1
6661 1
3706 1
3771 1
7318 1
2917 1
3449 1
7166 1
7159 1
6175 1
7165 1
2062 1
6323 1
1419 1
3869 1
6188 1
7302 1
295 1
4013 1
7196 1
3412 1
3215 1
4782 1
5150 1
5376 1
5386 1
5475 1
7367 1
821 1
5951 1
5455 1
5835 1
4145 1
4927 1
6165 1
1735 1
7320 1
6676 1
6708 1
3226 1
6027 1
6541 1
2948 1
4722 1
2392 1
6202 1
5209 1
6142 1
2985 1
5421 1
7093 1
5454 1
6395 1
6997 1
6884 1
7371 1
4134 1
5077 1
5480 1
7154 1
6413 1
3395 1
6933 1
3304 1
3248 1
3276 1
3838 1
4627 1
4637 1
4953 1
7026 1
3300 1
3994 1
7316 1
2937 1
5986 1
3376 1
1311 1
4734 1
7321 1
6637 1
7283 1
5860 1
3528 1
6847 1
5056 1
1185 1
3954 1
4672 1
3494 1
6703 1
4822 1
4795 1
738 1
3348 1
5363 1
6717 1
4841 1
6207 1
7034 1
4915 1
7095 1
7261 1
5730 1
5416 1
4649 1
5836 1
4590 1
7015 1
6783 1
3886 1
5457 1
5967 1
5109 1
2868 1
4324 1
6469 1
3708 1
3894 1
3840 1
4551 1
5170 1
5357 1
3533 1
7303 1
4906 1
6800 1
7267 1
6947 1
4207 1
6010 1
7332 1
6543 1
6595 1
6833 1
5989 1
608 1
3940 1
2387 1
4794 1
4278 1
5486 1
7238 1
7036 1
4820 1
4542 1
1308 1
4799 1
5408 1
6907 1
2193 1
7265 1
6136 1
4017 1
4246 1
4804 1
3647 1
6485 1
5367 1
4823 1
1434 1
1415 1
3213 1
4755 1
6968 1
6119 1
5082 1
7172 1
6185 1
2791 1
3473 1
2720 1
6677 1
3047 1
4706 1
5218 1
6840 1
6599 1
1318 1
3751 1
6415 1
3031 1
3758 1
4178 1
5447 1
2986 1
4182 1
4342 1
4556 1
6616 1
6793 1
3482 1
5038 1
6057 1
4201 1
6322 1
3203 1
4819 1
6959 1
5254 1
6195 1
6331 1
7098 1
7248 1
4766 1
7041 1
6774 1
6208 1
6521 1
2590 1
4111 1
4223 1
5176 1
6962 1
4954 1
3684 1
5563 1
7215 1
5792 1
5469 1
6942 1
4070 1
7109 1
6276 1
6572 1
5204 1
3083 1
7351 1
7017 1
2286 1
4702 1
4837 1
483 1
928 1
4565 1
5881 1
1468 1
5398 1
4042 1
2147 1
5825 1
7246 1
3379 1
6455 1
6197 1
4937 1
1339 1
5197 1
6732 1
5053 1
5803 1
4055 1
6679 1
3579 1
4203 1
7117 1
3205 1
4237 1
464 1
6964 1
4452 1
281 1
5347 1
7131 1
5422 1
2934 1
4346 1
4759 1
6761 1
6394 1
5581 1
3739 1
5530 1
3134 1
5383 1
6063 1
3653 1
4477 1
7178 1
7180 1
4830 1
5947 1
7081 1
7155 1
6928 1
2256 1
7052 1
5852 1
5862 1
6844 1
1424 1
5116 1
3474 1
4832 1
5228 1
3397 1
7070 1
5932 1
1965 1
2068 1
6937 1
6346 1
5496 1
5962 1
7139 1
1395 1
5411 1
5918 1
5759 1
5040 1
5929 1
2096 1
4049 1
4862 1
7355 1
3905 1
6639 1
4959 1
7021 1
2514 1
2633 1
5031 1
6899 1
7126 1
4559 1
5878 1
7058 1
7144 1
7373 1
5775 1
5772 1
3634 1
2069 1
5437 1
6984 1
594 1
4769 1
5319 1
6715 1
2708 1
5574 1
4780 1
5289 1
6608 1
3207 1
6 1
2896 1
6958 1
2287 1
3017 1
1121 1
3256 1
596 1
2552 1
5345 1
6518 1
2974 1
5200 1
6052 1
375 1
3557 1
6736 1
6750 1
7213 1
7363 1
5721 1
5047 1
7079 1
6985 1
4571 1
6642 1
2864 1
5145 1
2171 1
571 1
6576 1
6882 1
4539 1
7038 1
2097 1
4518 1
4741 1
7110 1
7284 1
4116 1
1538 1
6180 1
5066 1
3629 1
2575 1
5340 1
4043 1
6184 1
6281 1
6646 1
7151 1
7195 1
7379 1
3827 1
7132 1
3088 1
3828 1
5230 1
3373 1
4229 1
1458 1
2485 1
6727 1
4940 1
2652 1
3626 1
4461 1
1961 1
7311 1
4245 1
3354 1
3316 1
3910 1
4276 1
4308 1
4785 1
4639 1
2710 1
5524 1
3854 1
4066 1
4504 1
912 1
5517 1
5911 1
7256 1
5273 1
2835 1
4221 1
6826 1
5140 1
6442 1
6653 1
5237 1
6688 1
4347 1
4349 1
6030 1
1936 1
6712 1
6728 1
2087 1
3937 1
4714 1
5306 1
1016 1
3677 1
5041 1
5296 1
4340 1
6558 1
6912 1
3021 1
4373 1
2322 1
1201 1
1905 1
6919 1
1565 1
1176 1
3445 1
1600 1
6011 1
5808 1
6035 1
5965 1
5692 1
1336 1
7062 1
7101 1
5079 1
6857 1
3950 1
5247 1
5453 1
4226 1
6994 1
7253 1
3756 1
3951 1
6042 1
5371 1
6556 1
7388 1
6570 1
3507 1
3832 1
4671 1
5397 1
7142 1
7333 1
6308 1
6559 1
3723 1
5258 1
4344 1
4409 1
4749 1
3106 1
6062 1
6178 1
6582 1
3254 1
3279 1
5953 1
6454 1
2356 1
6623 1
4126 1
5325 1
4792 1
3123 1
4362 1
3453 1
3892 1
4140 1
5312 1
5268 1
6605 1
2280 1
3572 1
5863 1
6834 1
3122 1
5427 1
3725 1
3602 1
6441 1
6839 1
4745 1
6376 1
6980 1
7002 1
7279 1
6464 1
3308 1
3858 1
6758 1
959 1
6215 1
5390 1
5409 1
7157 1
3277 1
1015 1
5208 1
2695 1
98 1
6534 1
5719 1
6626 1
6515 1
4857 1
6590 1
1789 1
4425 1
5949 1
4942 1
6098 1
4010 1
6203 1
2696 1
4081 1
6511 1
6278 1
2426 1
3581 1
2060 1
1859 1
5483 1
6936 1
1229 1
1346 1
6970 1
5647 1
5063 1
6361 1
5538 1
4195 1
1072 1
3977 1
5155 1
5465 1
7387 1
3918 1
4564 1
1459 1
5584 1
7064 1
7199 1
5067 1
1562 1
4598 1
5329 1
5313 1
2993 1
5042 1
5121 1
6889 1
4631 1
5504 1
5823 1
6199 1
6619 1
7124 1
6630 1
4849 1
7362 1
5173 1
4790 1
5850 1
4035 1
5165 1
7104 1
7020 1
4189 1
4916 1
2435 1
3033 1
5220 1
2337 1
4587 1
5298 1
5494 1
5778 1
2746 1
4426 1
5119 1
6287 1
2567 1
6745 1
2066 1
6966 1
6957 1
7313 1
7276 1
5718 1
5624 1
6267 1
6977 1
4591 1
7342 1
5180 1
2736 1
4241 1
4583 1
6212 1
6764 1
4752 1
7273 1
1260 1
4384 1
3427 1
7194 1
4078 1
6396 1
6110 1
6655 1
4348 1
6488 1
4380 1
6794 1
568 1
3506 1
4234 1
4541 1
6383 1
6789 1
7231 1
7280 1
7201 1
5635 1
5110 1
3545 1
2888 1
5280 1
4838 1
5032 1
63 1
7177 1
2958 1
6040 1
6693 1
2293 1
5344 1
5659 1
7086 1
191 1
2614 1
4703 1
7315 1
5905 1
2678 1
1713 1
2882 1
2262 1
5781 1
2528 1
2314 1
3065 1
1597 1
3087 1
3260 1
6342 1
5248 1
5508 1
5848 1
6064 1
3938 1
555 1
4271 1
5984 1
3089 1
3363 1
6031 1
7252 1
4895 1
4146 1
5382 1
5904 1
6870 1
7244 1
5222 1
5440 1
4998 1
242 1
2919 1
6821 1
2909 1
2887 1
6896 1
6624 1
5638 1
7359 1
6813 1
4949 1
6768 1
3479 1
2365 1
6443 1
6225 1
6391 1
7378 1
467 1
3921 1
4211 1
4861 1
2555 1
7060 1
4977 1
5527 1
7228 1
4496 1
4677 1
6567 1
5277 1
3700 1
3736 1
5727 1
6159 1
6484 1
7045 1
7266 1
2202 1
1496 1
4180 1
3278 1
4568 1
7386 1
6128 1
874 1
2433 1
2490 1
2829 1
3016 1
3191 1
4390 1
5006 1
5195 1
6340 1
7099 1
4168 1
3963 1
4479 1
148 1
4908 1
6537 1
7078 1
3384 1
2443 1
6367 1
6540 1
7162 1
1591 1
4889 1
7033 1
7358 1
3461 1
4421 1
5499 1
3610 1
6486 1
2656 1
2258 1
6072 1
4148 1
7380 1
6191 1
3570 1
7012 1
5842 1
6074 1
5108 1
5979 1
7122 1
4501 1
6379 1
6714 1
5771 1
97 1
2105 1
3120 1
7181 1
4492 1
1797 1
5126 1
4030 1
7057 1
6337 1
2011 1
1549 1
4632 1
5263 1
6805 1
1228 1
2295 1
1564 1
5839 1
6080 1
1809 1
5231 1
4821 1
6417 1
6876 1
6295 1
4369 1
7294 1
7374 1
6292 1
6667 1
2542 1
2400 1
5866 1
5868 1
121 1
2377 1
3734 1
6939 1
6752 1
6955 1
7190 1
7197 1
4665 1
6699 1
6549 1
7009 1
6700 1
2881 1
4219 1
4860 1
5432 1
1827 1
5601 1
3764 1
948 1
3488 1
2266 1
3485 1
1985 1
4809 1
645 1
7077 1
6261 1
5506 1
7286 1
5033 1
1116 1
4744 1
7179 1
2966 1
3369 1
3515 1
3848 1
5156 1
7091 1
7263 1
2458 1
3409 1
4947 1
6139 1
6725 1
7200 1
1732 1
3833 1
1750 1
3573 1
3803 1
4428 1
6055 1
6069 1
5477 1
1367 1
7277 1
4645 1
5528 1
5553 1
7182 1
3388 1
5196 1
4634 1
3650 1
4572 1
1917 1
4312 1
4788 1
6581 1
4466 1
6357 1
5097 1
7364 1
794 1
4108 1
4882 1
5164 1
3816 1
7170 1
5655 1
5661 1
5944 1
7236 1
7317 1
7376 1
4222 1
6404 1
5804 1
7314 1
2895 1
5255 1
3839 1
6463 1
6996 1
4600 1
7220 1
5059 1
6953 1
6974 1
7114 1
7067 1
6909 1
6807 1
3791 1
7198 1
6575 1
5663 1
6382 1
7075 1
7287 1
4008 1
6049 1
7022 1
7152 1
4336 1
3510 1
4250 1
5355 1
4717 1
1348 1
4472 1
4526 1
5187 1
5309 1
3255 1
5086 1
7300 1
5186 1
6117 1
5270 1
7140 1
4375 1
3979 1
7129 1
7191 1
6981 1
3469 1
3712 1
4725 1
3608 1
6294 1
6713 1
7312 1
1999 1
5234 1
854 1
3209 1
3525 1
6430 1
2253 1
6620 1
5912 1
2761 1
3900 1
4737 1
4831 1
6724 1
3588 1
1931 1
2483 1
4633 1
6920 1
7233 1
1461 1
4943 1
6428 1
6591 1
6525 1
6352 1
5024 1
6598 1
6565 1
4104 1
4540 1
5888 1
7176 1
2849 1
560 1
5368 1
2397 1
3001 1
5354 1
5847 1
6790 1
7019 1
7289 1
5444 1
5149 1
1922 1
5902 1
1852 1
5987 1
6749 1
5017 1
6270 1
3915 1
5293 1
2008 1
2441 1
4341 1
5226 1
6916 1
6744 1
3272 1
3561 1
3914 1
2420 1
3794 1
7327 1
5330 1
5552 1
7005 1
7053 1
1700 1
6353 1
3809 1
6194 1
1214 1
4254 1
6238 1
4709 1
6339 1
176 1
400 1
4464 1
4154 1
7106 1
5669 1
5286 1
6127 1
7186 1
773 1
6867 1
7377 1
6359 1
6401 1
7275 1
4985 1
3826 1
3985 1
5410 1
7310 1
7072 1
3804 1
3698 1
2234 1
4124 1
5106 1
7042 1
126 1
2572 1
5568 1
1675 1
2951 1
575 1
1151 1
6221 1
4997 1
5879 1
5078 1
6705 1
2477 1
532 1
2865 1
6903 1
7156 1
5832 1
7063 1
3227 1
5299 1
2753 1
567 1
6640 1
5925 1
5142 1
734 1
6662 1
7390 1
6931 1
6012 1
4870 1
431 1
5677 1
5351 1
6557 1
3964 1
4495 1
7343 1
6420 1
1304 1
6210 1
7048 1
7066 1
5817 1
6019 1
6775 1
6778 1
6756 1
6434 1
2564 1
2921 1
3768 1
6849 1
6588 1
3382 1
5057 1
6812 1
5372 1
2762 1
2803 1
595 1
2410 1
6112 1
6770 1
3935 1
1973 1
6796 1
4753 1
7219 1
5520 1
2613 1
990 1
2914 1
3821 1
4660 1
4865 1
5288 1
5434 1
6135 1
6296 1
6332 1
6658 1
3680 1
5211 1
5737 1
1283 1
5008 1
6991 1
5338 1
5690 1
7116 1
4437 1
7232 1
5366 1
2788 1
5336 1
6681 1
1753 1
4881 1
6842 1
4808 1
6245 1
3096 1
1294 1
1825 1
2823 1
6702 1
7029 1
5279 1
3332 1
6075 1
3246 1
1819 1
3968 1
6329 1
2010 1
5612 1
7118 1
2120 1
6976 1
2871 1
6153 1
4850 1
3433 1
1930 1
4265 1
507 1
4141 1
3630 1
2354 1
147 1
3934 1
5332 1
1572 1
5133 1
2523 1
4555 1
6046 1
2968 1
3201 1
4129 1
4663 1
5795 1
6930 1
7293 1
6864 1
6951 1
2015 1
3711 1
4079 1
4990 1
5115 1
6507 1
6578 1
6938 1
6961 1
4272 1
699 1
6560 1
2920 1
3555 1
5798 1
6041 1
4277 1
4726 1
4976 1
4367 1
2644 1
6385 1
4781 1
4439 1
4239 1
6327 1
440 1
5583 1
6351 1
3302 1
5489 1
6319 1
712 1
4628 1
4701 1
4688 1
4996 1
4523 1
935 1
6866 1
4174 1
5104 1
5941 1
5124 1
5207 1
5064 1
2479 1
4817 1
6161 1
2891 1
7016 1
4617 1
2810 1
5439 1
3034 1
5788 1
7218 1
6118 1
6709 1
6888 1
7352 1
5900 1
2285 1
993 1
7174 1
7271 1
4474 1
1767 1
2333 1
3873 1
3713 1
4300 1
6248 1
439 1
4593 1
4436 1
3443 1
6602 1
5175 1
5495 1
6571 1
6174 1
4193 1
5238 1
7360 1
5790 1
2956 2
7308 2
3415 2
668 2
2306 2
4249 2
3145 2
610 2
6611 2
6905 2
5327 2
4418 2
2774 2
4835 2
5924 2
4643 2
3717 2
6491 2
4358 2
1926 2
4447 2
5417 2
227 2
4566 2
5163 2
5062 2
6145 2
6837 2
7061 2
2748 2
1265 2
4674 2
6014 2
5927 2
814 2
5253 2
6116 2
3223 2
2699 2
2209 2
543 2
6689 2
7189 2
3665 2
3550 2
6470 2
4451 2
637 2
4268 2
4297 2
5389 2
6217 2
6510 2
4946 2
3184 2
2399 2
6552 2
488 2
6460 2
6431 2
3079 2
3230 2
1262 2
5112 2
487 2
1439 2
2706 2
3339 2
3782 2
6389 2
6580 2
7185 2
902 2
4930 2
6776 2
4666 2
1954 2
3018 2
4773 2
2378 2
2434 2
1579 2
5975 2
4836 2
7187 2
5388 2
4533 2
2897 2
5369 2
7083 2
1914 2
5557 2
6187 2
6926 2
6586 2
1211 2
5269 2
5831 2
3735 2
158 2
2635 2
2860 2
3591 2
3845 2
5166 2
5260 2
5442 2
6479 2
6998 2
1052 2
6474 2
858 2
6726 2
3220 2
4082 2
4004 2
4561 2
2861 2
1401 2
7349 2
5235 2
5784 2
3546 2
6402 2
5291 2
4041 2
5980 2
7356 2
5830 2
6739 2
7149 2
5894 2
1853 2
6154 2
5472 2
1648 2
139 2
2819 2
4844 2
5010 2
7305 2
4102 2
4150 2
6465 2
6150 2
4724 2
5507 2
3352 2
868 2
3175 2
4768 2
3522 2
5239 2
1691 2
5448 2
5658 2
6152 2
6272 2
6825 2
6989 2
7120 2
1733 2
3163 2
4095 2
1106 2
5753 2
3911 2
4480 2
4355 2
5320 2
4948 2
7138 2
4022 2
4261 2
1474 2
2016 2
5936 2
4263 2
5482 2
5770 2
6198 2
6841 2
7119 2
6563 2
6720 2
6747 2
7382 2
5882 2
6068 2
6666 2
5740 2
3688 2
6368 2
4204 2
3576 2
6378 2
3875 2
4005 2
4394 2
4905 2
5664 2
6769 2
6922 2
7255 2
3850 2
6707 2
3344 2
6596 2
5952 2
3076 2
2476 2
6061 2
6733 2
3197 2
3244 2
5203 2
4763 2
5877 2
6898 2
6183 2
5636 2
6410 2
6123 2
6678 2
2098 2
4574 2
5387 2
5998 2
7350 2
2315 2
3958 2
5429 2
4630 2
6157 2
2687 2
6550 2
7237 2
7325 2
7370 2
152 2
6450 2
6963 2
7030 2
7309 2
5681 2
1511 2
5399 2
1768 2
4072 2
6289 2
2484 2
3622 2
2336 2
2886 2
3114 2
3126 2
3536 2
4403 2
4668 2
5334 2
3984 2
3962 2
5360 2
5114 2
4570 2
1509 2
1423 2
4333 2
5441 2
5981 2
2674 2
6795 2
6099 2
5243 2
3941 2
6022 2
7113 2
6992 2
1251 2
6883 2
2415 2
6685 2
5090 2
3714 2
5621 2
6189 2
5943 2
5190 2
6868 2
613 2
3150 2
2906 2
2386 2
3868 2
4307 2
5213 2
2384 2
7322 2
6604 2
5782 2
6037 2
6133 2
6233 2
6634 2
6737 2
7259 2
7324 2
7365 2
3539 2
2755 2
3600 2
6435 2
4287 2
5303 2
4777 2
1325 2
2713 2
1390 2
2515 2
3371 2
5994 2
6134 2
7385 2
3297 2
2455 2
3266 2
5343 2
3750 2
7344 2
6782 2
6843 2
7123 2
7307 2
6462 2
6895 2
7037 2
1319 2
4334 2
6628 2
6869 2
6904 2
6910 2
3232 2
4149 2
1963 2
4814 2
1017 2
3368 2
3475 2
4352 2
4548 2
5728 2
6545 2
6670 2
6988 2
7203 2
7209 2
7258 2
7285 2
7297 2
3748 2
4866 2
4681 2
5484 2
4675 2
4205 2
2511 2
5405 2
1817 2
6759 2
6879 2
3604 2
6160 2
6280 2
3410 2
4401 2
6482 2
2982 2
3623 2
6917 2
5076 2
3974 2
2367 2
2701 2
6979 2
2334 2
4038 2
6975 2
1662 2
7080 2
7270 2
7069 2
7092 2
4405 2
5906 2
4807 2
123 2
1500 2
2355 2
3509 2
4194 2
4275 2
5011 2
5105 2
6397 2
6467 2
6472 2
7074 2
4914 2
276 2
5991 2
5605 2
7130 2
2783 2
6231 2
2179 2
6129 2
2847 2
4888 2
6721 2
3064 2
5374 2
5132 2
7168 2
2403 2
1544 2
4457 2
2749 2
2947 2
39 2
3516 2
6501 2
6921 2
6982 2
6633 2
4490 2
5393 2
6751 2
3365 2
5509 2
1378 2
1405 2
3885 2
5307 2
5358 2
6282 2
6798 2
6855 2
7160 2
4739 2
5287 2
2432 2
4776 2
4242 2
1046 2
4988 2
4050 2
150 2
3966 2
3996 2
4186 2
4463 2
5458 2
5800 2
6279 2
6324 2
6398 2
6716 2
6753 2
6829 2
7031 2
3360 2
3059 2
6048 2
1872 2
6451 2
1044 2
4576 2
4805 2
3380 2
6373 2
6059 2
5137 2
6298 2
7161 2
6381 2
885 2
6151 2
3888 2
6585 2
3695 2
5290 2
6607 2
3577 2
30 2
4894 2
3073 2
5777 2
1418 2
6345 2
6416 2
4801 2
4603 2
6520 2
62 2
3564 2
6767 2
6890 2
6897 2
7282 2
2272 2
6466 2
2739 2
4231 2
3933 2
4711 2
4926 2
6211 2
5857 2
6448 2
1804 2
4067 2
4378 2
6284 2
6746 2
6900 2
7088 2
982 2
1622 2
2832 2
4075 2
7137 2
7214 2
7224 2
2309 2
5645 2
6530 2
2585 2
5315 2
5013 2
4935 2
4443 2
3435 2
6024 2
6579 2
2538 2
3861 2
6300 2
6350 2
4625 2
5876 2
3517 2
6244 2
3942 2
4983 2
5098 2
7372 2
5780 2
6915 2
6223 2
6033 2
4661 2
4181 2
6426 2
6978 2
1587 2
1969 2
3053 2
3442 2
3908 2
5704 2
6487 2
6664 2
5789 2
849 2
6600 2
1145 2
4664 2
6710 2
6872 2
5433 2
3333 2
4329 2
6493 2
3637 2
4094 2
5171 2
5599 2
1702 2
4117 2
3511 2
4202 2
4772 2
3326 2
593 2
3006 2
5118 2
7341 2
7071 2
5130 2
4890 2
3357 2
4310 2
314 2
5492 2
6447 2
3284 2
5036 2
3987 2
1866 2
5311 2
6314 2
6891 2
7192 2
5824 2
2532 2
1835 2
3170 2
4873 2
1894 2
5349 2
1892 2
3595 2
5153 2
6446 2
4880 2
4155 2
1779 2
5292 2
1400 2
2526 2
670 2
6347 2
2233 2
4213 2
3486 2
6138 2
7348 2
1793 2
7148 2
4467 2
6456 2
1102 2
7383 2
4216 2
1054 2
2808 2
589 2
5657 2
2453 2
3761 2
1709 2
6163 2
6422 2
106 2
3683 2
2474 2
3983 2
3364 2
3981 2
913 2
2032 2
936 2
2326 2
6690 2
6343 2
7096 2
5675 2
5502 2
6832 2
7346 2
5709 2
927 2
4925 2
4963 2
4803 2
5407 2
1970 2
4872 2
4330 2
4975 2
5275 2
6317 2
4924 2
5096 2
6173 2
7163 2
2470 2
3722 2
5488 2
5000 2
3436 2
5403 2
4351 2
6009 2
2129 2
5101 2
7014 2
7212 2
3011 2
676 2
5921 2
7056 2
5569 2
6506 2
1368 2
2848 2
3891 2
1588 2
3801 2
6935 2
6177 2
6529 2
72 2
1345 2
1520 2
1404 2
7216 2
2682 2
6445 2
1373 2
6946 2
1875 2
3193 2
4184 2
3691 2
1871 2
73 2
6875 2
6820 2
1823 2
2168 2
5003 2
6290 2
6476 2
2620 2
6490 2
3117 2
4083 2
3180 2
6218 2
3240 2
3068 2
4999 2
3760 2
1645 2
4139 2
3164 2
5297 2
6512 2
4179 2
1270 2
4699 2
338 2
1322 2
3291 2
5215 2
6538 2
6592 2
3815 2
4597 2
2436 2
6377 2
5256 2
1843 2
6730 2
3549 2
5091 2
3113 2
2732 2
5573 2
3655 2
7043 2
4704 2
6674 2
521 2
5069 2
5627 2
6641 2
7100 2
2979 2
1247 2
5600 2
6729 2
1666 2
184 2
7299 2
4758 2
1253 2
4800 2
6371 2
4932 2
5618 2
7084 2
6143 2
3859 2
4697 2
2132 2
3317 2
6967 2
4371 2
2820 2
4058 2
3599 2
1048 2
2769 2
6182 2
6950 2
3468 2
4353 2
4143 2
4410 2
5245 2
5505 2
6330 2
2238 2
4989 2
6850 2
4923 2
4086 2
4449 2
5933 2
7051 2
2086 2
2671 2
5202 2
5446 2
6088 2
1490 2
5058 2
5451 2
964 2
4144 2
2557 2
6632 2
5908 2
4056 2
1694 2
5997 2
3040 2
1601 2
6307 2
4052 2
312 2
4875 2
4000 2
6354 2
1447 2
5014 2
1693 2
5322 2
4779 2
6094 2
2544 2
257 2
3251 2
5490 2
3930 2
6949 2
5178 2
3020 2
5252 2
7089 2
7304 2
6313 2
5242 2
3086 2
6186 2
4695 2
6990 2
4608 2
6972 2
6906 2
7001 2
1217 2
2499 2
4021 2
3321 2
2795 2
3890 2
5093 2
3108 2
3132 2
4024 2
2751 2
1806 2
5162 2
4393 2
6137 2
6303 2
6735 2
6478 2
6683 2
2540 2
6617 2
6452 2
280 2
4091 2
5822 2
2885 2
2856 2
3967 2
7292 2
2743 2
4775 2
578 2
3358 2
7127 2
1882 2
2981 2
3721 2
4718 2
5182 2
6554 2
1472 2
7235 2
5909 2
3747 2
4273 2
1164 2
7027 2
2500 2
2798 2
5094 2
4735 2
5419 2
6288 2
2597 2
7111 2
5625 2
2376 2
3743 2
4065 2
3022 2
4992 2
5361 2
6987 2
3520 2
1556 2
2719 2
4796 2
5420 2
3829 2
4396 2
5304 2
6952 2
7175 2
7242 2
5198 2
1300 2
3383 2
4252 2
6498 2
5752 2
5642 2
4503 2
6993 2
5684 2
606 2
5716 2
6333 2
2473 2
1841 2
4247 2
1934 2
753 2
3361 2
5071 2
5373 2
2292 2
5443 2
5491 2
6436 2
6622 2
6779 2
7023 2
7274 2
4743 2
5708 2
1296 2
3101 2
4771 2
4629 2
3347 2
1581 2
1619 2
3636 2
6269 2
6785 2
1874 2
5283 2
6458 2
7298 2
3705 2
5414 2
644 2
1908 2
5436 2
1488 2
4430 2
5151 2
2817 2
4871 2
5249 2
5321 2
3026 2
4064 2
6673 2
1129 2
2862 2
1460 2
6310 2
5899 2
2424 2
4054 2
2463 2
6408 2
5083 2
1332 2
3819 2
1525 2
3969 2
6945 2
6983 2
3464 2
4896 2
6760 2
2792 2
3349 2
5571 2
2175 2
1612 2
3681 2
4962 2
2726 2
7188 2
5846 2
6285 2
7013 2
7146 2
7357 2
4028 2
7102 2
7296 2
5333 2
2345 2
2482 2
3587 2
3620 2
5089 2
5099 2
4301 2
4569 2
3772 2
2705 2
2418 2
2520 2
4512 2
5184 2
6449 2
2419 2
5337 2
4980 2
5396 2
5189 2
5833 2
7225 2
4611 2
4294 2
3922 2
5567 2
5352 2
316 2
7335 2
961 2
2402 2
5219 2
6067 2
6356 2
6542 2
6544 2
3082 2
11 2
4682 2
7361 2
1955 2
1530 2
5535 2
5323 2
2657 2
1347 2
4419 2
1351 2
7164 2
3214 2
6772 2
2243 2
4331 2
4874 2
7353 2
1790 2
6419 2
6815 2
7040 2
4710 2
4967 2
3007 2
402 2
5282 2
3664 2
6256 2
7103 2
5558 2
6297 2
1747 2
6654 2
7339 2
2005 2
7281 2
5711 2
4784 2
6845 2
3037 2
5765 2
7147 2
7193 2
5698 2
6643 2
1589 2
4299 2
5152 2
2501 2
6023 2
5406 2
4786 2
3648 2
6043 2
2744 2
5739 2
4392 2
5954 2
4327 2
5468 2
6453 2
6477 2
7222 2
6629 2
6392 2
233 2
7059 2
7141 2
6682 2
2793 2
1822 2
6273 2
6893 2
3585 2
1786 2
1190 2
4112 2
6671 2
4614 2
4138 2
2222 2
2012 2
3925 2
5467 2
7054 2
7272 2
6366 2
5755 2
1749 2
6814 2
3270 2
4376 2
3385 2
988 2
5324 2
4580 2
5937 2
6766 2
1800 2
1063 2
6691 2
1710 2
5667 2
4638 2
4456 2
3593 2
6495 2
2191 2
3562 2
4433 2
4240 2
4136 2
3924 2
5652 2
4197 2
4757 2
6852 2
6546 2
4387 2
5272 2
5435 2
4280 2
643 2
1171 2
5183 2
3225 2
4321 2
1384 2
3878 2
1604 2
6403 2
1394 2
2281 2
3012 2
3099 2
4931 2
2383 2
2284 2
1289 2
2766 2
1181 2
1042 2
4123 2
3652 2
6528 2
3274 2
2381 2
6021 2
4736 2
5095 2
3752 2
5712 2
6901 2
5438 2
6513 2
5143 2
2764 2
6301 2
2049 2
1773 2
5274 2
3390 2
5516 2
4045 2
3978 2
7076 2
7112 2
633 2
1437 2
5055 2
6657 2
3125 2
5487 2
7269 2
6050 2
6830 2
5840 2
4508 2
7229 2
1513 2
4964 2
5378 2
2270 2
871 2
4361 2
6483 2
3672 2
3719 2
3786 2
6675 2
6859 2
7183 2
1414 2
3032 2
3265 2
297 2
6209 2
1777 2
3741 2
3343 2
6881 2
5356 2
6804 2
6471 2
210 2
3467 2
3131 2
746 2
2462 2
6523 2
4694 2
5639 2
3692 2
3466 2
2059 2
1523 2
5395 2
3341 2
6004 2
5463 2
5085 2
4296 2
5080 2
3686 2
6865 2
540 2
7082 2
565 2
6348 2
2548 2
3799 2
5276 2
3480 2
1357 2
3558 2
6179 2
6625 2
2867 2
3671 2
5466 2
2757 2
4754 2
7210 2
2658 2
2975 2
5622 2
2718 2
2210 2
4406 2
5683 2
1163 2
4708 2
4955 2
6166 2
6771 2
3258 2
6719 2
1537 2
2916 2
4485 2
4161 2
3624 2
6409 2
6085 2
7205 2
2138 2
938 2
1165 2
1088 2
3103 2
6374 2
4721 2
5385 2
3855 2
6650 2
3124 2
3783 2
3568 2
6696 2
3795 2
4605 2
1570 2
1062 2
2128 2
5073 2
318 2
3312 2
509 2
5512 2
5864 2
4438 2
6206 2
3437 2
6060 2
1729 2
4218 2
6704 2
4001 2
6222 2
2894 2
6561 2
684 2
3607 2
6086 2
6255 2
6672 2
6940 2
7207 2
3575 2
2969 2
7392 2
6934 2
6370 2
1350 2
1802 2
4858 2
4986 2
6169 2
7262 2
4198 2
1292 2
3651 2
5205 2
1920 2
6801 2
4279 2
5498 2
3393 2
2601 2
4783 2
6277 2
7073 2
6489 2
7251 2
3212 2
6848 2
6386 2
7366 2
2822 2
5423 2
4960 2
5350 2
2931 2
5815 2
2752 2
6846 2
6355 2
4471 2
6204 2
4320 2
3152 2
3422 2
3594 2
4365 2
2533 2
2809 2
6266 2
3396 2
3830 2
5555 2
286 2
466 2
3903 2
3627 2
6047 2
4589 2
1113 2
6226 2
2636 2
5479 2
6589 2
3759 2
7115 2
6948 2
4731 2
6263 2
892 2
1998 2
4929 2
5030 2
515 2
2044 2
6438 2
6091 2
6494 2
4651 2
5019 2
45 2
5856 2
5760 2
7167 2
1554 2
6687 2
6808 2
1142 2
5257 2
6995 3
2561 3
1133 3
4936 3
3168 3
4827 3
6527 3
2851 3
6440 3
5671 3
3289 3
2110 3
5224 3
6734 3
4032 3
4037 3
4118 3
5223 3
5501 3
979 3
3982 3
5123 3
3710 3
4366 3
4554 3
5221 3
4317 3
6070 3
2127 3
4325 3
5497 3
6444 3
2807 3
2237 3
5146 3
4270 3
2162 3
5791 3
3906 3
380 3
1543 3
4498 3
1608 3
2729 3
2247 3
1641 3
6956 3
3268 3
5537 3
6066 3
2396 3
7381 3
5613 3
5181 3
6247 3
3563 3
2824 3
5956 3
79 3
4478 3
4187 3
4122 3
2949 3
4941 3
1558 3
1983 3
5007 3
6326 3
5035 3
3178 3
3920 3
3939 3
49 3
3372 3
2290 3
6929 3
5807 3
1913 3
4156 3
1625 3
5587 3
4163 3
4473 3
3534 3
4635 3
3535 3
4046 3
6614 3
7125 3
3598 3
6077 3
6569 3
4802 3
7035 3
2076 3
1950 3
4511 3
3460 3
6851 3
7145 3
5942 3
3151 3
1135 3
2161 3
5400 3
6106 3
7094 3
5353 3
284 3
1138 3
1681 3
7006 3
6535 3
1745 3
7049 3
4175 3
5845 3
1244 3
2639 3
3872 3
6093 3
6547 3
7326 3
1657 3
5629 3
6568 3
7234 3
5341 3
7389 3
6424 3
4982 3
2884 3
4579 3
5217 3
3423 3
6146 3
6723 3
247 3
987 3
932 3
5294 3
5641 3
4761 3
4370 3
5179 3
1371 3
4602 3
6740 3
4408 3
6201 3
3426 3
6087 3
1515 3
3336 3
2055 3
3946 3
4455 3
6121 3
1494 3
2229 3
4966 3
4422 3
5741 3
6519 3
5682 3
137 3
4071 3
6193 3
4023 3
1769 3
1844 3
4423 3
5029 3
6316 3
4641 3
4973 3
3780 3
3807 3
24 3
6304 3
6924 3
1438 3
1110 3
3056 3
2347 3
4069 3
5680 3
1029 3
3899 3
6502 3
3583 3
6773 3
5028 3
4727 3
6124 3
3694 3
4489 3
4676 3
804 3
5837 3
5560 3
3881 3
4654 3
6791 3
2712 3
119 3
2030 3
6400 3
4316 3
4100 3
3589 3
7050 3
1915 3
2665 3
4646 3
2018 3
3909 3
3463 3
5674 3
4119 3
1008 3
563 3
4876 3
6722 3
2826 3
4592 3
4397 3
2592 3
4243 3
4332 3
2421 3
7153 3
5122 3
4192 3
5473 3
7204 3
4487 3
3991 3
5757 3
3936 3
1555 3
1928 3
1545 3
754 3
5526 3
3569 3
2164 3
4232 3
4584 3
4621 3
2661 3
798 3
2100 3
4315 3
5851 3
2445 3
2371 3
4897 3
4679 3
5428 3
4851 3
3690 3
4412 3
4157 3
5610 3
5769 3
1218 3
4215 3
421 3
2631 3
2 3
2537 3
5302 3
4689 3
4818 3
5543 3
4319 3
6665 3
265 3
1103 3
4750 3
1712 3
4459 3
6372 3
6853 3
2855 3
3027 3
3414 3
7128 3
4756 3
3282 3
4509 3
3618 3
3835 3
4110 3
4519 3
4698 3
4440 3
625 3
1958 3
3182 3
4650 3
134 3
5141 3
3013 3
1391 3
4303 3
2992 3
5938 3
3418 3
3111 3
3104 3
3210 3
4314 3
2505 3
5640 3
429 3
4707 3
6265 3
5044 3
2754 3
3046 3
6827 3
3944 3
5814 3
5961 3
6406 3
1631 3
2640 3
4220 3
3353 3
2308 3
2980 3
765 3
5229 3
6517 3
2379 3
2219 3
5634 3
5764 3
6224 3
4659 3
5723 3
4839 3
6499 3
7227 3
1731 3
4114 3
2796 3
2554 3
2892 3
5262 3
6053 3
2130 3
5774 3
3490 3
3642 3
5548 3
4302 3
3115 3
3953 3
6492 3
883 3
3472 3
3649 3
84 3
3640 3
4596 3
6923 3
4107 3
5075 3
1909 3
5052 3
5859 3
3676 3
6240 3
3866 3
6111 3
6573 3
1870 3
1282 3
7250 3
6496 3
7291 3
6015 3
6196 3
5450 3
6638 3
6039 3
6109 3
501 3
4360 3
861 3
2551 3
5964 3
3408 3
1505 3
5626 3
2582 3
1140 3
3273 3
5945 3
179 3
5758 3
6609 3
4547 3
2637 3
1534 3
4770 3
4363 3
611 3
3702 3
3582 3
3945 3
6241 3
7171 3
1885 3
5392 3
3895 3
2438 3
5988 3
2628 3
4606 3
6918 3
7278 3
2874 3
1897 3
4105 3
4864 3
6375 3
2160 3
5225 3
3392 3
4088 3
4656 3
4883 3
5103 3
5188 3
5266 3
3420 3
3656 3
5167 3
4481 3
2006 3
4893 3
3919 3
1021 3
5577 3
5653 3
4957 3
2486 3
4036 3
4098 3
2802 3
5144 3
4172 3
867 3
4918 3
5554 3
5996 3
3189 3
2051 3
2957 3
4720 3
5930 3
6902 3
1482 3
5022 3
6509 3
3411 3
5328 3
1991 3
1463 3
3172 3
4251 3
3498 3
5474 3
2679 3
5088 3
3072 3
1344 3
3521 3
1352 3
2845 3
4007 3
335 3
1429 3
4413 3
976 3
1873 3
5464 3
2756 3
2177 3
1417 3
2317 3
337 3
4286 3
1837 3
1050 3
6504 3
7046 3
3788 3
3548 3
4577 3
6594 3
5761 3
6862 3
7158 3
2190 3
4765 3
6593 3
7328 3
3948 3
1594 3
5522 3
3233 3
3188 3
3374 3
5700 3
3337 3
294 3
2022 3
3450 3
3789 3
4887 3
2928 3
240 3
5689 3
5707 3
5873 3
6536 3
7375 3
86 3
1607 3
2973 3
4132 3
4705 3
4903 3
5070 3
4644 3
4470 3
4253 3
4025 3
251 3
4680 3
5305 3
7223 3
94 3
351 3
2998 3
1878 3
3314 3
3038 3
4700 3
7247 3
5665 3
6380 3
2954 3
6943 3
4979 3
673 3
5012 3
4544 3
7230 3
612 3
6260 3
2079 3
2775 3
3315 3
5819 3
4733 3
2879 3
914 3
6680 3
5617 3
5901 3
3853 3
2693 3
3860 3
1225 3
5913 3
3136 3
1144 3
5693 3
3366 3
4372 3
5656 3
1004 3
4212 3
6271 3
1209 3
1979 3
3675 3
1355 3
6122 3
2439 3
2565 3
5157 3
2072 3
5575 3
4626 3
3264 3
5285 3
363 3
4483 3
1108 3
4969 3
1057 3
5958 3
6104 3
5456 3
202 3
6738 3
3666 3
6806 3
4536 3
5426 3
3413 3
3325 3
1739 3
6828 3
7032 3
2858 3
4974 3
5161 3
5541 3
7241 3
5233 3
3960 3
3295 3
3216 3
4995 3
4928 3
5087 3
2504 3
2291 3
6427 3
6562 3
5020 3
2422 3
4160 3
1376 3
4019 3
1850 3
3797 3
4291 3
4913 3
3503 3
537 3
3060 3
1847 3
7368 3
760 3
6097 3
434 3
5185 3
6102 3
3916 3
3639 3
2349 3
534 3
2092 3
4417 3
4033 3
6823 3
2457 3
3544 3
6524 3
4209 3
5678 3
1195 3
5060 3
1469 3
2310 3
1342 3
3375 3
4922 3
4077 3
2085 3
6008 3
264 3
3296 3
7336 3
789 3
3140 3
2357 3
5609 3
527 3
5531 3
3285 3
5021 3
4190 3
2907 3
4106 3
1944 3
3530 3
3566 3
7047 3
4696 3
908 3
5731 3
6214 3
6647 3
1305 3
1696 3
2700 3
6748 3
1466 3
3217 3
408 3
5797 3
888 3
3328 3
4469 3
68 3
6856 3
3322 3
1832 3
5529 3
4288 3
3718 3
2368 3
7239 3
4510 3
6803 3
6017 3
4260 3
675 3
4902 3
6816 3
6306 3
6508 3
923 3
2423 3
3181 3
1686 3
2498 3
4345 3
4713 3
4855 3
6126 3
6172 3
5461 3
2405 3
2235 3
5722 3
2186 3
3787 3
6016 3
1988 3
6257 3
5370 3
7135 3
3603 3
1714 3
6028 3
5236 3
2898 3
1994 3
6836 3
674 3
5743 3
1223 3
6071 3
4389 3
3538 3
6365 3
1996 3
5974 3
5885 3
1787 3
782 3
954 3
4217 3
3753 3
4667 3
2927 3
6414 3
6692 3
1862 3
2872 3
3292 3
3746 3
4407 3
4760 3
2048 3
7240 3
3275 3
4921 3
1784 3
4233 3
5120 3
3305 3
5696 3
3560 3
5785 3
5869 3
2999 3
1780 3
1857 3
1667 3
5732 3
4848 3
1107 3
4101 3
2414 3
1703 3
3632 3
1202 3
2088 3
1237 3
5158 3
2338 3
7260 3
1343 3
5384 3
2722 3
350 3
6514 3
4810 3
6631 3
3542 3
4730 3
3211 3
2304 3
274 3
2902 3
3917 3
2952 3
2206 3
5776 3
5762 3
4293 3
5072 3
2830 3
1024 3
2200 3
6363 3
930 3
1798 3
3837 3
1724 3
4879 3
3574 3
5551 3
2318 3
1320 3
1964 3
6786 3
5854 3
2447 3
2581 3
1550 3
6275 3
2332 3
55 3
3439 3
5174 3
6103 3
2834 3
3148 3
243 3
3015 3
4843 3
6095 3
2180 3
6799 3
1188 3
2478 3
3793 3
4322 3
6636 3
480 3
1178 3
1240 3
5631 3
1760 3
6522 3
2790 3
1002 3
3765 3
3619 3
4488 3
4398 3
5061 3
4445 3
6079 3
6429 3
624 3
591 3
1937 3
5533 3
1082 3
4748 3
5364 3
3643 3
1259 3
4073 3
6320 3
1094 3
3062 3
5619 3
6259 3
3518 3
256 3
3307 3
4051 3
785 3
6065 3
5009 3
953 3
4264 3
2508 3
4500 3
494 3
6668 3
4685 3
321 3
767 3
2155 3
2651 3
5865 3
7000 3
2082 3
5278 3
2688 3
2242 3
5026 3
3578 3
4513 3
3862 3
6132 3
4097 3
5735 3
5607 3
2227 3
4778 3
7011 3
2545 3
2064 3
2382 3
5362 3
3696 3
4135 3
1007 3
2170 3
2174 3
5978 3
2877 3
3077 3
853 3
3897 3
5545 3
2502 3
3992 3
1216 3
6418 3
6615 3
6819 3
6878 3
7055 3
7301 3
4468 3
6125 3
5972 3
6130 3
6318 3
5694 3
3669 3
1117 3
1254 3
4169 3
1477 3
5127 3
6002 3
5549 3
5566 3
3812 3
4147 3
4853 3
5074 3
7331 3
4910 3
4429 3
5326 3
5948 3
4971 3
6754 3
7097 3
903 3
5995 3
5805 3
3334 3
4712 3
5240 3
2061 3
3601 3
2890 3
6299 3
4499 3
1076 3
2067 3
7065 3
4109 3
3928 3
1653 3
3465 3
5169 3
6250 3
4057 3
6711 3
3293 3
3262 3
6986 3
3121 3
3478 3
4537 3
6230 3
6232 3
5633 3
6227 3
5841 3
2866 3
2385 3
795 3
6539 3
4557 3
2870 3
2913 3
4715 3
3094 3
3090 3
3356 3
2215 3
5335 3
6788 3
5643 3
4877 3
2028 3
3063 3
3158 3
1584 3
5510 3
797 3
2254 3
3192 3
2394 3
2765 3
6809 3
6249 3
508 3
1923 3
2401 3
3444 3
3932 3
679 3
1796 3
2101 3
105 3
4549 3
200 3
1910 3
1512 3
5977 3
3770 3
2305 3
4527 3
3703 3
4892 3
2624 3
29 3
3955 3
1013 3
1435 3
1763 3
4869 3
5593 3
2995 3
1911 3
4673 3
4829 3
876 3
4416 3
1387 3
5402 3
3849 3
3162 3
6092 3
2043 3
5858 3
6216 3
433 3
3998 3
2329 3
5317 3
4258 3
3204 3
3556 3
5720 3
1785 3
3144 3
4259 3
1071 3
6242 3
3202 3
4484 3
4214 3
4586 3
5160 3
4048 3
6001 3
4289 3
4595 3
6073 3
801 3
4618 3
3351 3
3644 3
3923 3
6755 3
1720 3
1615 3
4657 3
3693 3
3512 3
5037 3
3400 3
1552 3
561 3
1220 3
4787 3
1861 3
6551 3
1617 3
898 3
2224 3
5736 3
3024 3
5717 3
6268 3
2767 3
2393 3
5561 3
5646 3
5154 3
2970 3
2496 3
1166 3
792 3
2080 3
4546 3
3054 3
6694 3
5754 3
1010 3
2616 3
172 3
6325 3
6089 3
6781 3
6822 3
7087 3
7090 3
7249 3
2489 3
3074 3
5685 3
144 3
6036 3
1324 3
5331 3
3660 3
5301 3
6107 3
722 3
5799 3
2550 3
1264 3
4476 3
7004 3
4764 3
5843 3
2024 3
3179 3
1771 3
3990 3
3999 3
1842 3
3841 3
6309 3
520 3
2273 3
4200 3
2622 3
5430 3
695 3
2642 3
5829 3
781 3
994 3
6020 3
3726 3
6437 3
2093 3
3058 3
3003 3
1529 3
1518 3
2095 3
3810 3
1592 3
5478 3
5595 3
3628 3
3257 3
5970 3
3495 3
3237 3
5766 3
4343 3
5898 3
6144 3
5261 3
828 3
1573 3
4011 3
4506 3
3035 3
5310 3
4891 3
2324 3
6005 3
6894 3
6258 3
5251 3
6013 3
2772 3
7068 3
7169 3
6171 3
422 3
4984 3
5493 3
1257 3
2328 3
3430 3
6115 3
6421 3
2574 3
6656 3
1173 3
4053 3
4092 3
5745 3
1441 3
5513 3
6765 3
5241 3
3052 3
6229 3
59 3
2593 3
3901 3
1444 3
3773 3
1585 3
5027 3
3476 3
5342 3
3070 3
5589 3
3661 3
5135 3
4227 3
3438 3
6029 3
4615 3
2236 3
3051 3
3280 3
5602 3
1093 3
5547 3
2615 3
2602 3
33 3
1644 3
2846 3
5813 3
6358 3
2878 3
3310 3
4269 3
4128 3
1236 3
5346 3
2605 3
667 3
3451 3
2731 3
4729 3
5578 3
1382 3
4581 3
3149 3
5214 3
6500 3
386 3
4961 3
2663 3
3177 3
1020 3
3777 3
3350 3
3263 3
1877 3
796 3
74 3
574 3
4493 3
157 3
3733 3
5131 3
2518 3
887 3
6503 3
3586 3
6927 3
7121 3
1688 3
7133 3
1966 3
2531 3
5725 3
2117 3
3847 3
3508 3
2869 3
3085 3
2119 3
2666 3
358 3
5867 3
6252 3
3678 3
2717 3
3763 3
689 3
2360 3
1519 3
3902 3
7044 3
393 3
539 3
4414 3
3105 3
974 3
4228 3
3715 3
1860 3
325 3
706 3
4311 3
5968 3
1203 3
4684 3
165 3
4173 3
432 3
1990 3
5462 3
6603 3
5194 3
5750 3
5701 3
729 3
2136 3
198 3
6025 3
1684 3
2491 3
7039 3
5892 3
5644 3
6149 3
3338 3
3808 3
1582 3
2525 3
428 3
4188 3
2311 3
2963 3
3697 3
7288 3
2839 3
697 3
1865 3
5005 3
6601 3
3606 3
983 3
4968 3
1975 3
2825 3
4020 3
4516 3
4747 3
4951 3
5413 3
5500 3
2659 3
2831 3
1935 3
1321 3
135 3
1331 3
1682 3
2208 3
2577 3
2840 3
2926 3
3767 3
4087 3
4164 3
4177 3
4210 3
4323 3
4840 3
4934 3
5138 3
5295 3
5826 3
5889 3
6000 3
6170 3
6237 3
6388 3
6531 3
6564 3
6652 3
6863 3
7136 3
7206 3
7268 3
7340 3
1801 3
2721 3
5734 3
2257 3
4399 3
843 3
4740 3
5812 3
2189 3
2413 3
3580 3
7347 3
3526 3
3682 3
4244 3
6362 3
6780 3
6885 3
6971 3
7345 3
2984 3
2451 3
4828 3
3398 3
3491 3
1701 3
6338 3
2727 3
969 3
2530 3
2549 3
2816 3
626 4
435 4
3728 4
6718 4
1358 4
3499 4
4658 4
2990 4
2880 4
4670 4
5597 4
6999 4
2353 4
1548 4
3208 4
4575 4
901 4
3048 4
3288 4
252 4
6293 4
1409 4
859 4
5687 4
1205 4
2019 4
4131 4
4601 4
5051 4
2466 4
4529 4
749 4
1252 4
3501 4
2740 4
1699 4
2283 4
4652 4
6960 4
3030 4
411 4
999 4
3802 4
4911 4
2539 4
981 4
4917 4
3457 4
3045 4
2685 4
3029 4
4939 4
559 4
248 4
6533 4
6810 4
1026 4
82 4
2330 4
2495 4
1676 4
6648 4
6613 4
4031 4
6058 4
6583 4
1314 4
6877 4
478 4
497 4
6873 4
3970 4
183 4
6797 4
2811 4
3625 4
195 4
5763 4
6763 4
3988 4
4687 4
1011 4
3790 4
6078 4
6649 4
3817 4
5227 4
2036 4
5250 4
4151 4
1557 4
3842 4
4427 4
6096 4
6610 4
2244 4
462 4
3731 4
6621 4
657 4
4899 4
2331 4
4061 4
2444 4
3081 4
1751 4
2903 4
403 4
3818 4
3727 4
2279 4
4599 4
204 4
6532 4
652 4
4610 4
5004 4
4431 4
4553 4
4622 4
2512 4
579 4
1734 4
1055 4
6105 4
3633 4
379 4
3769 4
4885 4
5768 4
4636 4
2627 4
5697 4
4165 4
4507 4
4305 4
4295 4
3301 4
1948 4
3127 4
3592 4
1189 4
2821 4
2818 4
6251 4
4162 4
6473 4
4458 4
5264 4
3224 4
1312 4
2289 4
3091 4
4524 4
623 4
167 4
812 4
6784 4
2017 4
6838 4
5821 4
4482 4
3865 4
5816 4
4171 4
2259 4
3663 4
6425 4
2481 4
2226 4
6860 4
2369 4
1805 4
3187 4
919 4
6701 4
7245 4
3737 4
3687 4
2456 4
2844 4
2675 4
1976 4
2199 4
3709 4
6054 4
2460 4
2988 4
5724 4
1150 4
4944 4
4738 4
5043 4
2715 4
4248 4
1480 4
2348 4
4528 4
2924 4
1846 4
4560 4
6349 4
7264 4
7384 4
3893 4
2923 4
6587 4
777 4
6407 4
4945 4
1526 4
4238 4
1580 4
2107 4
1127 4
4062 4
5729 4
5023 4
6341 4
6597 4
7221 4
3609 4
3041 4
3796 4
4357 4
5579 4
2576 4
4806 4
3340 4
1433 4
5917 4
940 4
3004 4
4886 4
3389 4
4826 4
1851 4
3166 4
2683 4
1085 4
4441 4
1673 4
6861 4
852 4
2126 4
1596 4
1813 4
759 4
4274 4
577 4
5470 4
2983 4
495 4
1471 4
802 4
5928 4
4793 4
185 4
6140 4
3234 4
4751 4
6659 4
2691 4
6497 4
2814 4
2742 4
124 4
7217 4
6100 4
2940 4
4811 4
418 4
3269 4
1422 4
2607 4
2319 4
1507 4
2166 4
2113 4
5316 4
2412 4
5668 4
1725 4
1059 4
3887 4
4029 4
3092 4
4225 4
1656 4
2777 4
5742 4
4236 4
1706 4
3980 4
1940 4
3441 4
2942 4
5611 4
5271 4
5914 4
6817 4
3218 4
5199 4
2133 4
4834 4
6481 4
1951 4
3613 4
2159 4
1119 4
5960 4
3863 4
4442 4
3359 4
32 4
1828 4
6792 4
6200 4
7024 4
3541 4
1683 4
424 4
1273 4
2750 4
4411 4
6811 4
6911 4
7306 4
3271 4
2187 4
3 4
2837 4
1766 4
3241 4
2517 4
3471 4
300 4
7003 4
836 4
525 4
6213 4
6777 4
1535 4
6384 4
704 4
6235 4
5168 4
3800 4
4262 4
3792 4
3857 4
1023 4
4125 4
5025 4
442 4
658 4
2972 4
3973 4
5654 4
4686 4
7008 4
799 4
3440 4
4552 4
3959 4
904 4
1091 4
2724 4
3355 4
5844 4
4090 4
4534 4
2955 4
4994 4
7319 4
1453 4
911 4
1454 4
4746 4
4798 4
2950 4
4060 4
4318 4
3654 4
2763 4
5519 4
2034 4
627 4
6234 4
324 4
3238 4
2621 4
6925 4
943 4
2833 4
359 4
6802 4
2536 4
3183 4
2541 4
4624 4
2417 4
2698 4
1470 4
336 4
3824 4
855 4
2562 4
5588 4
2363 4
4185 4
6239 4
6084 4
2039 4
1816 4
3612 4
958 4
5686 4
3318 4
219 4
3286 4
3645 4
3547 4
1245 4
5084 4
6254 4
291 4
3615 4
1198 4
5425 4
5525 4
710 4
352 4
4585 4
3611 4
3927 4
181 4
2070 4
5001 4
3098 4
3221 4
347 4
2654 4
1620 4
1362 4
3186 4
2838 4
3069 4
922 4
3584 4
618 4
926 4
2556 4
6291 4
3294 4
3299 4
6686 4
1467 4
2351 4
1553 4
5903 4
1886 4
4859 4
5034 4
2994 4
1705 4
5015 4
250 4
2776 4
2201 4
4266 4
4167 4
3146 4
3993 4
6262 4
4121 4
2996 4
2583 4
3514 4
3879 4
4003 4
3724 4
3742 4
4863 4
5401 4
2664 4
6082 4
1506 4
1077 4
4620 4
19 4
5887 4
2232 4
6695 4
7202 4
2806 4
4199 4
3093 4
5544 4
3638 4
2142 4
3323 4
1030 4
46 4
654 4
4103 4
554 4
5714 4
1261 4
1196 4
2641 4
1568 4
469 4
3407 4
4965 4
6432 4
2603 4
4027 4
20 4
2388 4
3335 4
1427 4
776 4
3730 4
6286 4
2216 4
3704 4
1744 4
4815 4
2647 4
1045 4
2596 4
2725 4
3477 4
3454 4
2529 4
154 4
2991 4
3814 4
3428 4
2278 4
1942 4
3009 4
2591 4
2073 4
1925 4
4298 4
863 4
2364 4
2547 4
3049 4
3567 4
1722 4
66 4
6644 4
5536 4
4623 4
4002 4
7085 4
3497 4
5562 4
1184 4
2595 4
2154 4
3823 4
6220 4
2106 4
1566 4
1959 4
6147 4
190 4
205 4
2684 4
2782 4
1087 4
5934 4
727 4
597 4
5281 4
3135 4
4137 4
1246 4
6305 4
6141 4
2912 4
2883 4
1309 4
547 4
1234 4
5691 4
3417 4
2660 4
2063 4
3107 4
4395 4
3405 4
6423 4
1541 4
1986 4
458 4
2873 4
4904 4
1255 4
93 4
2207 4
937 4
4522 4
2662 4
5787 4
2370 4
4424 4
305 4
5046 4
1440 4
1627 4
2361 4
3402 4
6932 4
3196 4
3658 4
952 4
88 4
3617 4
6831 4
3057 4
2669 4
5976 4
4789 4
5212 4
2411 4
1276 4
2702 4
3267 4
6302 4
2140 4
254 4
1635 4
4563 4
2395 4
3448 4
2108 4
1602 4
4531 4
3198 4
5210 4
468 4
192 4
2780 4
3259 4
6892 4
615 4
1287 4
1547 4
3685 4
369 4
4956 4
1239 4
2945 4
3462 4
2634 4
6051 4
698 4
2014 4
4502 4
850 4
4453 4
2271 4
465 4
6459 4
5620 4
1808 4
1946 4
833 4
4326 4
3852 4
3118 4
1826 4
2778 4
4130 4
1186 4
4235 4
6468 4
3075 4
1487 4
479 4
4446 4
1711 4
557 4
3740 4
5673 4
13 4
1313 4
1126 4
4281 4
1266 4
2694 4
6274 4
2013 4
2563 4
110 4
5564 4
6612 4
1208 4
3877 4
3050 4
18 4
6205 4
3896 4
4912 4
2801 4
302 4
2045 4
381 4
5971 4
5946 4
1577 4
3943 4
5651 4
1031 4
2265 4
3459 4
1803 4
5811 4
1546 4
2341 4
769 4
3044 4
825 4
4068 4
6663 4
3483 4
2964 4
3907 4
1212 4
7025 4
7334 4
6056 4
2264 4
757 4
3298 4
2074 4
2176 4
1299 4
4662 4
1876 4
1128 4
3487 4
4306 4
5081 4
5476 4
6574 4
6787 4
4919 4
1858 4
6321 4
4691 4
5391 4
4404 4
4383 4
4257 4
3513 4
1695 4
1916 4
1829 4
1003 4
92 4
955 4
47 4
357 4
3867 4
2910 4
7295 4
1634 4
2374 4
3778 4
1690 4
3553 4
2150 4
304 4
934 4
2546 4
3171 4
196 4
2853 4
4290 4
3470 4
2359 4
1782 4
6003 4
143 4
3228 4
4080 4
1092 4
6480 4
3243 4
1971 4
619 4
3391 4
556 4
4309 4
5216 4
3327 4
2362 4
3139 4
2841 4
3377 4
332 4
5748 4
6871 4
2428 4
2619 4
26 4
824 4
103 4
6364 4
632 4
4368 4
3236 4
423 4
6113 4
4379 4
2407 4
217 4
1794 4
459 4
732 4
1560 4
5957 4
6824 4
4852 4
1849 4
3169 4
5308 4
4520 4
4170 4
2454 4
4952 4
5365 4
877 4
686 4
1542 4
4432 4
6243 4
3330 4
387 4
3662 4
2598 4
897 4
5603 4
3949 4
3346 4
4076 4
4391 4
2638 4
3403 4
4133 4
716 4
4159 4
5955 4
5193 4
4920 4
3287 4
4018 4
3311 4
4716 4
2342 4
2632 4
5394 4
3231 4
67 4
6328 4
566 4
4356 4
880 4
960 4
1495 4
4868 4
3889 4
950 4
809 4
3010 4
235 4
3976 4
261 4
6880 4
2301 4
1337 4
3342 4
1820 4
127 4
5966 4
2027 4
3836 4
2944 4
4538 4
4015 4
5092 4
374 4
947 4
1889 4
3605 4
3137 4
2527 4
1752 4
2875 4
2507 4
884 4
2650 4
2446 4
3173 4
3926 4
3912 4
1900 4
3806 4
5662 4
2510 4
4833 4
6156 4
2112 4
1115 4
6566 4
3493 4
4284 4
4767 4
3540 4
2141 4
3876 4
5192 4
2976 4
3434 4
5890 4
2941 4
1169 4
3775 4
5339 4
2734 4
5931 4
711 4
917 4
6076 4
1854 4
3972 4
1717 4
2157 4
6548 4
4152 4
3235 4
409 4
5990 4
2091 4
3489 4
3646 4
5159 4
420 4
3571 4
6457 4
1723 4
3502 4
3755 4
4328 4
2609 4
3884 4
6645 4
5973 4
1199 4
3455 4
6167 4
389 4
4950 4
5907 4
2122 4
1193 4
3128 4
1783 4
1197 4
1880 4
1455 4
3452 4
703 4
146 4
6627 4
4093 4
570 4
4514 4
4642 4
5514 4
4938 4
1406 4
6190 4
1084 4
1972 4
1175 4
3119 4
3621 4
1814 4
5018 4
4012 4
3399 4
5596 4
1831 4
6390 4
4120 4
3679 4
2618 4
1839 4
5939 4
1884 4
2000 4
3774 4
692 4
2090 4
194 4
3200 4
1089 4
1742 4
5874 4
2035 4
3142 4
1039 4
2781 4
945 4
1758 4
2146 4
1563 4
1172 4
2516 4
5630 4
7211 4
4719 4
5749 4
3846 4
3975 4
845 4
1680 4
1856 4
5923 4
6731 4
272 4
2078 4
2094 4
2786 4
5963 4
3143 4
1159 4
3744 4
1365 4
1919 4
2452 4
3331 4
3447 4
1492 4
2239 4
6045 4
5806 4
1306 4
1431 4
5449 4
6335 4
425 4
1448 4
2629 4
3242 4
5604 4
1902 4
728 4
3129 4
1728 4
2859 4
2943 4
101 4
5827 4
1493 4
344 4
6742 4
2052 4
4382 4
3504 4
6162 4
6344 4
6399 4
6439 4
6854 4
6858 4
6886 4
7105 4
7184 4
7329 4
7369 4
1661 4
3785 4
4545 4
4607 4
1328 4
6405 4
3416 4
5314 4
2714 4
3281 4
1531 4
486 4
2275 4
1818 4
1399 4
5895 4
6131 4
5147 4
2971 4
1298 4
864 4
531 4
1575 4
2648 4
691 4
5897 4
504 4
3424 4
696 4
5705 4
3776 4
6505 4
1609 4
4450 4
1012 4
4742 4
2089 4
249 4
588 4
6516 4
522 4
3965 4
6461 4
1392 4
4084 4
834 4
4099 4
3446 4
1446 4
995 4
3394 4
3421 4
620 4
2738 4
4993 4
5919 4
6034 4
714 4
6577 4
502 4
2584 4
5065 4
791 4
2316 4
4774 4
4158 4
122 4
899 4
2195 4
2843 4
1677 4
1096 4
3141 4
1795 4
3112 4
1041 4
1698 4
3157 4
2946 4
4364 4
1274 4
1174 4
2649 4
4044 4
5459 4
1449 4
2827 4
4350 4
342 4
1428 4
3551 4
894 4
5838 4
2461 4
3023 4
4415 4
2031 4
4283 4
1737 4
372 4
1981 4
3749 4
2340 4
2241 4
4113 4
2077 4
4127 4
2493 4
2915 4
6158 4
787 4
2918 4
942 4
4009 4
3732 4
590 4
1464 4
1047 4
6584 4
1982 4
4304 4
4385 4
580 4
2429 4
3154 4
3116 4
1403 4
6698 4
6114 4
3784 4
3245 4
3523 4
5940 4
426 4
2038 4
4987 4
1148 4
4014 4
3097 4
109 4
2029 4
83 4
1743 4
2046 4
4434 4
4647 4
813 4
1187 4
505 4
5518 4
370 4
6706 4
3500 4
2805 4
7028 4
313 4
76 4
4462 4
835 4
1131 4
4900 4
3532 4
3043 4
3667 4
511 4
5415 4
437 4
2580 4
1123 4
1360 4
3689 4
3378 4
2965 4
2569 4
3055 4
3699 4
2494 4
857 4
1412 4
830 4
1080 4
4176 4
368 4
745 4
2183 4
2813 4
354 4
216 4
1372 4
2033 4
3961 4
6176 4
2221 4
1279 4
269 4
700 4
1450 4
5111 4
5594 4
4550 4
3345 4
3781 4
5246 4
6168 4
2588 4
1770 4
1290 4
292 4
4016 4
447 4
2121 4
650 4
1995 4
2960 4
237 4
3614 4
3014 4
1748 4
334 4
600 4
5751 4
6651 4
356 4
2251 4
7107 4
672 4
2779 4
4074 4
2300 4
1288 4
6032 4
1451 4
5471 4
730 4
2987 4
3986 4
91 4
4525 4
2800 4
2686 4
1219 4
5893 4
2303 4
0 4
694 4
15 4
3160 4
3519 4
2173 4
3324 4
225 4
395 4
404 4
2245 4
2313 4
3505 4
1571 4
3913 4
1756 4
4085 4
3159 4
415 4
2009 4
587 4
187 4
1603 4
6684 4
1194 4
2118 4
4388 4
6411 4
5650 4
5125 4
2935 4
3635 4
4359 4
1830 4
1430 4
4142 4
3249 4
5244 4
2372 4
3481 4
1380 4
1528 4
2680 4
3904 4
3971 4
2263 4
1626 4
1960 4
5054 4
2041 4
3929 4
1301 4
3156 4
6283 4
6908 4
5982 4
5628 4
6164 4
1616 4
5136 4
5670 4
2978 4
4640 4
1762 4
4825 4
1943 4
5259 4
6007 4
5172 4
523 4
1669 4
1478 4
731 4
2799 4
2268 4
218 4
2050 4
1569 4
2158 4
3222 4
2102 4
1421 4
4978 4
5983 4
1114 4
5615 4
1232 4
524 4
2587 4
1497 4
1933 4
5710 4
1551 4
1624 4
1157 4
5992 4
2261 4
5515 4
2003 4
3997 4
2558 4
6393 4
3404 4
444 4
113 4
1881 4
1968 4
5300 4
2773 4
1051 4
1278 4
2448 4
1154 4
3738 4
2513 4
933 4
1967 4
3707 4
3130 4
2932 4
5849 4
806 4
1231 4
1374 4
996 4
2084 4
6090 4
171 4
3174 4
819 4
6387 4
2196 4
1687 4
775 4
2578 4
1754 4
5706 4
177 4
1614 4
470 4
3745 4
4573 4
5148 4
2083 4
5460 4
1118 4
2223 4
984 4
3429 5
1586 5
38 5
1028 5
808 5
5809 5
1781 5
164 5
4594 5
2645 5
1456 5
2506 5
1316 5
4460 5
3851 5
3631 5
1652 5
159 5
4732 5
5267 5
3531 5
2787 5
4313 5
1334 5
436 5
890 5
1583 5
1329 5
2608 5
5985 5
6913 5
818 5
2156 5
2380 5
232 5
2134 5
5590 5
3419 5
2741 5
721 5
2630 5
1643 5
89 5
4374 5
1504 5
2730 5
3239 5
1153 5
2352 5
1532 5
2690 5
1248 5
3078 5
2737 5
1069 5
5045 5
2488 5
6228 5
4448 5
3757 5
2472 5
5896 5
2409 5
5521 5
416 5
3167 5
2323 5
2274 5
4377 5
1442 5
3668 5
5113 5
5773 5
2812 5
5910 5
1738 5
4856 5
2643 5
832 5
2109 5
1824 5
3005 5
4655 5
5861 5
962 5
638 5
1510 5
4812 5
3190 5
168 5
584 5
5318 5
1757 5
793 5
1907 5
57 5
3155 5
770 5
5746 5
40 5
4612 5
333 5
3039 5
3822 5
1663 5
2020 5
3071 5
3834 5
5359 5
5922 5
3995 5
6941 5
2723 5
3673 5
1719 5
1489 5
1567 5
5688 5
4616 5
3080 5
1618 5
2925 5
3100 5
1499 5
6334 5
1369 5
1275 5
1005 5
5786 5
1521 5
693 5
1992 5
2961 5
1658 5
803 5
2676 5
2962 5
1224 5
1692 5
3431 5
37 5
1759 5
2487 5
651 5
910 5
1997 5
1238 5
2589 5
5660 5
3779 5
5379 5
2857 5
2057 5
2056 5
957 5
665 5
5424 5
451 5
484 5
1019 5
2497 5
133 5
2863 5
1707 5
1485 5
5818 5
572 5
3161 5
1708 5
2728 5
289 5
931 5
3805 5
1605 5
2282 5
2967 5
701 5
4096 5
6253 5
3432 5
5915 5
5886 5
4059 5
4335 5
5880 5
2611 5
2617 5
5810 5
2194 5
3042 5
309 5
1987 5
2366 5
5050 5
1000 5
648 5
841 5
6618 5
5713 5
7 5
680 5
1895 5
2298 5
1389 5
2375 5
2023 5
1665 5
1043 5
4435 5
1179 5
17 5
1078 5
419 5
4420 5
4653 5
6006 5
1101 5
4619 5
3811 5
1397 5
4497 5
2836 5
287 5
3306 5
2911 5
4224 5
4230 5
353 5
2535 5
2139 5
140 5
1815 5
1898 5
1473 5
2339 5
129 5
4039 5
5756 5
5793 5
4824 5
3843 5
3261 5
5875 5
642 5
2398 5
445 5
1864 5
473 5
377 5
4669 5
1326 5
3590 5
1503 5
341 5
1606 5
1356 5
2646 5
5969 5
390 5
1574 5
1297 5
6148 5
3219 5
6315 5
2797 5
4797 5
6120 5
1364 5
647 5
161 5
3947 5
268 5
5828 5
2197 5
3527 5
3176 5
6026 5
1659 5
4337 5
5649 5
1671 5
6081 5
2716 5
636 5
5523 5
609 5
1250 5
2689 5
766 5
6553 5
136 5
1349 5
5853 5
1452 5
54 5
2040 5
5616 5
1593 5
678 5
1533 5
301 5
2358 5
1263 5
6083 5
3952 5
4846 5
6606 5
2519 5
296 5
5265 5
1630 5
2784 5
4791 5
3425 5
1836 5
6101 5
2002 5
3194 5
1840 5
1286 5
3199 5
1502 5
5582 5
130 5
1867 5
6264 5
4256 5
21 5
1425 5
2404 5
2320 5
909 5
3596 5
1268 5
5703 5
1317 5
839 5
1629 5
4381 5
4006 5
3253 5
1385 5
5747 5
535 5
929 5
263 5
815 5
3956 5
536 5
2681 5
2692 5
5445 5
3320 5
4867 5
5796 5
1235 5
718 5
2899 5
1977 5
5511 5
4907 5
36 5
740 5
2390 5
736 5
5284 5
893 5
4475 5
5648 5
2124 5
4444 5
5855 5
2904 5
2594 5
5404 5
343 5
1484 5
5586 5
2677 5
1838 5
4543 5
558 5
1775 5
1210 5
412 5
1034 5
401 5
569 5
1155 5
1241 5
1272 5
5177 5
4609 5
1095 5
3110 5
735 5
576 5
14 5
3147 5
2612 5
816 5
549 5
1812 5
114 5
2922 5
5871 5
1721 5
1407 5
550 5
1740 5
160 5
90 5
2344 5
1379 5
1791 5
413 5
671 5
407 5
1132 5
3674 5
616 5
4206 5
245 5
5134 5
1462 5
719 5
2312 5
2327 5
1432 5
1158 5
3529 5
6311 5
58 5
1949 5
1932 5
2228 5
3701 5
820 5
1307 5
3729 5
2929 5
1491 5
102 5
5565 5
327 5
1122 5
2889 5
64 5
4026 5
5592 5
1310 5
1993 5
2560 5
4196 5
774 5
2296 5
985 5
2111 5
2842 5
2745 5
5767 5
2185 5
5591 5
197 5
891 5
528 5
641 5
1501 5
5048 5
4047 5
5679 5
1060 5
5049 5
3061 5
5935 5
656 5
1233 5
4386 5
514 5
4402 5
4884 5
262 5
1938 5
1595 5
3716 5
1097 5
95 5
5794 5
951 5
975 5
1623 5
866 5
31 5
1249 5
1256 5
640 5
1064 5
3109 5
1610 5
1834 5
3825 5
1137 5
1388 5
1848 5
708 5
617 5
2042 5
3989 5
2901 5
3537 5
1599 5
1383 5
1906 5
271 5
1947 5
2735 5
4532 5
2625 5
3554 5
65 5
2930 5
6108 5
1049 5
371 5
2521 5
758 5
1018 5
1726 5
1939 5
879 5
85 5
4613 5
2759 5
763 5
564 5
2231 5
228 5
1168 5
1065 5
107 5
513 5
1888 5
1799 5
741 5
2908 5
2570 5
752 5
322 5
3565 5
653 5
1398 5
2184 5
1381 5
1341 5
1984 5
3754 5
3250 5
3195 5
4521 5
1730 5
715 5
800 5
1639 5
827 5
1974 5
2181 5
1125 5
963 5
175 5
1081 5
1660 5
193 5
1664 5
3252 5
6018 5
924 5
598 5
1774 5
414 5
182 5
1989 5
2350 5
1498 5
474 5
1323 5
2459 5
4491 5
768 5
70 5
1445 5
1035 5
3067 5
326 5
1674 5
2733 5
856 5
2815 5
5375 5
705 5
724 5
399 5
5542 5
1483 5
1476 5
977 5
2568 5
860 5
2416 5
530 5
2503 5
1070 5
4558 5
2610 5
2534 5
8 5
646 5
331 5
1066 5
1025 5
607 5
3659 5
970 5
2163 5
2065 5
3028 5
2939 5
1590 5
998 5
1899 5
3657 5
1903 5
966 5
541 5
1141 5
255 5
2269 5
2430 5
2255 5
1335 5
1370 5
4063 5
5666 5
956 5
1359 5
2054 5
4845 5
5870 5
2467 5
4040 5
3524 5
3597 5
4494 5
362 5
3720 5
453 5
348 5
542 5
949 5
1213 5
1375 5
1647 5
3362 5
1353 5
2606 5
258 5
1672 5
1191 5
1285 5
4 5
1927 5
5926 5
1420 5
1561 5
290 5
2768 5
2151 5
1638 5
1679 5
2794 5
786 5
1227 5
3329 5
2604 5
1333 5
3019 5
2307 5
485 5
499 5
2114 5
2081 5
170 5
661 5
1904 5
2959 5
823 5
585 5
1139 5
1896 5
1204 5
1776 5
2169 5
2299 5
323 5
5503 5
533 5
1536 5
3229 5
1366 5
1863 5
4692 5
621 5
2704 5
1633 5
2623 5
2116 5
96 5
1340 5
229 5
875 5
2026 5
2938 5
267 5
2053 5
2075 5
2471 5
2297 5
4183 5
475 5
241 5
2104 5
2373 5
3247 5
1067 5
2573 5
87 5
2653 5
1689 5
973 5
2785 5
1162 5
490 5
1090 5
5232 5
472 5
3370 5
6336 5
1161 5
449 5
2450 5
941 5
1037 5
155 5
5481 5
604 5
5598 5
3874 5
968 5
583 5
1073 5
634 5
4847 5
5377 5
2225 5
690 5
4972 5
491 5
702 5
1156 5
1788 5
1957 5
1956 5
1361 5
5637 5
906 5
1112 5
5959 5
279 5
3882 5
586 5
131 5
238 5
2148 5
1481 5
737 5
142 5
709 5
2977 5
1792 5
2408 5
548 5
688 5
2804 5
3303 5
925 5
2214 5
2480 5
492 5
5546 5
3367 5
2989 5
1222 5
173 5
456 5
2167 5
1945 5
1416 5
151 5
2771 5
685 5
2246 5
755 5
1396 5
1479 5
3165 5
1083 5
5916 5
1291 5
1226 5
3025 5
1221 5
212 5
581 5
461 5
3406 5
742 5
965 5
1146 5
1941 5
1978 5
3496 5
1408 5
273 5
872 5
2004 5
869 5
4567 5
1668 5
2509 5
2001 5
1764 5
1413 5
1457 5
42 5
1741 5
477 5
5715 5
5891 5
2579 5
222 5
1215 5
1099 5
2406 5
35 5
430 5
1134 5
1640 5
1921 5
378 5
4465 5
230 5
2192 5
918 5
2850 5
3762 5
573 5
4292 5
629 5
1330 5
2437 5
3931 5
397 5
1611 5
847 5
2250 5
2427 5
5702 5
5738 5
5431 5
2252 5
2391 5
5576 5
677 5
3883 5
4166 5
2543 5
376 5
1778 5
2145 5
778 5
1315 5
751 5
4723 5
1277 5
2828 5
2760 5
1807 5
360 5
3856 5
457 5
99 5
306 5
5802 5
517 5
630 5
493 5
978 5
3309 5
482 5
71 5
1075 5
762 5
519 5
4683 5
1761 5
1924 5
2440 5
5534 5
4728 5
601 5
1718 5
2465 5
299 5
635 5
1475 5
5608 5
2586 5
1918 5
5380 5
2335 5
4933 5
6181 5
118 5
3798 5
2211 5
1704 5
826 5
2217 5
1136 5
1727 5
1243 5
115 5
1465 5
156 5
881 5
4898 5
2153 5
120 5
2667 5
1883 5
882 5
1755 5
1206 5
1295 5
427 5
27 5
713 5
1393 5
244 5
3002 5
552 5
3387 5
2670 5
206 5
4282 5
669 5
2343 5
1912 5
2267 5
750 5
4338 5
2212 5
346 5
682 5
2697 5
307 5
972 5
687 5
1040 5
384 5
4588 5
1242 5
2218 5
986 5
2198 5
69 5
2711 5
2672 5
5572 5
1508 5
1772 5
717 5
739 5
1303 5
1056 5
2442 5
546 5
2425 5
3492 5
870 5
2137 5
3401 5
1014 5
283 5
288 5
1100 5
4530 5
3766 5
3870 5
992 5
329 5
683 5
4400 5
599 5
3552 5
1120 5
5695 5
2205 5
562 5
659 5
518 5
1821 5
582 5
3484 5
2213 5
1436 5
2123 5
810 5
1628 5
748 5
275 5
3898 5
900 5
1887 5
2524 5
392 5
266 5
2037 5
5556 5
5676 5
23 5
450 5
895 5
512 5
4813 5
1443 5
44 5
2144 5
1953 5
3641 5
180 5
2953 5
366 5
1143 5
544 5
2178 5
2431 5
4648 5
4991 5
2025 5
2131 5
2276 5
4153 5
5623 5
220 5
9 5
5733 5
2900 5
443 5
2099 5
1833 5
2149 5
3871 5
2115 5
1952 5
498 5
3386 5
2758 5
997 5
48 5
2182 5
2302 5
831 5
10 5
1386 5
664 5
2389 5
2103 5
1697 5
2248 5
3381 5
448 5
382 5
526 5
1038 5
1269 5
725 5
454 5
1177 5
2204 5
5672 5
317 5
1192 5
4034 5
417 5
4981 5
1613 5
1642 5
221 5
1598 5
231 5
2673 5
780 5
1411 5
463 5
1980 5
1890 5
865 5
2571 5
2058 5
896 5
4678 5
56 5
388 5
2047 5
446 5
1280 5
1868 5
2125 5
989 5
405 5
842 5
1402 5
846 5
452 5
3290 5
5532 5
4089 5
822 5
1621 5
2893 5
1180 5
3066 5
1053 5
2464 5
628 5
916 5
5485 5
811 5
980 5
5820 5
100 5
886 5
3458 5
1302 5
2553 5
1736 5
1074 5
293 5
764 5
476 5
383 5
199 5
111 5
328 5
788 5
1576 5
1929 5
234 5
223 5
1058 5
1160 5
1651 5
622 5
2747 5
4515 5
516 5
2600 5
391 5
1124 5
1022 5
496 5
373 5
921 5
1009 5
614 5
1649 5
889 5
1655 5
1267 5
460 5
52 5
3820 5
5606 5
215 5
25 5
783 5
169 5
946 5
260 5
1061 5
1426 5
1149 5
510 5
1036 5
851 5
1032 5
1147 5
733 5
1111 5
1167 5
873 5
2294 5
5783 5
1514 5
2203 5
277 5
5580 5
2220 5
349 5
128 5
500 5
2566 5
394 5
1207 5
53 5
3313 5
761 5
967 5
503 5
1 5
971 5
396 5
878 5
1636 5
1152 5
2230 5
117 5
246 5
1006 5
5201 5
2876 5
211 5
4562 5
805 5
1893 5
2559 5
303 5
2469 5
726 5
2936 5
282 5
655 5
2905 5
3102 5
779 5
3138 5
224 5
639 5
438 5
848 5
1891 5
4578 5
16 5
2854 5
4842 5
2325 5
1845 5
1258 5
61 5
186 5
1200 5
481 5
1637 5
355 5
398 5
1678 5
5614 5
605 5
2626 5
104 5
1716 5
3084 5
3864 5
538 5
2277 5
1517 5
51 5
1765 5
311 5
1354 5
2997 5
844 5
5550 5
141 5
1901 5
592 5
34 5
2933 5
50 5
756 5
188 5
330 5
1486 5
1086 5
1869 5
81 5
1327 5
1516 5
772 5
5585 5
840 5
1650 5
2260 5
340 5
1879 5
920 5
944 5
1632 5
2522 5
3206 5
720 5
1068 5
2288 5
771 5
361 5
2249 5
41 5
5068 5
2346 5
1539 5
28 5
163 5
145 5
1001 5
1230 5
2668 5
1646 5
308 5
807 5
5699 5
178 5
5540 5
2240 5
553 5
991 5
207 5
367 5
1715 5
278 5
603 5
385 5
506 5
3616 5
631 5
410 5
1685 5
649 5
1810 5
116 5
817 5
5993 5
2165 5
3543 5
270 5
253 5
838 5
790 5
441 5
162 5
1962 5
915 5
1284 5
1281 5
2770 5
1109 5
406 5
747 5
663 5
1559 5
3133 5
3844 5
489 5
471 5
259 5
1527 5
236 5
77 5
285 5
2599 5
1033 5
2703 5
2188 5
2021 5
5801 5
189 5
153 5
226 5
3153 5
1855 5
1104 5
364 5
174 5
723 5
2709 5
666 5
681 5
862 5
5559 5
345 5
132 5
5570 5
2172 5
1105 5
125 5
1027 5
1130 5
907 5
60 5
239 5
545 5
339 5
1338 5
78 5
213 5
320 5
707 5
662 5
1293 5
455 5
2135 5
310 5
837 5
138 5
1670 5
529 5
5 5
1183 5
2071 5
2143 5
1363 5
2321 5
743 5
1410 5
3036 5
298 5
80 5
1170 5
203 5
1182 5
75 5
829 5
3095 5
2449 5
365 5
12 5
1578 5
1098 5
1079 5
2152 5
209 5
660 5
166 5
315 5
22 5
43 5
201 5
208 5
905 5
551 5
112 5
1271 5
214 5
1811 5
784 5
319 5
149 5
1377 5
