6670 0 
7174 0 
5108 0 
1541 0 
3832 0 
4817 0 
6819 0 
1747 0 
4910 0 
5017 0 
7355 0 
7339 0 
6763 0 
6556 0 
3671 0 
6370 0 
7258 0 
2656 0 
2476 0 
6361 0 
4971 0 
5885 0 
2708 0 
5835 0 
4455 0 
3881 0 
4583 0 
4959 0 
6974 0 
6966 0 
1523 0 
7144 0 
7255 0 
5040 0 
6636 0 
5140 0 
4691 0 
4355 0 
2493 0 
4536 0 
4192 0 
5349 0 
3958 0 
4605 0 
7135 0 
5873 0 
7244 0 
4518 0 
3560 0 
4487 0 
4506 0 
6970 0 
109 0 
6758 0 
6313 0 
5419 0 
6698 0 
2469 0 
1525 0 
4209 0 
7227 0 
6476 0 
940 0 
6247 0 
6744 0 
5745 0 
6193 0 
5130 0 
3009 0 
4694 0 
6000 0 
5780 0 
603 0 
3320 0 
4763 0 
7338 0 
2008 0 
6945 0 
2790 0 
7109 0 
7324 0 
6413 0 
4340 0 
7291 0 
7011 0 
3284 0 
5727 0 
3814 0 
5118 0 
4183 0 
7322 0 
1312 0 
6045 0 
4735 0 
6237 0 
4116 0 
5884 0 
6836 0 
4902 0 
7331 0 
5364 0 
7392 0 
1736 0 
5192 0 
4879 0 
745 0 
6156 0 
4268 0 
5456 0 
7151 0 
4855 0 
1655 0 
2918 0 
6039 0 
4014 0 
3707 0 
4286 0 
7019 0 
5382 0 
6915 0 
4056 0 
6875 0 
5921 0 
5413 0 
2853 0 
5633 0 
5207 0 
3457 0 
6661 0 
3001 0 
3377 0 
6203 0 
5129 0 
5101 0 
7155 0 
5003 0 
5210 0 
6220 0 
6527 0 
7008 0 
5951 0 
3772 0 
7197 0 
7209 0 
6955 0 
7166 0 
6176 0 
2986 0 
6662 0 
3870 0 
6742 0 
2393 0 
6166 0 
6434 0 
7016 0 
4928 0 
4256 0 
4146 0 
5151 0 
5387 0 
5377 0 
4783 0 
6143 0 
3216 0 
5476 0 
5103 0 
4824 0 
2063 0 
6709 0 
6677 0 
3227 0 
6324 0 
822 0 
7368 0 
7303 0 
7284 0 
6638 0 
6885 0 
7372 0 
6189 0 
7167 0 
6414 0 
6888 0 
7160 0 
6028 0 
5540 0 
6934 0 
6542 0 
2949 0 
2938 0 
5078 0 
5481 0 
5453 0 
4135 0 
3186 0 
7321 0 
6465 0 
7333 0 
739 0 
6011 0 
3413 0 
5458 0 
3887 0 
4820 0 
5968 0 
6960 0 
3204 0 
4723 0 
5952 0 
5057 0 
6848 0 
296 0 
3529 0 
7319 0 
3839 0 
1420 0 
4954 0 
5455 0 
3277 0 
7027 0 
3249 0 
4638 0 
3349 0 
4628 0 
6396 0 
6416 0 
3032 0 
3752 0 
1319 0 
7317 0 
6784 0 
6470 0 
4916 0 
3495 0 
4796 0 
6998 0 
5836 0 
7035 0 
3305 0 
3450 0 
3396 0 
2194 0 
4673 0 
1186 0 
5417 0 
4821 0 
6486 0 
7094 0 
7037 0 
1435 0 
4246 0 
7239 0 
2869 0 
6948 0 
4842 0 
7304 0 
5470 0 
4325 0 
4823 0 
3048 0 
4707 0 
4795 0 
5731 0 
5110 0 
5307 0 
5041 0 
5861 0 
7262 0 
7096 0 
6704 0 
3955 0 
3301 0 
3995 0 
5422 0 
4756 0 
3214 0 
5368 0 
1416 0 
6969 0 
3759 0 
5198 0 
4557 0 
7266 0 
6617 0 
4179 0 
4343 0 
5990 0 
6908 0 
5409 0 
5987 0 
4650 0 
3648 0 
6208 0 
5966 0 
6718 0 
3941 0 
2388 0 
6801 0 
7268 0 
3895 0 
609 0 
6120 0 
4907 0 
6794 0 
3709 0 
6596 0 
6544 0 
7216 0 
6834 0 
6186 0 
5039 0 
5219 0 
3630 0 
4018 0 
7118 0 
3534 0 
5358 0 
4800 0 
4552 0 
3841 0 
6209 0 
5171 0 
4279 0 
4805 0 
7099 0 
7018 0 
6332 0 
4833 0 
4767 0 
2792 0 
3474 0 
4863 0 
7 0 
7249 0 
7356 0 
3278 0 
4071 0 
4453 0 
6678 0 
2591 0 
6600 0 
7042 0 
6959 0 
2721 0 
5487 0 
4208 0 
4591 0 
7102 0 
1309 0 
6943 0 
6137 0 
4543 0 
3483 0 
3859 0 
5837 0 
4247 0 
5564 0 
7173 0 
6196 0 
5177 0 
4224 0 
6835 0 
5864 0 
4112 0 
6963 0 
5525 0 
4955 0 
4838 0 
1469 0 
6058 0 
5255 0 
5399 0 
2987 0 
484 0 
929 0 
4202 0 
6323 0 
6573 0 
6277 0 
4938 0 
6775 0 
3135 0 
5719 0 
6938 0 
1340 0 
5793 0 
6716 0 
6535 0 
5384 0 
6064 0 
4347 0 
5826 0 
4238 0 
7140 0 
3206 0 
7247 0 
5083 0 
5448 0 
6965 0 
2148 0 
3906 0 
465 0 
5948 0 
6395 0 
5930 0 
6845 0 
4793 0 
7110 0 
2935 0 
6841 0 
4753 0 
5497 0 
4703 0 
6762 0 
2553 0 
2287 0 
7156 0 
3084 0 
6456 0 
3480 0 
3380 0 
3489 0 
7082 0 
5205 0 
5582 0 
6920 0 
5117 0 
3740 0 
4831 0 
6198 0 
3374 0 
5804 0 
3580 0 
2281 0 
5531 0 
4204 0 
5054 0 
6985 0 
2709 0 
4277 0 
5348 0 
569 0 
3911 0 
4786 0 
6347 0 
4309 0 
5518 0 
6522 0 
5773 0 
3685 0 
4043 0 
5445 0 
5933 0 
7132 0 
6883 0 
4760 0 
282 0 
6733 0 
5575 0 
3446 0 
1177 0 
5423 0 
1601 0 
6179 0 
6032 0 
3364 0 
1986 0 
7179 0 
4478 0 
7181 0 
4572 0 
3654 0 
6680 0 
2897 0 
4960 0 
5146 0 
7053 0 
6288 0 
5229 0 
5882 0 
7195 0 
7352 0 
5760 0 
6929 0 
4566 0 
3428 0 
1122 0 
3627 0 
3919 0 
3257 0 
2653 0 
2865 0 
6053 0 
1962 0 
6643 0 
6625 0 
2697 0 
4082 0 
5438 0 
2070 0 
5412 0 
4381 0 
5963 0 
5919 0 
5853 0 
1539 0 
2069 0 
2098 0 
7080 0 
7022 0 
1396 0 
5048 0 
2657 0 
5863 0 
5067 0 
6877 0 
4890 0 
1592 0 
6640 0 
6890 0 
3089 0 
6418 0 
6900 0 
5281 0 
376 0 
5032 0 
7071 0 
3558 0 
5346 0 
5231 0 
3829 0 
6519 0 
2288 0 
6031 0 
7374 0 
4230 0 
3208 0 
6647 0 
7059 0 
3398 0 
2257 0 
4050 0 
4044 0 
2097 0 
4560 0 
3726 0 
2696 0 
6282 0 
7152 0 
7380 0 
3573 0 
6185 0 
5879 0 
3018 0 
7145 0 
1425 0 
7214 0 
3475 0 
7196 0 
6737 0 
6751 0 
7364 0 
6516 0 
7389 0 
1459 0 
6268 0 
64 0 
7314 0 
6978 0 
5625 0 
7312 0 
2172 0 
4746 0 
7127 0 
4569 0 
3279 0 
3855 0 
6986 0 
1966 0 
3635 0 
6577 0 
5776 0 
597 0 
6729 0 
3317 0 
5248 0 
6181 0 
2529 0 
6262 0 
3355 0 
3938 0 
5849 0 
6728 0 
2067 0 
3951 0 
1937 0 
7133 0 
5454 0 
4943 0 
3678 0 
1017 0 
4862 0 
6713 0 
1563 0 
3022 0 
2515 0 
2634 0 
6913 0 
4410 0 
4345 0 
4750 0 
5912 0 
6858 0 
4505 0 
5141 0 
6609 0 
4067 0 
4117 0 
4127 0 
4640 0 
5042 0 
6279 0 
4781 0 
3828 0 
5693 0 
5326 0 
1337 0 
7063 0 
5521 0 
5290 0 
4350 0 
5320 0 
595 0 
5722 0 
3952 0 
3724 0 
6715 0 
4519 0 
7285 0 
4462 0 
4770 0 
7111 0 
6571 0 
2436 0 
2975 0 
6995 0 
7254 0 
2576 0 
5201 0 
4742 0 
6343 0 
5341 0 
7257 0 
4227 0 
5209 0 
5484 0 
2556 0 
6795 0 
7039 0 
4540 0 
6583 0 
5122 0 
5043 0 
2994 0 
4791 0 
4426 0 
7105 0 
2323 0 
5950 0 
4190 0 
3454 0 
4363 0 
2263 0 
2486 0 
6442 0 
4141 0 
5313 0 
3893 0 
4896 0 
6559 0 
6827 0 
1906 0 
4839 0 
4374 0 
6012 0 
1202 0 
3792 0 
5954 0 
3603 0 
2088 0 
4941 0 
1566 0 
6631 0 
3280 0 
2259 0 
3255 0 
7034 0 
6591 0 
7158 0 
1918 0 
5410 0 
6073 0 
1347 0 
572 0 
4349 0 
7359 0 
6624 0 
4422 0 
6455 0 
4011 0 
4385 0 
4715 0 
4341 0 
5809 0 
6036 0 
2357 0 
5269 0 
5500 0 
4348 0 
1798 0 
5174 0 
4222 0 
2427 0 
936 0 
6099 0 
6606 0 
6397 0 
7021 0 
5068 0 
6656 0 
4745 0 
3582 0 
6814 0 
4978 0 
5274 0 
7245 0 
4079 0 
6063 0 
6377 0 
2836 0 
6111 0 
6271 0 
6309 0 
6362 0 
7229 0 
5528 0 
7065 0 
4427 0 
6840 0 
6759 0 
5985 0 
7277 0 
3123 0 
3107 0 
4672 0 
5585 0 
7200 0 
4272 0 
1460 0 
3508 0 
7143 0 
1860 0 
5330 0 
7280 0 
5398 0 
4565 0 
6981 0 
3546 0 
5772 0 
3833 0 
7003 0 
5851 0 
6043 0 
6790 0 
4704 0 
2615 0 
3507 0 
4542 0 
5080 0 
7232 0 
4909 0 
6384 0 
192 0 
4235 0 
5345 0 
7316 0 
7281 0 
5064 0 
2294 0 
5648 0 
4782 0 
2401 0 
5636 0 
5539 0 
2061 0 
2775 0 
6668 0 
2711 0 
5867 0 
5869 0 
3757 0 
4883 0 
5259 0 
7381 0 
1016 0 
5165 0 
4109 0 
960 0 
5391 0 
2959 0 
7305 0 
6216 0 
5297 0 
6700 0 
5495 0 
4588 0 
3124 0 
2889 0 
5299 0 
5428 0 
7360 0 
5779 0 
7343 0 
2896 0 
2338 0 
2286 0 
7334 0 
3256 0 
5181 0 
3385 0 
5824 0 
6620 0 
6654 0 
6443 0 
5314 0 
5238 0 
3090 0 
7125 0 
4632 0 
4950 0 
4850 0 
646 0 
5505 0 
6140 0 
6689 0 
6200 0 
7253 0 
6065 0 
4858 0 
4599 0 
2012 0 
3019 0 
913 0 
2866 0 
1261 0 
4774 0 
7363 0 
6560 0 
2568 0 
1955 0 
5466 0 
7013 0 
3939 0 
7388 0 
4212 0 
7061 0 
5156 0 
2888 0 
7274 0 
3922 0 
6897 0 
3309 0 
7067 0 
5913 0 
1073 0 
3978 0 
7202 0 
6958 0 
1230 0 
6971 0 
7049 0 
98 0 
7030 0 
3571 0 
6489 0 
3210 0 
6392 0 
3526 0 
855 0 
6694 0 
99 0 
7010 0 
3034 0 
6550 0 
5221 0 
7079 0 
6937 0 
6213 0 
4242 0 
7379 0 
4584 0 
5509 0 
5843 0 
2737 0 
7301 0 
2747 0 
4196 0 
5602 0 
7058 0 
6338 0 
6746 0 
6765 0 
7178 0 
4036 0 
2883 0 
1790 0 
4181 0 
6701 0 
7199 0 
5720 0 
4810 0 
5166 0 
6967 0 
6627 0 
2315 0 
5782 0 
6512 0 
2444 0 
2910 0 
3701 0 
3611 0 
6487 0 
6444 0 
5197 0 
3901 0 
2921 0 
3066 0 
122 0 
6204 0 
949 0 
3088 0 
4738 0 
3389 0 
7123 0 
5529 0 
5223 0 
5356 0 
1598 0 
6997 0 
5980 0 
2459 0 
5109 0 
4832 0 
4999 0 
3551 0 
5670 0 
3805 0 
1053 0 
6295 0 
6081 0 
6475 0 
5738 0 
6992 0 
3609 0 
6162 0 
5372 0 
7074 0 
6621 0 
7313 0 
6557 0 
5293 0 
5249 0 
7378 0 
3915 0 
4149 0 
6868 0 
7117 0 
2011 0 
6714 0 
5433 0 
6386 0 
5232 0 
6849 0 
5025 0 
6538 0 
2872 0 
3651 0 
4948 0 
1810 0 
5120 0 
3486 0 
1565 0 
3410 0 
2645 0 
4861 0 
1714 0 
6075 0 
5905 0 
6296 0 
6041 0 
5383 0 
6871 0 
4147 0 
468 0 
3462 0 
5639 0 
4726 0 
4169 0 
2920 0 
6129 0 
6822 0 
5906 0 
1828 0 
3769 0 
4635 0 
6592 0 
243 0 
6429 0 
7157 0 
4220 0 
6904 0 
3834 0 
4917 0 
556 0 
4573 0 
795 0 
5660 0 
7163 0 
6850 0 
3765 0 
4592 0 
2484 0 
7221 0 
5111 0 
859 0 
6541 0 
2882 0 
6568 0 
7087 0 
7078 0 
6368 0 
7353 0 
2296 0 
228 0 
4633 0 
4678 0 
5944 0 
5278 0 
5264 0 
6226 0 
1229 0 
4497 0 
6889 0 
6769 0 
2543 0 
1550 0 
6806 0 
3261 0 
2106 0 
4337 0 
2334 0 
7054 0 
568 0 
2000 0 
2679 0 
7387 0 
6293 0 
7006 0 
3735 0 
2952 0 
7068 0 
6599 0 
2203 0 
5373 0 
6940 0 
3965 0 
3681 0 
6070 0 
2210 0 
6932 0 
5098 0 
5033 0 
1497 0 
1462 0 
7171 0 
7046 0 
3737 0 
7344 0 
7365 0 
6485 0 
4496 0 
5728 0 
6160 0 
7192 0 
7072 0 
6380 0 
5188 0 
1510 0 
6154 0 
6124 0 
4527 0 
4944 0 
3980 0 
7267 0 
5310 0 
6679 0 
6192 0 
7234 0 
5441 0 
5127 0 
1349 0 
4473 0 
7130 0 
5656 0 
2491 0 
6921 0 
489 0 
2830 0 
4391 0 
5331 0 
6341 0 
6808 0 
544 0 
7100 0 
4780 0 
2434 0 
3017 0 
2366 0 
3964 0 
3192 0 
4502 0 
3470 0 
4871 0 
6726 0 
4541 0 
1295 0 
4480 0 
3817 0 
6195 0 
6128 0 
875 0 
7315 0 
4223 0 
3516 0 
149 0 
4142 0 
3370 0 
6910 0 
4080 0 
5157 0 
7092 0 
7264 0 
5007 0 
5840 0 
7377 0 
5196 0 
5662 0 
7287 0 
4634 0 
3849 0 
7318 0 
5953 0 
3912 0 
5945 0 
6360 0 
6813 0 
2804 0 
5058 0 
6753 0 
127 0 
6431 0 
7276 0 
7180 0 
6405 0 
2573 0 
6582 0 
7237 0 
6597 0 
2967 0 
7350 0 
6402 0 
6330 0 
5256 0 
6956 0 
7198 0 
6358 0 
6757 0 
3345 0 
7191 0 
2121 0 
4644 0 
5928 0 
4822 0 
3713 0 
7278 0 
1117 0 
432 0 
6977 0 
7175 0 
1734 0 
5300 0 
6197 0 
3121 0 
3986 0 
5976 0 
5646 0 
7272 0 
7153 0 
153 0 
7182 0 
5411 0 
6497 0 
994 0 
7295 0 
1923 0 
7023 0 
6050 0 
2310 0 
5087 0 
6706 0 
4370 0 
1580 0 
6982 0 
6558 0 
4493 0 
6354 0 
3969 0 
7375 0 
4949 0 
576 0 
2752 0 
7017 0 
5134 0 
7183 0 
7187 0 
4998 0 
4368 0 
4031 0 
1152 0 
6020 0 
7294 0 
5034 0 
4664 0 
1733 0 
6589 0 
3202 0 
2524 0 
3936 0 
4130 0 
4666 0 
6776 0 
2922 0 
6931 0 
2969 0 
5796 0 
5818 0 
4266 0 
3228 0 
6526 0 
5440 0 
6779 0 
3361 0 
4467 0 
7201 0 
5328 0 
2754 0 
1931 0 
2516 0 
4789 0 
6844 0 
6249 0 
3574 0 
5903 0 
6076 0 
1676 0 
5150 0 
1284 0 
7073 0 
6686 0 
6771 0 
1751 0 
5805 0 
2850 0 
5889 0 
3333 0 
2267 0 
5554 0 
5478 0 
6056 0 
4429 0 
7107 0 
7177 0 
5925 0 
4313 0 
3804 0 
3097 0 
1369 0 
6421 0 
2398 0 
3002 0 
4376 0 
6587 0 
5848 0 
4009 0 
5880 0 
6791 0 
7290 0 
4986 0 
5355 0 
3795 0 
7233 0 
7020 0 
2254 0 
177 0 
5569 0 
4251 0 
5507 0 
4465 0 
3511 0 
6069 0 
4524 0 
4155 0 
401 0 
2756 0 
4646 0 
2421 0 
5901 0 
7311 0 
6290 0 
6745 0 
6435 0 
1932 0 
2454 0 
596 0 
3762 0 
5199 0 
3556 0 
6975 0 
6352 0 
5287 0 
5883 0 
7115 0 
3712 0 
7076 0 
5664 0 
7288 0 
6954 0 
6013 0 
6320 0 
4255 0 
6340 0 
6239 0 
6353 0 
6383 0 
6725 0 
1368 0 
6641 0 
4981 0 
7141 0 
4927 0 
5060 0 
5235 0 
4601 0 
5001 0 
4105 0 
6158 0 
669 0 
6682 0 
2811 0 
63 0 
2307 0 
2485 0 
6838 0 
4156 0 
2565 0 
7361 0 
6222 0 
5352 0 
3589 0 
6328 0 
4836 0 
6118 0 
533 0 
4475 0 
7062 0 
3699 0 
735 0 
2378 0 
4991 0 
7357 0 
4718 0 
5271 0 
4452 0 
5942 0 
6869 0 
6797 0 
5187 0 
5236 0 
5116 0 
6683 0 
4997 0 
5981 0 
3840 0 
7386 0 
5613 0 
6464 0 
6175 0 
7119 0 
3827 0 
7064 0 
3273 0 
6576 0 
6917 0 
4809 0 
5833 0 
5895 0 
3416 0 
4438 0 
3334 0 
3562 0 
5208 0 
4330 0 
3874 0 
5125 0 
6703 0 
440 0 
5584 0 
3303 0 
5322 0 
2464 0 
3624 0 
5212 0 
5294 0 
4882 0 
3916 0 
5691 0 
6918 0 
1212 0 
5926 0 
3383 0 
5988 0 
7345 0 
6843 0 
1215 0 
5914 0 
2824 0 
6566 0 
6750 0 
7220 0 
5018 0 
148 0 
1754 0 
6466 0 
5678 0 
5799 0 
6993 0 
5337 0 
5640 0 
4872 0 
2471 0 
6042 0 
1701 0 
5250 0 
2235 0 
2762 0 
5280 0 
4710 0 
4240 0 
6561 0 
2400 0 
5789 0 
7093 0 
7114 0 
7210 0 
7219 0 
5079 0 
2820 0 
3631 0 
140 0 
3985 1 
4103 1 
4342 1 
4262 1 
6291 1 
4269 1 
3369 1 
6671 1 
1047 1 
1768 1 
4353 1 
5390 1 
6218 1 
6580 1 
3982 1 
7259 1 
4298 1 
6911 1 
4481 1 
3476 1 
6572 1 
2442 1 
6546 1 
5105 1 
2957 1 
6511 1 
7204 1 
5227 1 
1018 1 
7309 1 
2316 1 
6211 1 
2789 1 
3198 1 
6710 1 
5553 1 
7298 1 
6865 1 
2614 1 
5473 1 
5729 1 
4023 1 
5367 1 
3810 1 
3065 1 
7286 1 
4549 1 
2009 1 
6989 1 
2700 1 
1826 1 
3988 1 
1853 1 
4837 1 
1854 1 
6062 1 
6873 1 
6477 1 
6952 1 
4096 1 
6047 1 
5907 1 
6734 1 
2477 1 
561 1 
4754 1 
5369 1 
4406 1 
1461 1 
4419 1 
5508 1 
4175 1 
6023 1 
5009 1 
3942 1 
6311 1 
4725 1 
4618 1 
4977 1 
4851 1 
3381 1 
6667 1 
6752 1 
5239 1 
4448 1 
5637 1 
6146 1 
6867 1 
5754 1 
4683 1 
5063 1 
4194 1 
5832 1 
4005 1 
1818 1 
4727 1 
4562 1 
6461 1 
5684 1 
5254 1 
2480 1 
4407 1 
6663 1 
7362 1 
5240 1 
6199 1 
5771 1 
5065 1 
7328 1 
7391 1 
4264 1 
5289 1 
815 1 
5878 1 
4689 1 
2512 1 
5091 1 
2915 1 
6155 1 
2702 1 
508 1 
4866 1 
6297 1 
4661 1 
6136 1 
3353 1 
6117 1 
6659 1 
1805 1 
4402 1 
3822 1 
991 1 
5483 1 
3935 1 
6333 1 
5435 1 
5333 1 
7120 1 
5622 1 
5176 1 
5791 1 
6842 1 
3736 1 
2355 1 
6190 1 
6690 1 
2435 1 
5164 1 
6492 1 
2176 1 
3714 1 
5490 1 
6379 1 
6113 1 
1305 1 
4629 1 
3715 1 
5138 1 
6880 1 
6783 1 
4915 1 
441 1 
4702 1 
6151 1 
6161 1 
6760 1 
3035 1 
5339 1 
1974 1 
3666 1 
1266 1 
4042 1 
1263 1 
2416 1 
4084 1 
6246 1 
4594 1 
7084 1 
4437 1 
4057 1 
6471 1 
4675 1 
4609 1 
1820 1 
6453 1 
6449 1 
6374 1 
2379 1 
3245 1 
5321 1 
2478 1 
6727 1 
6463 1 
4571 1 
6884 1 
5370 1 
4301 1 
3851 1 
3963 1 
5107 1 
5361 1 
5113 1 
5792 1 
3523 1 
40 1 
2387 1 
6508 1 
5699 1 
3751 1 
4046 1 
6015 1 
5275 1 
774 1 
3444 1 
3788 1 
4125 1 
6777 1 
4273 1 
6644 1 
7043 1 
3221 1 
5404 1 
6579 1 
1774 1 
2335 1 
6939 1 
6962 1 
6564 1 
107 1 
3348 1 
4308 1 
7038 1 
4039 1 
5389 1 
6139 1 
4206 1 
7190 1 
6896 1 
5214 1 
2763 1 
6423 1 
7349 1 
6164 1 
6738 1 
3961 1 
5143 1 
5999 1 
7310 1 
7383 1 
2539 1 
5167 1 
4485 1 
6038 1 
6034 1 
3247 1 
6635 1 
5430 1 
6356 1 
6403 1 
3869 1 
7351 1 
4556 1 
4214 1 
6721 1 
914 1 
6134 1 
6348 1 
5682 1 
7260 1 
6905 1 
3592 1 
4490 1 
4055 1 
6234 1 
7366 1 
7112 1 
488 1 
7325 1 
6999 1 
5261 1 
4250 1 
2862 1 
6748 1 
6851 1 
4696 1 
3695 1 
6964 1 
3749 1 
2861 1 
6480 1 
7070 1 
7031 1 
3846 1 
5191 1 
6100 1 
3434 1 
3340 1 
4288 1 
159 1 
5783 1 
2636 1 
4891 1 
7373 1 
6432 1 
6451 1 
4931 1 
5443 1 
1964 1 
6581 1 
6398 1 
3510 1 
2411 1 
1440 1 
7186 1 
7081 1 
2707 1 
5106 1 
700 1 
7271 1 
4083 1 
3783 1 
3577 1 
4278 1 
6390 1 
6468 1 
1501 1 
5304 1 
4677 1 
6452 1 
6870 1 
5012 1 
2356 1 
4276 1 
124 1 
886 1 
5400 1 
5418 1 
3080 1 
6629 1 
2714 1 
1401 1 
3077 1 
2017 1 
4195 1 
3146 1 
7116 1 
2273 1 
3411 1 
6184 1 
1475 1 
4534 1 
6382 1 
6984 1 
5084 1 
4876 1 
6152 1 
2099 1 
6530 1 
4575 1 
1873 1 
2898 1 
638 1 
5244 1 
3366 1 
4334 1 
3054 1 
6976 1 
2385 1 
5394 1 
611 1 
6135 1 
5510 1 
1663 1 
3436 1 
6612 1 
5386 1 
1248 1 
4947 1 
5995 1 
5442 1 
4631 1 
3623 1 
6898 1 
31 1 
6232 1 
2849 1 
6906 1 
6722 1 
7188 1 
5288 1 
5415 1 
6991 1 
5292 1 
3761 1 
3689 1 
4356 1 
3706 1 
3601 1 
5375 1 
6369 1 
4440 1 
1391 1 
7139 1 
4151 1 
2016 1 
5335 1 
6355 1 
4379 1 
2740 1 
6740 1 
1252 1 
3891 1 
5685 1 
5558 1 
6927 1 
5094 1 
5831 1 
7308 1 
7150 1 
3537 1 
3115 1 
1326 1 
6708 1 
4205 1 
4773 1 
6796 1 
3127 1 
5741 1 
6605 1 
4818 1 
3547 1 
6901 1 
1107 1 
2887 1 
2796 1 
6747 1 
5556 1 
6281 1 
6188 1 
6593 1 
3904 1 
3540 1 
4404 1 
6467 1 
5785 1 
5092 1 
4669 1 
6665 1 
2337 1 
3235 1 
5606 1 
4867 1 
6979 1 
2675 1 
6821 1 
2892 1 
1573 1 
6521 1 
3831 1 
6899 1 
7131 1 
1915 1 
4873 1 
3151 1 
6153 1 
5659 1 
4626 1 
6298 1 
5858 1 
1692 1 
4662 1 
2848 1 
1379 1 
6285 1 
6529 1 
3656 1 
6990 1 
1927 1 
6826 1 
4232 1 
1703 1 
1844 1 
6799 1 
3886 1 
3292 1 
6283 1 
7089 1 
903 1 
5790 1 
1971 1 
6711 1 
7323 1 
5308 1 
1807 1 
1935 1 
3372 1 
3600 1 
4705 1 
4059 1 
4676 1 
6060 1 
7121 1 
2456 1 
3653 1 
1323 1 
1406 1 
4491 1 
6273 1 
4682 1 
403 1 
1780 1 
7161 1 
5359 1 
6603 1 
6856 1 
3723 1 
339 1 
2211 1 
3030 1 
5449 1 
4778 1 
5216 1 
4006 1 
7326 1 
3164 1 
6551 1 
6675 1 
7162 1 
1769 1 
6346 1 
1320 1 
7371 1 
5485 1 
713 1 
7306 1 
5011 1 
5036 1 
6025 1 
4335 1 
1649 1 
5204 1 
4145 1 
4845 1 
6483 1 
4740 1 
1836 1 
2821 1 
4976 1 
6318 1 
7238 1 
6876 1 
6119 1 
4331 1 
287 1 
5276 1 
6417 1 
2688 1 
6138 1 
5778 1 
7282 1 
4925 1 
5489 1 
3231 1 
2586 1 
1794 1 
6608 1 
6331 1 
3696 1 
1824 1 
5270 1 
2621 1 
5291 1 
6768 1 
614 1 
4458 1 
6891 1 
7149 1 
5496 1 
6224 1 
3975 1 
3565 1 
6980 1 
4150 1 
5225 1 
5086 1 
5283 1 
4359 1 
1545 1 
7342 1 
4964 1 
6922 1 
5436 1 
6983 1 
5619 1 
6502 1 
3517 1 
6436 1 
3718 1 
7005 1 
6448 1 
2683 1 
5420 1 
7283 1 
3233 1 
3583 1 
1970 1 
2549 1 
2749 1 
7097 1 
3074 1 
4736 1 
928 1 
5097 1 
1588 1 
5190 1 
4073 1 
258 1 
4567 1 
7169 1 
1419 1 
4926 1 
5982 1 
3876 1 
5316 1 
3298 1 
3007 1 
3744 1 
1895 1 
1402 1 
2169 1 
5781 1 
4764 1 
6524 1 
1346 1 
5937 1 
7085 1 
5877 1 
5350 1 
6488 1 
4984 1 
1064 1 
6833 1 
4777 1 
2404 1 
7347 1 
3959 1 
2368 1 
4076 1 
5119 1 
3185 1 
7367 1 
4577 1 
6411 1 
1623 1 
6925 1 
3605 1 
983 1 
5753 1 
7138 1 
4936 1 
594 1 
2833 1 
7215 1 
7223 1 
6473 1 
3943 1 
3132 1 
5099 1 
7225 1 
6387 1 
3487 1 
6454 1 
4769 1 
4182 1 
1321 1 
3224 1 
7300 1 
6478 1 
5992 1 
5172 1 
6447 1 
3734 1 
4889 1 
7075 1 
2130 1 
5154 1 
5323 1 
3661 1 
4808 1 
6308 1 
5676 1 
3267 1 
3649 1 
3060 1 
5600 1 
4989 1 
1602 1 
5014 1 
3391 1 
2501 1 
2031 1 
1045 1 
4095 1 
3638 1 
4092 1 
3114 1 
1526 1 
1254 1 
1589 1 
5000 1 
5517 1 
4906 1 
5705 1 
5388 1 
5344 1 
5868 1 
4511 1 
5070 1 
3176 1 
869 1 
3241 1 
4395 1 
4667 1 
4053 1 
685 1 
7256 1 
4759 1 
1512 1 
6923 1 
6770 1 
5665 1 
5823 1 
5825 1 
3038 1 
1646 1 
3171 1 
277 1 
4660 1 
3518 1 
4712 1 
6916 1 
6951 1 
3802 1 
3564 1 
6183 1 
6820 1 
4180 1 
2750 1 
5493 1 
4140 1 
7299 1 
6672 1 
6586 1 
2948 1 
4802 1 
6130 1 
6802 1 
4737 1 
2770 1 
2433 1 
7056 1 
6616 1 
5077 1 
6459 1 
1293 1 
3384 1 
3909 1 
7302 1 
3862 1 
1217 1 
671 1 
4352 1 
2234 1 
4924 1 
2799 1 
4025 1 
6314 1 
4253 1 
1103 1 
5257 1 
7384 1 
5037 1 
3102 1 
6419 1 
4051 1 
1146 1 
1710 1 
319 1 
4772 1 
6010 1 
6301 1 
3575 1 
1473 1 
3327 1 
3512 1 
4762 1 
6553 1 
3285 1 
6507 1 
5131 1 
6902 1 
3923 1 
4974 1 
5658 1 
1590 1 
3365 1 
3670 1 
3358 1 
6446 1 
6879 1 
3873 1 
4665 1 
4937 1 
2672 1 
4185 1 
7066 1 
3773 1 
3543 1 
4187 1 
1424 1 
5459 1 
6815 1 
5153 1 
6212 1 
4993 1 
1134 1 
5710 1 
315 1 
6457 1 
6717 1 
6907 1 
2825 1 
5434 1 
6351 1 
2087 1 
6420 1 
6754 1 
1374 1 
6634 1 
5447 1 
2558 1 
2980 1 
6325 1 
6257 1 
6399 1 
6539 1 
6144 1 
6633 1 
4806 1 
2793 1 
7230 1 
3967 1 
5203 1 
5801 1 
3934 1 
6531 1 
4815 1 
4444 1 
7002 1 
7104 1 
6479 1 
1713 1 
5408 1 
2907 1 
6089 1 
5353 1 
4460 1 
7032 1 
4001 1 
6373 1 
5635 1 
5570 1 
3997 1 
4698 1 
6280 1 
151 1 
6816 1 
4464 1 
6854 1 
4990 1 
3586 1 
5688 1 
7044 1 
7041 1 
4420 1 
7101 1 
3753 1 
5765 1 
6830 1 
3889 1 
2220 1 
6994 1 
5909 1 
6658 1 
6642 1 
4804 1 
2033 1 
6344 1 
6427 1 
1893 1 
7148 1 
4615 1 
7194 1 
4354 1 
6767 1 
3599 1 
6225 1 
2050 1 
6684 1 
5834 1 
7297 1 
3275 1 
6655 1 
3226 1 
74 1 
6936 1 
2917 1 
1130 1 
3684 1 
4744 1 
6094 1 
3984 1 
3443 1 
7336 1 
4434 1 
4439 1 
3596 1 
2784 1 
4933 1 
1348 1 
6378 1 
6548 1 
6736 1 
3469 1 
2983 1 
2475 1 
4217 1 
579 1 
7327 1 
1876 1 
5841 1 
7226 1 
3437 1 
7128 1 
5374 1 
5406 1 
3165 1 
266 1 
1043 1 
5183 1 
2239 1 
6569 1 
248 1 
6178 1 
3672 1 
5899 1 
6562 1 
3521 1 
2437 1 
6167 1 
3181 1 
1055 1 
5056 1 
965 1 
1491 1 
7124 1 
2533 1 
2662 1 
4968 1 
4895 1 
850 1 
5467 1 
3692 1 
502 1 
6780 1 
4124 1 
1872 1 
5998 1 
6555 1 
6618 1 
3359 1 
7103 1 
5492 1 
5115 1 
3563 1 
2377 1 
2293 1 
7024 1 
6437 1 
6973 1 
2327 1 
2527 1 
7275 1 
988 1 
3720 1 
5298 1 
6968 1 
1333 1 
3362 1 
5102 1 
5444 1 
6623 1 
6761 1 
2474 1 
5452 1 
7015 1 
5015 1 
6253 1 
7217 1 
7176 1 
7193 1 
6315 1 
313 1 
4366 1 
6730 1 
4604 1 
1524 1 
7243 1 
6274 1 
6892 1 
4457 1 
4397 1 
5536 1 
1448 1 
6894 1 
2425 1 
6853 1 
5059 1 
5305 1 
4068 1 
5072 1 
5179 1 
3816 1 
607 1 
6245 1 
2886 1 
5312 1 
317 1 
3041 1 
5362 1 
5614 1 
5338 1 
5397 1 
3830 1 
6953 1 
5601 1 
6691 1 
4719 1 
5218 1 
6950 1 
7090 1 
5284 1 
1191 1 
73 1 
2019 1 
5503 1 
3931 1 
5770 1 
5641 1 
5740 1 
1385 1 
2755 1 
3087 1 
6299 1 
2230 1 
1801 1 
5838 1 
2545 1 
4758 1 
6828 1 
5421 1 
5468 1 
6499 1 
5628 1 
4580 1 
2415 1 
5133 1 
3213 1 
5962 1 
2720 1 
4113 1 
5713 1 
2180 1 
4471 1 
3215 1 
7055 1 
4468 1 
6174 1 
4875 1 
7164 1 
2744 1 
3926 1 
4776 1 
3118 1 
4065 1 
3465 1 
5004 1 
2666 1 
3748 1 
4700 1 
1271 1 
4797 1 
6514 1 
5311 1 
7273 1 
3047 1 
4144 1 
6286 1 
3481 1 
4647 1 
4645 1 
1557 1 
5708 1 
5243 1 
2809 1 
645 1 
1929 1 
7354 1 
7057 1 
4431 1 
5955 1 
6513 1 
4332 1 
6537 1 
1438 1 
281 1 
4881 1 
5816 1 
3012 1 
5226 1 
5690 1 
5874 1 
644 1 
4581 1 
3578 1 
5717 1 
7376 1 
7340 1 
4987 1 
6494 1 
5922 1 
4274 1 
6302 1 
1172 1 
5152 1 
2382 1 
3595 1 
4411 1 
5439 1 
6674 1 
5574 1 
5847 1 
3722 1 
5437 1 
4711 1 
2133 1 
4394 1 
3879 1 
2500 1 
7014 1 
4311 1 
7147 1 
6304 1 
5938 1 
6278 1 
5934 1 
1791 1 
3687 1 
6651 1 
6049 1 
5246 1 
3194 1 
7358 1 
2982 1 
2658 1 
1582 1 
3069 1 
6786 1 
4509 1 
3856 1 
7052 1 
4456 1 
5506 1 
4450 1 
7086 1 
1695 1 
4243 1 
1521 1 
5396 1 
3637 1 
3322 1 
1875 1 
6061 1 
1667 1 
6988 1 
1909 1 
5357 1 
1514 1 
6809 1 
937 1 
6409 1 
2056 1 
3318 1 
6270 1 
7213 1 
6187 1 
3438 1 
3947 1 
5756 1 
6860 1 
3179 1 
5273 1 
3386 1 
4022 1 
7252 1 
677 1 
5643 1 
1620 1 
1802 1 
2384 1 
2541 1 
7083 1 
3550 1 
4062 1 
6393 1 
2532 1 
2258 1 
5464 1 
211 1 
7154 1 
2857 1 
4965 1 
1049 1 
4087 1 
6688 1 
1489 1 
7189 1 
7028 1 
4281 1 
6731 1 
3968 1 
2728 1 
4300 1 
5334 1 
564 1 
3344 1 
6807 1 
6334 1 
7293 1 
4801 1 
4388 1 
6491 1 
5095 1 
5709 1 
3083 1 
2632 1 
3461 1 
1867 1 
6044 1 
2131 1 
1886 1 
1165 1 
6227 1 
6372 1 
4203 1 
6949 1 
6071 1 
6219 1 
4372 1 
4297 1 
3033 1 
3271 1 
2248 1 
4047 1 
5393 1 
3892 1 
4326 1 
5572 1 
3313 1 
6180 1 
2348 1 
2706 1 
3021 1 
522 1 
6852 1 
3860 1 
4198 1 
7077 1 
3109 1 
2420 1 
2719 1 
4371 1 
4241 1 
3027 1 
5761 1 
4295 1 
12 1 
4897 1 
6947 1 
6601 1 
6626 1 
5668 1 
4598 1 
989 1 
6048 1 
4593 1 
4680 1 
3796 1 
7113 1 
5900 1 
6450 1 
46 1 
6349 1 
747 1 
2129 1 
3468 1 
2846 1 
2463 1 
6615 1 
5263 1 
3536 1 
5910 1 
6092 1 
2810 1 
6536 1 
6847 1 
2521 1 
4118 1 
5147 1 
1139 1 
7126 1 
6495 1 
6957 1 
2856 1 
4157 1 
2060 1 
2397 1 
2818 1 
4302 1 
7007 1 
2753 1 
3126 1 
3979 1 
7270 1 
2419 1 
2271 1 
1415 1 
3409 1 
6122 1 
2562 1 
6289 1 
6357 1 
4176 1 
6805 1 
7060 1 
5766 1 
3940 1 
1226 1 
5184 1 
185 1 
3252 1 
2758 1 
7211 1 
95 1 
6773 1 
1358 1 
5429 1 
4980 1 
3921 1 
3784 1 
3427 1 
1313 1 
6543 1 
3423 1 
5220 1 
2013 1 
6068 1 
5488 1 
4115 1 
138 1 
6207 1 
3092 1 
4755 1 
4137 1 
6472 1 
4865 1 
234 1 
4874 1 
7279 1 
1916 1 
590 1 
7142 1 
1301 1 
5148 1 
3342 1 
6484 1 
6919 1 
6630 1 
5623 1 
4066 1 
3125 1 
4525 1 
3338 1 
3057 1 
2223 1 
5324 1 
4639 1 
2290 1 
3907 1 
7236 1 
1405 1 
4642 1 
7263 1 
4785 1 
754 1 
3559 1 
962 1 
4607 1 
7228 1 
3970 1 
6170 1 
3531 1 
977 1 
4555 1 
6846 1 
2403 1 
2839 1 
4590 1 
2602 1 
4219 1 
5465 1 
1883 1 
1874 1 
4488 1 
4828 1 
2479 1 
3180 1 
1114 1 
3800 1 
2727 1 
1182 1 
634 1 
1750 1 
5424 1 
4486 1 
2006 1 
1559 1 
1842 1 
3910 1 
3794 1 
4709 1 
3352 1 
2716 1 
3925 1 
5182 1 
2025 1 
2733 1 
6305 1 
5626 1 
4188 1 
1345 1 
3760 1 
3882 1 
4630 1 
4323 1 
1694 1 
3350 1 
4423 1 
516 1 
4513 1 
6697 1 
2765 1 
2422 1 
5407 1 
4956 1 
5550 1 
6095 1 
3266 1 
2958 1 
7292 2 
6520 2 
3808 2 
2895 2 
5451 2 
2483 2 
3133 2 
3567 2 
6723 2 
5325 2 
6545 2 
7382 2 
3682 2 
1682 2 
4963 2 
1827 2 
3023 2 
4249 2 
5742 2 
6639 2 
5568 2 
2192 2 
5681 2 
6223 2 
4877 2 
5491 2 
4469 2 
6866 2 
6404 2 
4377 2 
6961 2 
766 2 
1609 2 
2346 2 
5902 2 
3152 2 
3621 2 
4248 2 
2285 2 
5939 2 
5100 2 
3100 2 
510 2 
3269 2 
1531 2 
4289 2 
5090 2 
6367 2 
3588 2 
6205 2 
1166 2 
3467 2 
5642 2 
1823 2 
5618 2 
5513 2 
6772 2 
3569 2 
5123 2 
2808 2 
2244 2 
4932 2 
5579 2 
6946 2 
5546 2 
4316 2 
1352 2 
528 2 
566 2 
7390 2 
3584 2 
4803 2 
5163 2 
1956 2 
4373 2 
2868 2 
4328 2 
6935 2 
3652 2 
2680 2 
3013 2 
6088 2 
1395 2 
6005 2 
6126 2 
1732 2 
2282 2 
5253 2 
1083 2 
2976 2 
4695 2 
2863 2 
85 2 
6735 2 
3415 2 
4969 2 
4199 2 
3811 2 
6410 2 
5185 2 
252 2 
5342 2 
5351 2 
6496 2 
4510 2 
2659 2 
6563 2 
4193 2 
6756 2 
5162 2 
2052 2 
2730 2 
2767 2 
7242 2 
1351 2 
3711 2 
5385 2 
1009 2 
4414 2 
3397 2 
2823 2 
2929 2 
1290 2 
5096 2 
4930 2 
4749 2 
2640 2 
5712 2 
1711 2 
7047 2 
3956 2 
199 2 
3590 2 
1787 2 
5081 2 
4570 2 
2332 2 
4504 2 
7129 2 
3641 2 
6003 2 
5365 2 
2292 2 
4322 2 
2745 2 
7051 2 
872 2 
5379 2 
6233 2 
7205 2 
4029 2 
3787 2 
3820 2 
1984 2 
6428 2 
4961 2 
3448 2 
2023 2 
5559 2 
5542 2 
2423 2 
2583 2 
2238 2 
6972 2 
6781 2 
6260 2 
2794 2 
3790 2 
4216 2 
4218 2 
2139 2 
5474 2 
5053 2 
5931 2 
5549 2 
285 2 
7346 2 
4245 2 
4367 2 
2598 2 
3657 2 
5499 2 
3399 2 
4888 2 
1642 2 
4409 2 
6077 2 
4787 2 
3323 2 
4280 2 
7036 2 
1910 2 
6363 2 
4829 2 
6886 2 
3153 2 
4859 2 
3141 2 
1748 2 
3028 2 
3189 2 
6202 2 
3419 2 
1605 2 
4721 2 
1519 2 
6147 2 
3451 2 
6903 2 
7184 2 
1143 2 
6724 2 
6445 2 
4722 2 
4317 2 
4622 2 
5074 2 
1538 2 
3743 2 
3728 2 
7251 2 
612 2 
3867 2 
7246 2 
5265 2 
4162 2 
5857 2 
3522 2 
755 2 
2638 2 
6051 2 
6831 2 
1613 2 
5144 2 
2101 2 
3527 2 
6215 2 
5230 2 
3683 2 
6107 2 
5644 2 
6681 2 
1219 2 
1297 2 
4271 2 
5045 2 
6024 2 
4655 2 
2446 2 
3290 2 
3781 2 
7393 2 
4321 2 
3594 2 
3673 2 
4364 2 
1781 2 
3311 2 
3421 2 
4636 2 
7329 2 
4474 2 
1778 2 
5694 2 
2291 2 
6327 2 
5258 2 
6930 2 
5758 2 
5630 2 
1218 2 
6022 2 
1527 2 
1164 2 
3693 2 
4072 2 
6574 2 
7235 2 
7095 2 
5502 2 
1730 2 
5061 2 
4315 2 
3742 2 
2970 2 
3650 2 
3329 2 
4751 2 
5527 2 
4362 2 
1951 2 
3628 2 
3492 2 
5957 2 
6503 2 
3691 2 
4038 2 
4303 2 
5588 2 
6547 2 
5865 2 
2045 2 
4732 2 
6692 2 
3265 2 
1030 2 
5076 2 
1063 2 
7206 2 
60 2 
4033 2 
6264 2 
4849 2 
4119 2 
541 2 
5469 2 
6086 2 
3159 2 
5852 2 
4158 2 
1104 2 
2893 2 
2993 2 
3104 2 
1571 2 
7165 2 
6248 2 
3900 2 
3000 2 
3983 2 
5224 2 
5030 2 
3602 2 
5031 2 
3954 2 
436 2 
6595 2 
6666 2 
4668 2 
3570 2 
1072 2 
50 2 
2593 2 
2852 2 
3710 2 
5632 2 
5675 2 
6676 2 
3798 2 
1626 2 
6996 2 
1109 2 
3665 2 
7050 2 
4254 2 
4292 2 
3625 2 
2128 2 
3008 2 
4623 2 
6720 2 
4499 2 
4554 2 
2903 2 
4432 2 
4919 2 
5013 2 
4958 2 
4898 2 
4914 2 
7168 2 
6941 2 
6518 2 
3608 2 
6632 2 
5736 2 
3063 2 
5814 2 
4424 2 
4484 2 
7170 2 
6371 2 
6087 2 
3937 2 
4681 2 
6782 2 
1914 2 
6590 2 
7208 2 
6439 2 
1022 2 
4139 2 
2932 2 
5010 2 
805 2 
1845 2 
4708 2 
5480 2 
2163 2 
4784 2 
2880 2 
7048 2 
6017 2 
3576 2 
7069 2 
3920 2 
7224 2 
4099 2 
6256 2 
6241 2 
3491 2 
4479 2 
1770 2 
6673 2 
5306 2 
5222 2 
1924 2 
7240 2 
2534 2 
173 2 
6614 2 
5653 2 
5578 2 
3169 2 
7172 2 
5303 2 
893 2 
4393 2 
4472 2 
1999 2 
4757 2 
2955 2 
430 2 
3274 2 
1430 2 
6275 2 
5277 2 
2178 2 
4852 2 
4545 2 
4585 2 
4320 2 
5775 2 
6944 2 
1658 2 
4942 2 
1803 2 
5401 2 
5538 2 
7091 2 
6882 2 
7250 2 
6090 2 
3308 2 
201 2 
1439 2 
6125 2 
5683 2 
4652 2 
7088 2 
931 2 
6438 2 
1245 2 
6067 2 
6774 2 
6194 2 
4528 2 
1980 2 
980 2 
6272 2 
6823 2 
4026 2 
5860 2 
5759 2 
4213 2 
6375 2 
5815 2 
1788 2 
1799 2 
5332 2 
3259 2 
1838 2 
1921 2 
298 2 
4002 2 
5552 2 
4951 2 
5008 2 
3283 2 
2073 2 
4967 2 
6570 2 
1697 2 
4102 2 
6105 2 
5020 2 
626 2 
4173 2 
2502 2 
3424 2 
2538 2 
6610 2 
5029 2 
4233 2 
2165 2 
6817 2 
3394 2 
6792 2 
6525 2 
4603 2 
5180 2 
3173 2 
6829 2 
4548 2 
6741 2 
3861 2 
4221 2 
7033 2 
5946 2 
6528 2 
1392 2 
1597 2 
1544 2 
5798 2 
2161 2 
3754 2 
5343 2 
3212 2 
6490 2 
5965 2 
4024 2 
5073 2 
4612 2 
5661 2 
2007 2 
2950 2 
6078 2 
5023 2 
6210 2 
1746 2 
884 2 
3789 2 
3105 2 
1704 2 
3112 2 
2566 2 
5498 2 
4052 2 
904 2 
1005 2 
3698 2 
5088 2 
4606 2 
5121 2 
244 2 
1858 2 
5975 2 
1111 2 
1089 2 
4008 2 
2274 2 
4136 2 
5627 2 
2797 2 
5142 2 
7289 2 
3655 2 
5158 2 
4597 2 
5846 2 
4361 2 
467 2 
4482 2 
4651 2 
5206 2 
4398 2 
6863 2 
4161 2 
2973 2 
3337 2 
2757 2 
3677 2 
3688 2 
1740 2 
2964 2 
6018 2 
5672 2 
3412 2 
6317 2 
6637 2 
2111 2 
4318 2 
6705 2 
7248 2 
6500 2 
6749 2 
5544 2 
4819 2 
5959 2 
4983 2 
1516 2 
1992 2 
5808 2 
6441 2 
7159 2 
1833 2 
939 2 
25 2 
6594 2 
4386 2 
5746 2 
5241 2 
5186 2 
479 2 
5666 2 
3643 2 
2713 2 
4690 2 
2637 2 
4734 2 
4713 2 
3866 2 
5022 2 
778 2 
3535 2 
5724 2 
1632 2 
2086 2 
3946 2 
4305 2 
2981 2 
4900 2 
1356 2 
6895 2 
1495 2 
6110 2 
2542 2 
6401 2 
6523 2 
4701 2 
1372 2 
3917 2 
2974 2 
5475 2 
3335 2 
3116 2 
5788 2 
106 2 
1848 2 
933 2 
6824 2 
2080 2 
3297 2 
5611 2 
5168 2 
6669 2 
6381 2 
1255 2 
1878 2 
6415 2 
422 2 
6719 2 
1546 2 
4413 2 
1843 2 
5978 2 
723 2 
4706 2 
2190 2 
4070 2 
1353 2 
1467 2 
2487 2 
4923 2 
5124 2 
80 2 
1077 2 
1761 2 
3992 2 
3766 2 
1555 2 
5479 2 
3533 2 
6693 2 
4133 2 
1343 2 
5555 2 
877 2 
1871 2 
4627 2 
381 2 
4443 2 
7337 2 
2885 2 
3894 2 
4123 2 
4285 2 
2089 2 
2187 2 
2162 2 
6509 2 
3306 2 
4728 2 
4236 2 
1535 2 
1051 2 
7146 2 
4671 2 
5654 2 
6857 2 
6540 2 
5943 2 
1506 2 
6376 2 
2318 2 
5997 2 
87 2 
5416 2 
3183 2 
4304 2 
3868 2 
4697 2 
6364 2 
4975 2 
69 2 
4929 2 
2581 2 
3668 2 
1989 2 
3095 2 
2372 2 
3898 2 
4034 2 
4512 2 
5561 2 
1959 2 
924 2 
6123 2 
5647 2 
3549 2 
793 2 
3149 2 
6114 2 
2181 2 
2694 2 
6261 2 
4538 2 
4761 2 
3836 2 
4020 2 
4369 2 
180 2 
854 2 
4390 2 
4520 2 
633 2 
2424 2 
4106 2 
3190 2 
6789 2 
1898 2 
2878 2 
4483 2 
2228 2 
2526 2 
1377 2 
5457 2 
1025 2 
6016 2 
3211 2 
6804 2 
6307 2 
1136 2 
2835 2 
1210 2 
3296 2 
786 2 
2305 2 
4699 2 
6321 2 
241 2 
915 2 
3354 2 
6505 2 
6267 2 
6103 2 
3619 2 
3197 2 
4441 2 
2629 2 
5267 2 
2840 2 
3850 2 
120 2 
5044 2 
6037 2 
4111 2 
6924 2 
6739 2 
2380 2 
3645 2 
3071 2 
4108 2 
2925 2 
3499 2 
3703 2 
4657 2 
2641 2 
5514 2 
7136 2 
6098 2 
3293 2 
2552 2 
2065 2 
2803 2 
4674 2 
3747 2 
3218 2 
3393 2 
5189 2 
2831 2 
3644 2 
1418 2 
2349 2 
1945 2 
2506 2 
799 2 
3064 2 
1715 2 
768 2 
352 2 
5363 2 
783 2 
2383 2 
4089 2 
5295 2 
5071 2 
5371 2 
2941 2 
2875 2 
3999 2 
4244 2 
1145 2 
4265 2 
5820 2 
5762 2 
3473 2 
3373 2 
4529 2 
4446 2 
6242 2 
4333 2 
5104 2 
2333 2 
3137 2 
1283 2 
4739 2 
2999 2 
6878 2 
6266 2 
1997 2 
5354 2 
6359 2 
6648 2 
4461 2 
3504 2 
5329 2 
3093 2 
5159 2 
1863 2 
135 2 
2439 2 
2859 2 
2077 2 
3375 2 
4037 2 
6510 2 
6112 2 
6425 2 
5145 2 
2068 2 
2358 2 
5262 2 
4252 2 
4884 2 
5286 2 
6217 2 
3945 2 
2928 2 
1179 2 
5657 2 
1618 2 
2497 2 
750 2 
2216 2 
4408 2 
825 2 
1464 2 
1608 2 
6009 2 
2555 2 
2577 2 
3950 2 
4168 2 
4840 2 
433 2 
498 2 
34 2 
2867 2 
3854 2 
1203 2 
5021 2 
3078 2 
2582 2 
2352 2 
2049 2 
5075 2 
6515 2 
5904 2 
3005 2 
4148 2 
5996 2 
5859 2 
5701 2 
4078 2 
4835 2 
3004 2 
2764 2 
4911 2 
6104 2 
2001 2 
3414 2 
1995 2 
4234 2 
4470 2 
7241 2 
3888 2 
2873 2 
5234 2 
4120 2 
4 2 
3545 2 
2191 2 
2354 2 
7332 2 
868 2 
5983 2 
5721 2 
1483 2 
5777 2 
2773 2 
5733 2 
2329 2 
2899 2 
1721 2 
3045 2 
2660 2 
7369 2 
2768 2 
4260 2 
3813 2 
6054 2 
2791 2 
3014 2 
6040 2 
336 2 
7045 2 
6430 2 
5175 2 
3203 2 
6035 2 
3073 2 
562 2 
4854 2 
2685 2 
4514 2 
434 2 
2783 2 
7348 2 
3367 2 
3242 2 
4357 2 
6366 2 
6407 2 
2445 2 
3633 2 
6803 2 
265 2 
2414 2 
3464 2 
4779 2 
3440 2 
3929 2 
696 2 
4844 2 
4894 2 
5471 2 
5089 2 
2689 2 
3581 2 
481 2 
322 2 
4904 2 
56 2 
6072 2 
4578 2 
3315 2 
1141 2 
2596 2 
3326 2 
3924 2 
4261 2 
5062 2 
6263 2 
6127 2 
7231 2 
3039 2 
1696 2 
4122 2 
4164 2 
295 2 
796 2 
509 2 
2625 2 
5132 2 
3 2 
6628 2 
6837 2 
2369 2 
2499 2 
2458 2 
5855 2 
4970 2 
3896 2 
4392 2 
2044 2 
4811 2 
4537 2 
1008 2 
5317 2 
358 2 
2093 2 
1926 2 
4418 2 
1265 2 
6250 2 
3949 2 
6800 2 
729 2 
7385 2 
7122 2 
5427 2 
5128 2 
2350 2 
7265 2 
1912 2 
2701 2 
4101 2 
2412 2 
4856 2 
4771 2 
2260 2 
6096 2 
6173 2 
790 2 
3263 2 
4085 2 
4893 2 
4129 2 
2311 2 
862 2 
3587 2 
378 2 
5744 2 
2827 2 
5403 2 
1556 2 
1687 2 
4012 2 
5610 2 
3148 2 
3676 2 
5024 2 
6928 2 
2175 2 
7001 2 
4346 2 
2490 2 
4561 2 
3539 2 
4686 2 
6342 2 
2891 2 
6649 2 
3056 2 
5767 2 
4714 2 
7009 2 
5870 2 
4191 2 
1306 2 
3439 2 
2319 2 
1046 2 
1821 2 
4284 2 
6083 2 
2778 2 
6598 2 
2309 2 
4766 2 
6493 2 
4166 2 
3704 2 
3479 2 
538 2 
5695 2 
2726 2 
5534 2 
3276 2 
5035 2 
5886 2 
6652 2 
7012 2 
2597 2 
1108 2 
6276 2 
955 2 
3838 2 
3122 2 
1003 2 
4210 2 
628 2 
5576 2 
2207 2 
2723 2 
3973 2 
2402 2 
6350 2 
5989 2 
3217 2 
203 2 
5786 2 
7222 2 
782 2 
2029 2 
1470 2 
5327 2 
5842 2 
4508 2 
6079 2 
7261 2 
676 2 
2722 2 
3445 2 
4880 2 
2156 2 
3234 2 
6243 2 
6074 2 
1723 2 
5970 2 
1797 2 
1478 2 
2406 2 
5866 2 
5697 2 
5730 2 
2594 2 
2652 2 
1058 2 
4996 2 
409 2 
338 2 
1772 2 
6766 2 
4287 2 
4547 2 
3376 2 
5038 2 
6422 2 
5977 2 
6365 2 
1785 2 
2236 2 
5763 2 
1965 2 
6300 2 
4972 2 
6269 2 
3519 2 
6764 2 
6696 2 
6284 2 
2946 2 
6743 2 
6231 2 
2732 2 
6874 2 
4104 2 
2528 2 
3933 2 
3236 2 
1238 2 
495 2 
5718 2 
5318 2 
7203 2 
680 2 
2255 2 
954 2 
3016 2 
7218 2 
5973 2 
1668 2 
3758 2 
5806 2 
2167 2 
3604 2 
1862 2 
5425 2 
3905 2 
5891 2 
2482 2 
674 2 
4507 2 
7025 2 
5764 2 
4378 2 
4417 2 
5251 2 
3557 2 
2040 2 
6066 2 
1174 2 
3302 2 
3075 2 
3130 2 
3136 2 
575 2 
1056 2 
5732 2 
5735 2 
2908 2 
2370 2 
6909 2 
1847 2 
4107 2 
6116 2 
535 2 
1616 2 
3223 2 
3640 2 
2114 2 
1224 2 
4098 2 
4878 2 
4619 2 
4731 2 
3157 2 
2505 2 
6191 2 
2243 2 
2375 2 
4259 2 
2834 2 
6611 2 
4489 2 
1664 2 
2386 2 
5679 2 
6319 2 
2628 2 
5462 2 
1585 2 
1256 2 
6787 2 
4558 2 
1260 2 
5893 2 
592 2 
1689 2 
4685 2 
4294 2 
2143 2 
4716 2 
6326 2 
364 2 
3863 2 
2996 2 
3182 2 
4515 2 
168 2 
5594 2 
1513 2 
2081 2 
6604 2 
3300 2 
7004 2 
2171 2 
1938 2 
3316 2 
909 2 
2575 2 
4788 2 
343 2 
1551 2 
5844 2 
5737 2 
3779 2 
5279 2 
5016 2 
5725 2 
3561 2 
4500 2 
3401 2 
3620 2 
2776 2 
761 2 
5228 2 
4903 2 
6097 2 
889 2 
3452 2 
3719 2 
3727 2 
1706 2 
4892 2 
5723 2 
1967 2 
4922 2 
798 2 
1702 2 
5915 2 
4550 2 
6201 2 
3636 2 
6228 2 
1593 2 
1851 2 
3357 2 
1861 2 
5523 2 
6131 2 
1471 2 
6657 2 
5603 2 
351 2 
3853 2 
6712 2 
4901 2 
2395 2 
3059 2 
653 2 
1725 2 
4430 2 
2201 2 
3667 2 
275 2 
2509 2 
1344 2 
6251 2 
4058 2 
4306 2 
3466 2 
3042 2 
1911 2 
1574 2 
613 2 
5170 2 
3143 2 
6460 2 
3219 2 
6093 2 
2440 2 
6287 2 
5769 2 
2448 2 
5530 2 
2325 2 
1095 2 
257 2 
959 2 
4228 2 
3819 2 
2751 2 
2071 2 
3031 2 
4093 2 
4688 2 
4307 2 
5567 2 
30 2 
3694 2 
5477 2 
4138 2 
4049 2 
6504 2 
4617 2 
435 2 
354 2 
2062 2 
4442 2 
5532 2 
3061 2 
4163 2 
7307 2 
4870 2 
6987 2 
7040 2 
521 2 
4399 2 
6755 2 
6552 2 
5237 2 
5027 2 
3513 2 
1274 2 
6588 2 
548 2 
6861 2 
3347 2 
2004 2 
3264 2 
3989 2 
5211 2 
5461 2 
3205 2 
5082 2 
6575 2 
6912 2 
4215 2 
1436 2 
4143 2 
2364 2 
5431 2 
4799 2 
3697 2 
2519 2 
995 2 
4596 2 
6029 2 
2766 2 
3286 2 
7335 2 
6258 2 
1786 2 
6812 2 
7026 2 
6085 2 
1012 2 
6145 2 
2617 2 
3991 2 
1718 2 
5634 2 
3163 2 
3145 2 
1530 2 
2159 2 
6006 2 
3472 2 
6002 2 
301 2 
6206 2 
2550 2 
4170 2 
758 2 
1189 2 
4830 2 
2924 2 
3403 2 
5282 2 
5252 2 
4412 2 
2330 2 
2363 2 
2663 2 
4211 3 
2989 3 
5800 3 
3848 3 
1014 3 
2622 3 
2531 3 
625 3 
2643 3 
5751 3 
4384 3 
4582 3 
3993 3 
3281 3 
2699 3 
3803 3 
3238 3 
2603 3 
3960 3 
412 3 
4602 3 
3209 3 
6255 3 
5979 3 
3679 3 
2306 3 
4132 3 
7098 3 
4344 3 
1764 3 
3431 3 
2227 3 
2953 3 
777 3 
417 3 
4360 3 
4110 3 
2741 3 
1011 3 
4312 3 
844 3 
1315 3 
2020 3 
5136 3 
4088 3 
860 3 
6004 3 
3477 3 
2739 3 
2339 3 
4747 3 
3049 3 
2991 3 
466 3 
5242 3 
4616 3 
3579 3 
6565 3 
303 3 
2361 3 
2225 3 
1595 3 
1241 3 
5993 3 
2914 3 
5583 3 
4477 3 
2546 3 
5969 3 
5890 3 
3150 3 
3258 3 
5949 3 
4741 3 
1987 3 
698 3 
797 3 
1890 3 
2881 3 
619 3 
4658 3 
6584 3 
1196 3 
3629 3 
4985 3 
1120 3 
4282 3 
6602 3 
1654 3 
1221 3 
2870 3 
1442 3 
7296 3 
2064 3 
5302 3 
6080 3 
5052 3 
1520 3 
6030 3 
4226 3 
2455 3 
5548 3 
5494 3 
2202 3 
864 3 
1232 3 
675 3 
2094 3 
1549 3 
3768 3 
4586 3 
4564 3 
4447 3 
3086 3 
5755 3 
3055 3 
1699 3 
3503 3 
6532 3 
2137 3 
1683 3 
184 3 
1829 3 
2085 3 
4962 3 
429 3 
3843 3 
2819 3 
2667 3 
2599 3 
2777 3 
5139 3 
4229 3 
6001 3 
5827 3 
4021 3 
555 3 
4324 3 
2832 3 
7207 3 
4841 3 
1645 3 
5813 3 
5714 3 
4501 3 
1700 3 
4935 3 
6811 3 
1262 3 
2120 3 
2927 3 
5296 3 
6810 3 
803 3 
1879 3 
2822 3 
1373 3 
7269 3 
4178 3 
2578 3 
7137 3 
6942 3 
6653 3 
3294 3 
136 3 
6014 3 
3036 3 
3471 3 
7341 3 
4415 3 
4952 3 
2209 3 
4275 3 
1042 3 
2841 3 
3738 3 
5347 3 
6534 3 
5195 3 
2943 3 
2847 3 
1021 3 
6695 3 
3607 3 
4003 3 
2781 3 
6864 3 
4165 3 
2394 3 
982 3 
6426 3 
1533 3 
3825 3 
1866 3 
5620 3 
2984 3 
4239 3 
4517 3 
2564 3 
2826 3 
1735 3 
1204 3 
4730 3 
6389 3 
6141 3 
2102 3 
3890 3 
1258 3 
3052 3 
6150 3 
1031 3 
5501 3 
4748 3 
1332 3 
6055 3 
3082 3 
2147 3 
6294 3 
3664 3 
6171 3 
1325 3 
3568 3 
3902 3 
2083 3 
3842 3 
2503 3 
5822 3 
820 3 
4270 3 
5511 3 
4905 3 
1976 3 
6238 3 
6474 3 
3705 3 
3025 3 
1000 3 
899 3 
5463 3 
560 3 
2037 3 
5972 3 
4886 3 
2551 3 
6235 3 
5414 3 
404 3 
2676 3 
2842 3 
1027 3 
6172 3 
4659 3 
4134 3 
668 3 
5309 3 
39 3 
5971 3 
6385 3 
2513 3 
4319 3 
5702 3 
5006 3 
2874 3 
6310 3 
4576 3 
923 3 
3716 3 
6021 3 
5562 3 
5655 3 
2467 3 
4812 3 
2845 3 
802 3 
1553 3 
1760 3 
1572 3 
1547 3 
3662 3 
2965 3 
944 3 
2854 3 
6108 3 
5596 3 
1603 3 
6839 3 
6339 3 
3458 3 
1933 3 
2871 3 
4094 3 
2817 3 
2118 3 
2971 3 
3091 3 
3496 3 
6660 3 
4000 3 
6501 3 
3505 3 
2496 3 
5336 3 
4790 3 
6230 3 
1636 3 
5887 3 
1606 3 
359 3 
4351 3 
1567 3 
6650 3 
905 3 
4860 3 
3739 3 
3502 3 
659 3 
3319 3 
1359 3 
3908 3 
3289 3 
6433 3 
5608 3 
7000 3 
6702 3 
4940 3 
5936 3 
3199 3 
4290 3 
6798 3 
3460 3 
6408 3 
3981 3 
5028 3 
6259 3 
4530 3 
5612 3 
1621 3 
3903 3 
1167 3 
1684 3 
1558 3 
2245 3 
1249 3 
3646 3 
1118 3 
3408 3 
888 3 
3774 3 
4587 3 
3343 3 
3593 3 
1187 3 
1752 3 
6687 3 
3818 3 
711 3 
3295 3 
2623 3 
2540 3 
4918 3 
1507 3 
1783 3 
5652 3 
2686 3 
6133 3 
4186 3 
730 3 
6893 3 
3193 3 
4074 3 
5005 3 
6316 3 
3167 3 
5580 3 
3639 3 
829 3 
1237 3 
5686 3 
3729 3 
4611 3 
1809 3 
6026 3 
5888 3 
4201 3 
5605 3 
5161 3 
3877 3 
6106 3 
4400 3 
4827 3 
3341 3 
2692 3 
1410 3 
1086 3 
1767 3 
3918 3 
5598 3 
326 3 
2284 3 
655 3 
3610 3 
4200 3 
459 3 
2096 3 
7134 3 
3732 3 
470 3 
4857 3 
2312 3 
5932 3 
205 3 
6214 3 
2200 3 
5522 3 
145 3 
5830 3 
4637 3 
423 3 
3764 3 
4494 3 
1583 3 
186 3 
348 3 
2904 3 
6622 3 
4433 3 
1936 3 
5114 3 
4653 3 
1445 3 
5645 3 
6157 3 
853 3 
4428 3 
4463 3 
3509 3 
2492 3 
2413 3 
369 3 
1128 3 
67 3 
651 3 
707 3 
6303 3 
6481 3 
1543 3 
1991 3 
3809 3 
920 3 
380 3 
3351 3 
3500 3 
3807 3 
3669 3 
1745 3 
1198 3 
3770 3 
1024 3 
3390 3 
3158 3 
191 3 
1151 3 
6229 3 
3160 3 
6498 3 
4503 3 
3514 3 
1508 3 
4945 3 
4752 3 
658 3 
6793 3 
4523 3 
6613 3 
2537 3 
387 3 
2457 3 
4794 3 
2606 3 
984 3 
3128 3 
3392 3 
4091 3 
6881 3 
4030 3 
6645 3 
2639 3 
2452 3 
2518 3 
2242 3 
4172 3 
1322 3 
4717 3 
3616 3 
75 3 
902 3 
728 3 
2074 3 
443 3 
4237 3 
249 3 
6254 3 
2961 3 
1744 3 
4131 3 
2018 3 
3442 3 
3542 3 
6148 3 
3797 3 
4459 3 
705 3 
1388 3 
1952 3 
3771 3 
1941 3 
2134 3 
6306 3 
5537 3 
1996 3 
4380 3 
83 3 
941 3 
5669 3 
125 3 
3971 3 
3058 3 
2608 3 
2280 3 
3972 3 
3324 3 
6832 3 
2237 3 
4077 3 
580 3 
6818 3 
4189 3 
6778 3 
1170 3 
2389 3 
1253 3 
6292 3 
4600 3 
2997 3 
3404 3 
5958 3 
6533 3 
2127 3 
5272 3 
1852 3 
4383 3 
3801 3 
975 3 
2418 3 
2141 3 
2461 3 
3222 3 
5366 3 
2053 3 
4358 3 
3201 3 
5747 3 
3634 3 
1277 3 
5395 3 
5247 3 
5149 3 
2718 3 
1375 3 
5215 3 
800 3 
5964 3 
3806 3 
4028 3 
3272 3 
6862 3 
760 3 
2365 3 
1817 3 
3108 3 
2592 3 
3614 3 
3178 3 
1726 3 
1185 3 
5918 3 
2798 3 
4535 3 
3325 3 
1288 3 
1586 3 
3823 3 
4807 3 
1383 3 
764 3 
3106 3 
1762 3 
4953 3 
4396 3 
819 3 
2951 3 
333 3 
4174 3 
5002 3 
2320 3 
1949 3 
4553 3 
1481 3 
1917 3 
195 3 
3418 3 
1173 3 
5956 3 
2913 3 
3053 3 
5726 3 
3928 3 
5155 3 
92 3 
1423 3 
6252 3 
5590 3 
3119 3 
255 3 
3815 3 
3930 3 
20 3 
463 3 
2620 3 
1569 3 
3051 3 
3400 3 
1691 3 
3177 3 
1806 3 
2651 3 
589 3 
5026 3 
2807 3 
6101 3 
526 3 
3478 3 
166 3 
3099 3 
4159 3 
1859 3 
2985 3 
2585 3 
1581 3 
5687 3 
1983 3 
155 3 
1456 3 
3360 3 
5961 3 
2188 3 
4625 3 
1472 3 
5663 3 
394 3 
3187 3 
3268 3 
3246 3 
4336 3 
1078 3 
817 3 
5093 3 
2812 3 
2664 3 
1814 3 
2879 3 
616 3 
2613 3 
47 3 
4912 3 
6933 3 
4296 3 
5743 3 
856 3 
2743 3 
2646 3 
1973 3 
4887 3 
956 3 
2396 3 
3449 3 
360 3 
68 3 
2930 3 
5692 3 
1235 3 
292 3 
5260 3 
2995 3 
1160 3 
2779 3 
1674 3 
1094 3 
2684 3 
3686 3 
4126 3 
6549 3 
1468 3 
3356 3 
2262 3 
813 3 
427 3 
2616 3 
2371 3 
496 3 
5526 3 
4765 3 
1488 3 
2508 3 
2107 3 
2655 3 
3612 3 
3741 3 
3626 3 
4966 3 
425 3 
1190 3 
4063 3 
5426 3 
5872 3 
4310 3 
627 3 
353 3 
297 3 
4663 3 
3046 3 
4327 3 
306 3 
2158 3 
1454 3 
6221 3 
469 3 
2884 3 
2785 3 
4081 3 
3184 3 
3011 3 
3441 3 
2272 3 
5563 3 
3339 3 
1662 3 
4995 3 
2108 3 
253 3 
2300 3 
3690 3 
1291 3 
2160 3 
970 3 
5817 3 
1685 3 
3188 3 
1400 3 
5381 3 
1127 3 
2028 3 
3778 3 
5169 3 
2109 3 
7320 3 
699 3 
4834 3 
4054 3 
6646 3 
123 3 
3858 3 
2015 3 
1707 3 
912 3 
3225 3 
2648 3 
3613 3 
2715 3 
6424 3 
1040 3 
1887 3 
6458 3 
1532 3 
2828 3 
2815 3 
4920 3 
2642 3 
6785 3 
3791 3 
1175 3 
4263 3 
1536 3 
2302 3 
3229 3 
3484 3 
6244 3 
3195 3 
4687 3 
3927 3 
4946 3 
4908 3 
1677 3 
3094 3 
5698 3 
693 3 
6788 3 
1724 3 
6240 3 
4329 3 
1455 3 
2668 3 
2838 3 
3835 3 
5360 3 
3429 3 
6482 3 
4532 3 
4425 3 
948 3 
3837 3 
3974 3 
1756 3 
5923 3 
3756 3 
1092 3 
3490 3 
4032 3 
3072 3 
4004 3 
1554 3 
1060 3 
3994 3 
419 3 
690 3 
1428 3 
1268 3 
3287 3 
6887 3 
2265 3 
3548 3 
2208 3 
1032 3 
4621 3 
1548 3 
1830 3 
48 3 
3864 3 
837 3 
1197 3 
5935 3 
94 3 
953 3 
3147 3 
6142 3 
3538 3 
4684 3 
2092 3 
2304 3 
2619 3 
1977 3 
2782 3 
3541 3 
7330 3 
846 3 
5545 3 
2942 3 
6440 3 
2905 3 
540 3 
3501 3 
4816 3 
2610 3 
3378 3 
182 3 
375 3 
1657 3 
1431 3 
1434 3 
158 3 
196 3 
5315 3 
3120 3 
1093 3 
4121 3 
5711 3 
410 3 
2661 3 
3515 3 
5845 3 
2217 3 
6322 3 
5680 3 
598 3 
1366 3 
3113 3 
6926 3 
4546 3 
3944 3 
4913 3 
2557 3 
2075 3 
5807 3 
7370 3 
3270 3 
251 3 
3880 3 
4957 3 
6046 3 
3453 3 
5137 3 
6059 3 
1363 3 
1389 3 
1441 3 
220 3 
5991 3 
2844 3 
4775 3 
2362 3 
2142 3 
1246 3 
3244 3 
3331 3 
6914 3 
5748 3 
5589 3 
3425 3 
5984 3 
3793 3 
3435 3 
1584 3 
961 3 
337 3 
2665 3 
4521 3 
3618 3 
2331 3 
1188 3 
14 3 
5066 3 
27 3 
717 3 
1129 3 
2429 3 
1213 3 
2670 3 
3885 3 
7185 3 
874 3 
5402 3 
6619 3 
3731 3 
1300 3 
2266 3 
4015 3 
2956 3 
5812 3 
5898 3 
2604 3 
1804 3 
963 3 
2584 3 
4451 3 
1370 3 
4670 3 
4097 3 
3191 3 
5520 3 
918 3 
2058 3 
4152 3 
2046 3 
1712 3 
4743 3 
3043 3 
3572 3 
250 3 
4921 3 
6859 3 
5047 3 
2988 3 
2035 3 
1813 3 
5597 3 
325 3 
2630 3 
5974 3 
3824 3 
3776 3 
3260 3 
6159 3 
1496 3 
624 3 
2233 3 
4559 3 
6469 3 
4040 3 
3103 3 
5340 3 
6345 3 
6400 3 
1960 3 
4291 3 
218 3 
6406 3 
3050 3 
1335 3 
630 3 
788 3 
4405 3 
7106 3 
2563 3 
2360 3 
6855 3 
5875 3 
6163 3 
1310 3 
5621 3 
19 3 
6052 3 
5674 3 
396 3 
1199 3 
4069 3 
5715 3 
5896 3 
1 3 
2177 3 
6825 3 
3875 3 
5217 3 
2103 3 
1604 3 
2155 3 
111 3 
1881 3 
4153 3 
927 3 
2635 3 
5460 3 
2703 3 
5911 3 
2252 3 
2530 3 
1795 3 
6517 3 
3585 3 
6236 3 
3175 3 
5392 3 
5749 3 
6132 3 
5200 3 
6168 3 
3422 3 
3076 3 
810 3 
5929 3 
4994 3 
2725 3 
6057 3 
836 3 
3498 3 
1019 3 
3239 3 
3777 3 
16 3 
5924 3 
206 3 
4114 3 
89 3 
382 3 
6664 3 
885 3 
6312 3 
2787 3 
2693 3 
571 3 
4853 3 
1116 3 
1493 3 
898 3 
3482 3 
2548 3 
4864 3 
448 3 
6872 3 
3591 3 
3299 3 
3524 3 
5604 3 
1450 3 
697 3 
687 3 
3455 3 
5894 3 
3015 3 
33 3 
3332 3 
938 3 
4128 3 
270 3 
6412 3 
4768 3 
3966 3 
2547 3 
3786 3 
5519 3 
1132 3 
4019 3 
1338 3 
5986 3 
3913 3 
446 3 
5706 3 
1247 3 
3745 3 
3674 3 
5565 3 
2780 3 
41 3 
1194 3 
480 3 
21 3 
2151 3 
3659 3 
6732 3 
2229 3 
6335 3 
704 3 
3725 3 
2945 3 
5967 3 
2633 3 
6336 3 
826 3 
618 3 
460 3 
6391 3 
4624 3 
2992 3 
2731 3 
2047 3 
3663 3 
5193 3 
3336 3 
578 3 
1314 3 
3456 3 
6578 3 
1947 3 
1564 3 
4454 3 
1855 3 
701 3 
1176 3 
6567 3 
1209 3 
2682 3 
104 3 
1578 3 
3010 3 
1318 3 
370 3 
3170 3 
2650 3 
1298 3 
2695 3 
388 3 
1240 3 
197 3 
2095 3 
2495 3 
3140 3 
3138 3 
2410 3 
2609 3 
2342 3 
1943 3 
5213 3 
1381 3 
4445 3 
6554 3 
4100 3 
2184 3 
5587 3 
1625 3 
3494 3 
1885 3 
1485 3 
4389 3 
712 3 
5707 3 
1832 3 
4010 3 
4267 3 
1850 3 
3161 3 
1124 3 
2091 3 
5019 3 
3144 3 
771 3 
2010 3 
2806 3 
1864 3 
3554 3 
3552 3 
4539 3 
6121 3 
2430 3 
4299 3 
77 3 
2269 3 
2343 3 
2802 3 
4988 3 
1771 3 
3750 3 
2735 3 
4061 3 
2800 3 
851 3 
1542 3 
1317 3 
273 3 
2814 3 
3897 3 
599 3 
4258 3 
3847 3 
2113 3 
1498 3 
5266 3 
621 3 
6699 3 
1494 3 
1001 3 
1004 3 
4045 3 
2690 3 
2644 3 
1452 3 
2940 3 
3733 3 
2279 3 
517 3 
487 3 
3172 3 
3142 3 
5049 3 
4375 3 
421 3 
1085 3 
649 3 
5595 3 
1479 3 
946 3 
3240 3 
1330 3 
6091 3 
881 3 
943 3 
2276 3 
770 3 
1088 3 
996 3 
3432 3 
5450 3 
6388 3 
1206 3 
3977 3 
505 3 
3395 3 
2647 3 
5194 3 
474 3 
7108 3 
1449 3 
834 3 
620 3 
1511 3 
1447 3 
2977 3 
1505 3 
3406 3 
835 3 
3708 3 
3775 3 
5085 3 
2511 3 
193 3 
3488 3 
2876 3 
7029 3 
4435 3 
2507 3 
2919 3 
1743 3 
512 3 
4013 3 
1634 3 
878 3 
4160 3 
6033 3 
2123 3 
6462 3 
1006 3 
1635 3 
345 3 
3420 3 
2341 3 
5515 3 
1757 3 
523 3 
4177 3 
1877 3 
5908 3 
1299 3 
3463 3 
1729 3 
4720 3 
424 3 
2933 3 
2972 3 
4979 3 
6506 3 
1815 3 
3070 3 
895 3 
794 3 
1972 3 
2408 3 
722 3 
1576 3 
1727 3 
4648 3 
1561 3 
5947 3 
1267 3 
2055 3 
5651 3 
93 3 
4064 3 
807 3 
1738 3 
6607 3 
1944 3 
4498 3 
1840 3 
5671 3 
3237 3 
558 3 
5160 3 
532 3 
3220 3 
4207 3 
305 3 
733 3 
2963 3 
1728 3 
2376 3 
1611 3 
2014 3 
1393 3 
1968 3 
1413 3 
1901 3 
3878 3 
3520 3 
3675 3 
2090 3 
2589 3 
900 3 
1961 3 
37 3 
3782 3 
5839 3 
5055 3 
7212 3 
6115 3 
4257 3 
4939 3 
2174 3 
2078 3 
3746 3 
5112 3 
426 3 
6008 3 
3506 3 
5178 3 
1903 3 
601 3 
5941 3 
2494 3 
1029 3 
1934 3 
4551 3 
2788 3 
6329 3 
3328 3 
557 3 
5631 3 
1329 3 
746 3 
1275 3 
2900 3 
3243 3 
891 3 
6685 3 
5920 3 
567 3 
792 3 
5828 3 
1758 3 
238 3 
1090 3 
445 3 
3232 3 
45 3 
2110 3 
503 3 
6169 3 
2240 3 
5897 3 
262 3 
5629 3 
128 3 
610 3 
2860 3 
2911 3 
2734 3 
4869 3 
4449 3 
390 3 
5750 3 
3068 3 
2126 3 
1081 3 
4075 3 
1627 3 
1200 3 
1302 3 
6707 3 
1158 3 
3282 3 
1013 3 
3932 3 
1653 3 
732 3 
1600 3 
831 3 
3615 3 
3262 3 
858 3 
3852 3 
4382 3 
1070 3 
3346 3 
1149 3 
3622 3 
1899 3 
3098 3 
3606 3 
264 3 
5446 3 
1097 3 
3998 3 
1920 3 
1659 3 
2021 3 
3417 3 
1155 3 
485 3 
524 3 
3174 3 
4016 3 
951 3 
1831 4 
6165 4 
5649 4 
4692 4 
715 4 
2196 4 
3844 4 
1610 4 
1939 4 
4403 4 
293 4 
3131 4 
2588 4 
5811 4 
3987 4 
4643 4 
934 4 
2462 4 
4017 4 
236 4 
3914 4 
324 4 
1749 4 
1709 4 
5850 4 
930 4 
2367 4 
2813 4 
2567 4 
3680 4 
1280 4 
5472 4 
2314 4 
1307 4 
5940 4 
731 4 
2036 4 
2570 4 
1357 4 
1048 4 
1816 4 
2517 4 
1978 4 
335 4 
6585 4 
2514 4 
950 4 
5797 4 
103 4 
6394 4 
2936 4 
1529 4 
1998 4 
1404 4 
2729 4 
1279 4 
801 4 
686 4 
2030 4 
5380 4 
776 4 
3139 4 
865 4 
3006 4 
172 4 
5617 4 
2944 4 
141 4 
2947 4 
1759 4 
2801 4 
414 4 
1688 4 
1755 4 
3976 4 
4086 4 
5268 4 
935 4 
420 4 
1432 4 
3426 4 
1422 4 
4171 4 
1661 4 
1825 4 
2032 4 
261 4 
2024 4 
2079 4 
5752 4 
3700 4 
1753 4 
1617 4 
5774 4 
2449 4 
3447 4 
3658 4 
144 4 
1975 4 
2140 4 
4436 4 
506 4 
3647 4 
2122 4 
4733 4 
1451 4 
1615 4 
5704 4 
5051 4 
5050 4 
1522 4 
1465 4 
373 4 
1857 4 
2559 4 
290 4 
3162 4 
2084 4 
1365 4 
4365 4 
2738 4 
4522 4 
1233 4 
1670 4 
1834 4 
1429 4 
3379 4 
673 4 
2916 4 
2317 4 
3532 4 
84 4 
4608 4 
219 4 
6019 4 
2677 4 
1287 4 
3129 4 
695 4 
2649 4 
3312 4 
405 4 
371 4 
5821 4 
2447 4 
4826 4 
5616 4 
2246 4 
2966 4 
2197 4 
1361 4 
355 4 
1195 4 
377 4 
1628 4 
972 4 
1490 4 
1708 4 
1607 4 
639 4 
3566 4 
2837 4 
3996 4 
1678 4 
2979 4 
1766 4 
1257 4 
2601 4 
4641 4 
2051 4 
1841 4 
666 4 
5319 4 
1819 4 
4225 4 
3962 4 
2301 4 
3755 4 
1784 4 
1942 4 
2222 4 
1234 4 
3632 4 
2926 4 
2724 4 
4526 4 
5516 4 
188 4 
5245 4 
102 4 
3288 4 
1681 4 
4693 4 
5126 4 
3024 4 
1161 4 
4798 4 
591 4 
1159 4 
1950 4 
5916 4 
3785 4 
702 4 
2579 4 
217 4 
1407 4 
2962 4 
147 4 
1647 4 
2691 4 
5787 4 
1792 4 
4620 4 
2453 4 
2742 4 
585 4 
5994 4 
2381 4 
1777 4 
5173 4 
1839 4 
4679 4 
6182 4 
4656 4 
5876 4 
4416 4 
1988 4 
3044 4 
2250 4 
1180 4 
2968 4 
2042 4 
3081 4 
1982 4 
997 4 
1486 4 
3117 4 
334 4 
110 4 
1500 4 
4544 4 
2189 4 
657 4 
118 4 
816 4 
2687 4 
1644 4 
1552 4 
833 4 
3430 4 
4868 4 
1948 4 
4314 4 
3405 4 
2344 4 
985 4 
958 4 
1666 4 
2681 4 
1737 4 
3156 4 
4027 4 
692 4 
1251 4 
999 4 
1570 4 
5862 4 
1289 4 
357 4 
3250 4 
2627 4 
573 4 
344 4 
2736 4 
6177 4 
814 4 
3079 4 
452 4 
6027 4 
1474 4 
1115 4 
2590 4 
1211 4 
2353 4 
246 4 
2774 4 
1225 4 
160 4 
5819 4 
3780 4 
2595 4 
5482 4 
58 4 
4048 4 
1739 4 
2034 4 
2039 4 
1587 4 
1457 4 
1133 4 
4813 4 
2275 4 
1096 4 
1763 4 
2923 4 
1837 4 
4421 4 
1408 4 
2536 4 
1720 4 
1499 4 
681 4 
2324 4 
1453 4 
3528 4 
226 4 
2340 4 
5854 4 
525 4 
22 4 
1908 4 
3812 4 
3254 4 
438 4 
4338 4 
1156 4 
2631 4 
471 4 
1776 4 
2864 4 
3168 4 
804 4 
2612 4 
1020 4 
5046 4 
1443 4 
2119 4 
3948 4 
637 4 
6102 4 
1044 4 
3155 4 
416 4 
314 4 
2498 4 
1846 4 
1882 4 
6109 4 
3111 4 
2115 4 
1398 4 
2125 4 
3321 4 
302 4 
737 4 
5301 4 
1350 4 
911 4 
269 4 
5881 4 
1119 4 
108 4 
2473 4 
1276 4 
5689 4 
2359 4 
114 4 
1969 4 
2717 4 
4595 4 
2405 4 
2373 4 
932 4 
652 4 
1665 4 
2805 4 
1433 4 
5615 4 
537 4 
5512 4 
4574 4 
2816 4 
3702 4 
1327 4 
2673 4 
2264 4 
588 4 
1035 4 
581 4 
165 4 
5810 4 
402 4 
4231 4 
1796 4 
475 4 
6007 4 
3101 4 
2253 4 
2488 4 
1775 4 
5524 4 
71 4 
2902 4 
183 4 
1154 4 
586 4 
6265 4 
288 4 
5285 4 
2399 4 
840 4 
1868 4 
4476 4 
181 4 
1994 4 
643 4 
130 4 
179 4 
169 4 
55 4 
4654 4 
720 4 
1865 4 
372 4 
2618 4 
1835 4 
2851 4 
2990 4 
2041 4 
3953 4 
3721 4 
1624 4 
1417 4 
873 4 
4613 4 
3433 4 
1052 4 
15 4 
828 4 
162 4 
6149 4 
2489 4 
1904 4 
3826 4 
971 4 
176 4 
38 4 
4060 4 
18 4 
1390 4 
1993 4 
5566 4 
4792 4 
2391 4 
679 4 
709 4 
5757 4 
342 4 
2224 4 
1269 4 
134 4 
1220 4 
1239 4 
577 4 
346 4 
178 4 
1630 4 
2226 4 
2157 4 
3730 4 
809 4 
2283 4 
1102 4 
2135 4 
660 4 
925 4 
1673 4 
4007 4 
641 4 
2858 4 
1292 4 
1591 4 
694 4 
2185 4 
5591 4 
842 4 
3251 4 
1036 4 
3660 4 
6082 4 
5376 4 
310 4 
880 4 
1079 4 
5504 4 
978 4 
4197 4 
2057 4 
3110 4 
3763 4 
3957 4 
5856 4 
2710 4 
5135 4 
689 4 
1672 4 
1619 4 
3200 4 
437 4 
910 4 
3717 4 
1324 4 
550 4 
2912 4 
2746 4 
559 4 
1503 4 
174 4 
1484 4 
453 4 
725 4 
5541 4 
233 4 
1264 4 
551 4 
190 4 
3307 4 
1722 4 
775 4 
1800 4 
2931 4 
3845 4 
500 4 
1946 4 
2299 4 
1896 4 
5405 4 
8 4 
1236 4 
2082 4 
2520 4 
2569 4 
2152 4 
648 4 
1889 4 
957 4 
2786 4 
1380 4 
5794 4 
4610 4 
2561 4 
207 4 
4825 4 
413 4 
654 4 
2705 4 
2313 4 
969 4 
5802 4 
131 4 
1905 4 
2112 4 
1631 4 
2256 4 
2428 4 
2654 4 
1341 4 
363 4 
570 4 
1227 4 
1534 4 
1502 4 
1273 4 
2297 4 
2522 4 
1639 4 
1342 4 
4614 4 
3530 4 
5650 4 
1596 4 
1575 4 
608 4 
5829 4 
714 4 
543 4 
2138 4 
2277 4 
767 4 
642 4 
1560 4 
1050 4 
2186 4 
1354 4 
536 4 
986 4 
1693 4 
1477 4 
1463 4 
2345 4 
4387 4 
91 4 
5795 4 
4184 4 
2472 4 
6084 4 
1568 4 
1386 4 
3990 4 
4934 4 
1098 4 
1782 4 
876 4 
2678 4 
3020 4 
2232 4 
2417 4 
349 4 
2572 4 
1660 4 
272 4 
2215 4 
1308 4 
3062 4 
1026 4 
1985 4 
328 4 
2043 4 
3026 4 
229 4 
2481 4 
1065 4 
5927 4 
391 4 
3330 4 
4533 4 
2164 4 
3597 4 
1731 4 
327 4 
59 4 
1250 4 
3799 4 
1091 4 
1137 4 
5593 4 
759 4 
309 4 
2195 4 
979 4 
4041 4 
2574 4 
90 4 
4847 4 
821 4 
966 4 
964 4 
1334 4 
2328 4 
1399 4 
605 4 
2909 4 
1669 4 
2772 4 
400 4 
96 4 
1169 4 
1849 4 
156 4 
5638 4 
32 4 
515 4 
901 4 
161 4 
861 4 
5432 4 
3368 4 
1504 4 
3598 4 
787 4 
2626 4 
2407 4 
386 4 
531 4 
86 4 
2198 4 
213 4 
4973 4 
2321 4 
703 4 
1242 4 
839 4 
582 4 
1492 4 
882 4 
1068 4 
1690 4 
2460 4 
4885 4 
491 4 
1243 4 
867 4 
529 4 
1157 4 
3642 4 
617 4 
398 4 
3363 4 
408 4 
133 4 
1311 4 
1940 4 
4492 4 
1900 4 
464 4 
2504 4 
5592 4 
622 4 
736 4 
476 4 
565 4 
3040 4 
1928 4 
1594 4 
3872 4 
976 4 
2351 4 
2571 4 
492 4 
6337 4 
1142 4 
1979 4 
1446 4 
952 4 
3154 4 
1409 4 
1765 4 
894 4 
2003 4 
662 4 
415 4 
1482 4 
741 4 
2605 4 
1648 4 
2270 4 
1421 4 
5768 4 
3387 4 
1954 4 
2611 4 
811 4 
1360 4 
65 4 
2795 4 
198 4 
2712 4 
706 4 
1336 4 
81 4 
1067 4 
4495 4 
2247 4 
1367 4 
824 4 
2149 4 
1362 4 
2937 4 
2769 4 
1071 4 
584 4 
245 4 
1082 4 
672 4 
1990 4 
3304 4 
1382 4 
1126 4 
2124 4 
1123 4 
710 4 
230 4 
5543 4 
1957 4 
1680 4 
291 4 
636 4 
1066 4 
493 4 
231 4 
583 4 
4293 4 
600 4 
332 4 
483 4 
1147 4 
2890 4 
647 4 
2193 4 
2154 4 
2600 4 
1650 4 
1487 4 
5233 4 
3310 4 
1705 4 
88 4 
2182 4 
4846 4 
1061 4 
738 4 
3459 4 
1907 4 
554 4 
1675 4 
2214 4 
2054 4 
227 4 
115 4 
1376 4 
1296 4 
1562 4 
719 4 
2308 4 
1162 4 
4401 4 
3166 4 
449 4 
194 4 
137 4 
5871 4 
2704 4 
727 4 
97 4 
1138 4 
428 4 
1192 4 
1537 4 
5581 4 
514 4 
2535 4 
896 4 
2027 4 
716 4 
5599 4 
1953 4 
1426 4 
3230 4 
1641 4 
4649 4 
117 4 
2760 4 
769 4 
256 4 
260 4 
2218 4 
1074 4 
263 4 
1897 4 
1286 4 
3003 4 
5960 4 
3371 4 
2072 4 
1140 4 
1113 4 
3485 4 
1793 4 
1282 4 
4724 4 
827 4 
2105 4 
486 4 
688 4 
2117 4 
2066 4 
242 4 
2624 4 
311 4 
5700 4 
323 4 
239 4 
143 4 
43 4 
2146 4 
1437 4 
2468 4 
1223 4 
132 4 
1034 4 
4167 4 
232 4 
530 4 
3253 4 
2168 4 
2466 4 
2431 4 
1316 4 
5 4 
892 4 
520 4 
1214 4 
2580 4 
547 4 
973 4 
1384 4 
2170 4 
4283 4 
670 4 
2960 4 
1884 4 
66 4 
1612 4 
2076 4 
2374 4 
1041 4 
974 4 
1958 4 
454 4 
1789 4 
274 4 
2607 4 
3525 4 
848 4 
171 4 
3883 4 
2392 4 
5667 4 
2843 4 
1205 4 
1171 4 
1629 4 
5703 4 
1228 4 
2939 4 
907 4 
3382 4 
1919 4 
2166 4 
534 4 
1741 4 
2954 4 
863 4 
3248 4 
1106 4 
2560 4 
494 4 
223 4 
42 4 
926 4 
2298 4 
743 4 
518 4 
691 4 
478 4 
2219 4 
542 4 
5535 4 
1856 4 
883 4 
1371 4 
462 4 
457 4 
942 4 
549 4 
284 4 
1742 4 
4090 4 
1193 4 
5917 4 
2183 4 
1640 4 
411 4 
2409 4 
28 4 
513 4 
1183 4 
3029 4 
3555 4 
431 4 
587 4 
2441 4 
2199 4 
152 4 
631 4 
1178 4 
280 4 
5677 4 
857 4 
635 4 
2978 4 
724 4 
574 4 
392 4 
2674 4 
3196 4 
5739 4 
2901 4 
79 4 
753 4 
2347 4 
682 4 
2136 4 
1403 4 
751 4 
742 4 
1207 4 
1328 4 
623 4 
2268 4 
678 4 
2336 4 
5803 4 
116 4 
330 4 
2855 4 
3037 4 
1679 4 
4035 4 
2510 4 
36 4 
5577 4 
1480 4 
656 4 
4589 4 
3871 4 
2544 4 
1922 4 
62 4 
1244 4 
4568 4 
3134 4 
395 4 
119 4 
393 4 
473 4 
2759 4 
1038 4 
450 4 
667 4 
101 4 
2002 4 
1698 4 
2145 4 
3407 4 
563 4 
2 4 
1651 4 
752 4 
887 4 
1059 4 
3497 4 
2451 4 
2671 4 
2438 4 
5716 4 
1397 4 
4466 4 
78 4 
1270 4 
5673 4 
268 4 
1144 4 
4531 4 
2443 4 
1278 4 
1163 4 
2104 4 
2390 4 
5547 4 
4848 4 
2048 4 
602 4 
2829 4 
1444 4 
1100 4 
11 4 
2761 4 
1084 4 
444 4 
2059 4 
4814 4 
3857 4 
361 4 
1773 4 
307 4 
1414 4 
383 4 
276 4 
1808 4 
1394 4 
300 4 
553 4 
1131 4 
1925 4 
1458 4 
5573 4 
2179 4 
347 4 
756 4 
2116 4 
870 4 
1331 4 
2212 4 
5560 4 
2213 4 
5609 4 
100 4 
1216 4 
5892 4 
762 4 
726 4 
10 4 
2432 4 
9 4 
259 4 
3402 4 
3388 4 
1891 4 
947 4 
3553 4 
779 4 
4729 4 
838 4 
1387 4 
3085 4 
4899 4 
3493 4 
3067 4 
1039 4 
5624 4 
222 4 
1208 4 
367 4 
749 4 
1101 4 
24 4 
967 4 
1304 4 
511 4 
5378 4 
684 4 
2150 4 
458 4 
545 4 
2587 4 
1037 4 
665 4 
308 4 
4339 4 
841 4 
871 4 
3899 4 
379 4 
919 4 
1509 4 
1076 4 
4579 4 
1779 4 
4563 4 
4992 4 
4982 4 
2205 4 
781 4 
289 4 
780 4 
121 4 
1869 4 
5784 4 
316 4 
1913 4 
1579 4 
1222 4 
740 4 
1015 4 
519 4 
987 4 
3767 4 
2249 4 
157 4 
998 4 
2005 4 
823 4 
2894 4 
2153 4 
1476 4 
1168 4 
5571 4 
1719 4 
718 4 
365 4 
1057 4 
72 4 
2698 4 
3884 4 
2100 4 
497 4 
17 4 
1303 4 
267 4 
527 4 
2206 4 
221 4 
3865 4 
1121 4 
2426 4 
5557 4 
1075 4 
1412 4 
2251 4 
2038 4 
734 4 
442 4 
615 4 
1135 4 
1540 4 
418 4 
5696 4 
1080 4 
1902 4 
890 4 
640 4 
1930 4 
2204 4 
593 4 
1339 4 
2525 4 
847 4 
1099 4 
455 4 
765 4 
897 4 
44 4 
1822 4 
2261 4 
1888 4 
683 4 
389 4 
406 4 
993 4 
49 4 
461 4 
271 4 
763 4 
53 4 
318 4 
1637 4 
849 4 
1427 4 
2303 4 
1281 4 
397 4 
2221 4 
1981 4 
385 4 
1355 4 
3096 4 
2748 4 
5734 4 
5533 4 
2132 4 
2295 4 
499 4 
1622 4 
294 4 
501 4 
1599 4 
2026 4 
129 4 
866 4 
2326 4 
70 4 
1010 4 
629 4 
278 4 
3291 4 
1643 4 
990 4 
843 4 
5486 4 
1181 4 
784 4 
447 4 
1364 4 
1515 4 
5607 4 
3821 4 
1054 4 
2554 4 
845 4 
832 4 
1125 4 
1033 4 
225 4 
2450 4 
1153 4 
4154 4 
4516 4 
283 4 
235 4 
1259 4 
917 4 
1652 4 
340 4 
606 4 
1023 4 
4843 4 
852 4 
477 4 
1150 4 
922 4 
362 4 
224 4 
451 4 
1007 4 
439 4 
806 4 
2231 4 
167 4 
1466 4 
1614 4 
2771 4 
374 4 
1028 4 
1717 4 
200 4 
2465 4 
1577 4 
789 4 
1112 4 
1201 4 
146 4 
3314 4 
1894 4 
189 4 
1633 4 
1148 4 
504 4 
212 4 
1231 4 
812 4 
329 4 
456 4 
981 4 
1062 4 
791 4 
321 4 
164 4 
773 4 
5202 4 
757 4 
216 4 
5586 4 
399 4 
1892 4 
57 4 
1002 4 
968 4 
2998 4 
2278 4 
2241 4 
1069 4 
2470 4 
170 4 
350 4 
113 4 
2934 4 
1870 4 
546 4 
721 4 
26 4 
142 4 
304 4 
54 4 
2877 4 
341 4 
384 4 
112 4 
23 4 
1812 4 
539 4 
51 4 
921 4 
126 4 
1656 4 
35 4 
2906 4 
1716 4 
482 4 
1518 4 
2289 4 
916 4 
407 4 
247 4 
5069 4 
879 4 
175 4 
29 4 
312 4 
908 4 
187 4 
1528 4 
772 4 
748 4 
992 4 
1517 4 
945 4 
105 4 
1811 4 
356 4 
150 4 
320 4 
82 4 
52 4 
1087 4 
237 4 
808 4 
472 4 
552 4 
5551 4 
2523 4 
208 4 
2022 4 
279 4 
1638 4 
1285 4 
163 4 
632 4 
2322 4 
3207 4 
1880 4 
331 4 
1110 4 
664 4 
1686 4 
507 4 
490 4 
154 4 
3617 4 
1272 4 
366 4 
650 4 
1294 4 
1963 4 
254 4 
2669 4 
368 4 
818 4 
214 4 
2144 4 
785 4 
1184 4 
3544 4 
604 4 
299 4 
744 4 
13 4 
6 4 
286 4 
1378 4 
240 4 
209 4 
1411 4 
202 4 
1105 4 
61 4 
204 4 
906 4 
2173 4 
661 4 
1671 4 
708 4 
830 4 
139 4 
663 4 
210 4 
76 4 
215 4 
