0 4
1 5
2 3
3 3
4 5
5 5
6 1
7 5
8 5
9 5
10 5
11 2
12 5
13 4
14 5
15 4
16 5
17 5
18 4
19 4
20 4
21 5
22 5
23 5
24 3
25 5
26 4
27 5
28 5
29 3
30 2
31 5
32 4
33 3
34 5
35 5
36 4
37 5
38 4
39 2
40 4
41 5
42 5
43 5
44 4
45 2
46 4
47 4
48 5
49 3
50 5
51 5
52 5
53 5
54 5
55 3
56 5
57 5
58 5
59 3
60 5
61 5
62 1
63 1
64 5
65 5
66 4
67 4
68 3
69 5
70 5
71 5
72 2
73 2
74 4
75 5
76 4
77 5
78 5
79 3
80 5
81 5
82 4
83 5
84 3
85 5
86 3
87 5
88 4
89 5
90 5
91 4
92 4
93 4
94 2
95 5
96 5
97 1
98 1
99 5
100 5
101 5
102 4
103 4
104 5
105 3
106 2
107 5
108 1
109 5
110 4
111 5
112 5
113 5
114 5
115 5
116 5
117 5
118 5
119 3
120 5
121 1
122 4
123 2
124 4
125 5
126 1
127 5
128 5
129 5
130 5
131 5
132 5
133 5
134 3
135 4
136 5
137 2
138 5
139 1
140 5
141 5
142 5
143 5
144 4
145 5
146 5
147 1
148 1
149 5
150 2
151 5
152 1
153 5
154 4
155 5
156 5
157 4
158 2
159 5
160 5
161 5
162 5
163 5
164 5
165 4
166 5
167 3
168 5
169 5
170 5
171 4
172 3
173 5
174 5
175 5
176 1
177 5
178 5
179 3
180 5
181 4
182 5
183 4
184 2
185 4
186 5
187 5
188 5
189 5
190 4
191 1
192 4
193 5
194 4
195 4
196 4
197 5
198 3
199 5
200 3
201 5
202 3
203 5
204 4
205 4
206 5
207 5
208 5
209 5
210 2
211 5
212 5
213 5
214 5
215 5
216 5
217 4
218 5
219 4
220 5
221 5
222 5
223 5
224 5
225 5
226 5
227 1
228 5
229 5
230 5
231 5
232 5
233 2
234 5
235 5
236 5
237 5
238 5
239 5
240 3
241 5
242 1
243 3
244 5
245 5
246 5
247 2
248 4
249 4
250 4
251 3
252 4
253 5
254 4
255 5
256 3
257 2
258 5
259 5
260 4
261 5
262 5
263 5
264 3
265 2
266 5
267 5
268 5
269 4
270 5
271 5
272 4
273 5
274 3
275 5
276 2
277 5
278 5
279 5
280 2
281 1
282 5
283 5
284 3
285 5
286 2
287 5
288 5
289 5
290 5
291 4
292 4
293 5
294 3
295 1
296 4
297 3
298 5
299 5
300 4
301 5
302 3
303 5
304 4
305 4
306 5
307 5
308 5
309 5
310 5
311 5
312 2
313 5
314 2
315 5
316 2
317 5
318 2
319 5
320 5
321 3
322 5
323 5
324 4
325 4
326 5
327 5
328 5
329 5
330 5
331 5
332 4
333 5
334 5
335 3
336 4
337 3
338 2
339 5
340 5
341 5
342 3
343 5
344 4
345 5
346 5
347 4
348 5
349 5
350 3
351 3
352 4
353 3
354 5
355 5
356 5
357 3
358 4
359 4
360 5
361 5
362 5
363 3
364 5
365 5
366 5
367 5
368 4
369 4
370 5
371 5
372 5
373 5
374 4
375 1
376 5
377 3
378 5
379 4
380 3
381 4
382 5
383 5
384 5
385 5
386 4
387 4
388 5
389 5
390 5
391 5
392 5
393 4
394 5
395 4
396 5
397 5
398 5
399 5
400 1
401 5
402 2
403 4
404 5
405 5
406 5
407 5
408 3
409 4
410 5
411 3
412 5
413 5
414 5
415 5
416 3
417 5
418 4
419 5
420 4
421 3
422 4
423 4
424 4
425 4
426 4
427 5
428 4
429 3
430 5
431 1
432 3
433 3
434 3
435 3
436 5
437 5
438 5
439 1
440 2
441 5
442 4
443 5
444 4
445 4
446 5
447 4
448 5
449 5
450 5
451 5
452 5
453 5
454 5
455 5
456 5
457 5
458 4
459 4
460 5
461 5
462 4
463 5
464 1
465 4
466 3
467 1
468 4
469 4
470 5
471 5
472 5
473 4
474 5
475 5
476 5
477 5
478 3
479 4
480 3
481 5
482 5
483 1
484 4
485 5
486 4
487 2
488 1
489 5
490 5
491 5
492 5
493 5
494 3
495 4
496 5
497 3
498 5
499 5
500 5
501 2
502 4
503 5
504 4
505 5
506 5
507 2
508 3
509 3
510 5
511 4
512 5
513 5
514 5
515 3
516 4
517 5
518 5
519 5
520 3
521 2
522 4
523 5
524 5
525 4
526 5
527 3
528 5
529 5
530 5
531 4
532 1
533 5
534 3
535 5
536 5
537 3
538 5
539 4
540 3
541 5
542 5
543 1
544 5
545 5
546 5
547 3
548 5
549 5
550 5
551 5
552 5
553 5
554 4
555 1
556 4
557 4
558 5
559 4
560 2
561 3
562 5
563 2
564 5
565 3
566 4
567 1
568 1
569 5
570 4
571 1
572 5
573 5
574 3
575 1
576 5
577 4
578 2
579 4
580 5
581 5
582 5
583 5
584 5
585 5
586 5
587 5
588 4
589 3
590 5
591 3
592 5
593 2
594 1
595 1
596 1
597 4
598 4
599 5
600 5
601 5
602 1
603 5
604 5
605 5
606 2
607 5
608 1
609 4
610 2
611 3
612 3
613 2
614 5
615 4
616 5
617 4
618 4
619 4
620 4
621 5
622 5
623 4
624 3
625 3
626 4
627 3
628 5
629 4
630 5
631 5
632 3
633 2
634 5
635 5
636 5
637 2
638 5
639 5
640 5
641 5
642 5
643 2
644 2
645 1
646 5
647 5
648 4
649 5
650 4
651 5
652 3
653 5
654 4
655 5
656 5
657 4
658 4
659 5
660 5
661 5
662 5
663 5
664 5
665 5
666 5
667 4
668 1
669 5
670 2
671 5
672 5
673 3
674 4
675 3
676 2
677 5
678 5
679 3
680 5
681 5
682 5
683 5
684 2
685 5
686 4
687 5
688 5
689 4
690 5
691 5
692 4
693 5
694 5
695 3
696 4
697 4
698 4
699 2
700 4
701 5
702 5
703 4
704 4
705 5
706 4
707 5
708 5
709 5
710 4
711 4
712 2
713 5
714 5
715 5
716 4
717 5
718 5
719 5
720 5
721 4
722 3
723 5
724 5
725 5
726 5
727 4
728 3
729 4
730 5
731 4
732 4
733 5
734 1
735 5
736 5
737 5
738 1
739 5
740 5
741 5
742 5
743 5
744 1
745 4
746 2
747 5
748 5
749 3
750 5
751 5
752 5
753 2
754 3
755 5
756 5
757 3
758 5
759 4
760 3
761 5
762 5
763 4
764 5
765 3
766 5
767 3
768 5
769 4
770 4
771 5
772 5
773 2
774 5
775 5
776 3
777 3
778 5
779 5
780 5
781 3
782 3
783 5
784 5
785 3
786 5
787 4
788 5
789 3
790 5
791 4
792 3
793 4
794 1
795 3
796 4
797 3
798 3
799 4
800 4
801 4
802 4
803 5
804 3
805 5
806 4
807 5
808 5
809 4
810 5
811 5
812 4
813 5
814 2
815 5
816 4
817 5
818 4
819 4
820 5
821 1
822 5
823 5
824 3
825 4
826 5
827 5
828 4
829 5
830 5
831 5
832 5
833 4
834 4
835 4
836 4
837 5
838 5
839 5
840 5
841 5
842 5
843 4
844 5
845 4
846 5
847 5
848 5
849 2
850 4
851 5
852 4
853 3
854 1
855 4
856 5
857 4
858 1
859 3
860 5
861 3
862 5
863 4
864 5
865 5
866 5
867 3
868 2
869 5
870 5
871 3
872 5
873 4
874 1
875 5
876 3
877 4
878 5
879 5
880 4
881 5
882 5
883 3
884 4
885 2
886 5
887 4
888 3
889 5
890 4
891 5
892 3
893 5
894 4
895 5
896 5
897 4
898 4
899 4
900 5
901 4
902 2
903 3
904 4
905 5
906 5
907 5
908 3
909 5
910 5
911 4
912 1
913 2
914 3
915 5
916 5
917 4
918 5
919 4
920 5
921 5
922 4
923 3
924 5
925 5
926 4
927 2
928 1
929 5
930 3
931 5
932 3
933 4
934 5
935 1
936 2
937 4
938 3
939 1
940 4
941 5
942 4
943 4
944 5
945 4
946 5
947 4
948 1
949 5
950 5
951 5
952 4
953 3
954 3
955 4
956 5
957 5
958 3
959 1
960 4
961 2
962 4
963 5
964 2
965 5
966 5
967 5
968 5
969 4
970 5
971 5
972 5
973 5
974 4
975 5
976 2
977 5
978 5
979 3
980 5
981 4
982 2
983 4
984 5
985 5
986 5
987 2
988 2
989 5
990 2
991 5
992 5
993 1
994 3
995 4
996 5
997 5
998 5
999 4
1000 4
1001 5
1002 3
1003 4
1004 3
1005 4
1006 5
1007 3
1008 3
1009 5
1010 3
1011 3
1012 4
1013 4
1014 5
1015 1
1016 1
1017 2
1018 4
1019 5
1020 4
1021 3
1022 5
1023 4
1024 3
1025 5
1026 4
1027 5
1028 4
1029 3
1030 4
1031 4
1032 5
1033 5
1034 5
1035 5
1036 5
1037 5
1038 5
1039 4
1040 5
1041 3
1042 2
1043 5
1044 2
1045 3
1046 2
1047 5
1048 2
1049 5
1050 3
1051 5
1052 1
1053 5
1054 2
1055 3
1056 5
1057 3
1058 5
1059 4
1060 5
1061 5
1062 3
1063 2
1064 5
1065 5
1066 5
1067 5
1068 5
1069 5
1070 5
1071 3
1072 1
1073 5
1074 5
1075 5
1076 3
1077 4
1078 5
1079 5
1080 4
1081 5
1082 3
1083 5
1084 4
1085 4
1086 5
1087 4
1088 3
1089 4
1090 5
1091 4
1092 4
1093 4
1094 3
1095 5
1096 5
1097 5
1098 5
1099 5
1100 5
1101 5
1102 2
1103 3
1104 5
1105 5
1106 2
1107 3
1108 3
1109 5
1110 3
1111 5
1112 5
1113 2
1114 5
1115 4
1116 1
1117 4
1118 5
1119 4
1120 5
1121 1
1122 5
1123 4
1124 5
1125 5
1126 4
1127 4
1128 4
1129 2
1130 5
1131 4
1132 5
1133 2
1134 5
1135 3
1136 5
1137 5
1138 2
1139 5
1140 3
1141 5
1142 3
1143 5
1144 3
1145 2
1146 5
1147 5
1148 5
1149 5
1150 4
1151 1
1152 5
1153 5
1154 4
1155 5
1156 5
1157 4
1158 5
1159 4
1160 5
1161 5
1162 5
1163 3
1164 2
1165 3
1166 4
1167 5
1168 5
1169 4
1170 5
1171 2
1172 4
1173 3
1174 4
1175 4
1176 1
1177 5
1178 3
1179 5
1180 5
1181 2
1182 5
1183 5
1184 4
1185 1
1186 4
1187 4
1188 4
1189 4
1190 2
1191 5
1192 5
1193 4
1194 5
1195 4
1196 4
1197 4
1198 4
1199 5
1200 5
1201 1
1202 3
1203 4
1204 5
1205 4
1206 5
1207 5
1208 4
1209 3
1210 5
1211 1
1212 4
1213 5
1214 1
1215 5
1216 2
1217 3
1218 3
1219 5
1220 4
1221 5
1222 5
1223 3
1224 5
1225 2
1226 5
1227 5
1228 1
1229 1
1230 5
1231 4
1232 5
1233 5
1234 4
1235 5
1236 4
1237 3
1238 5
1239 4
1240 4
1241 5
1242 5
1243 5
1244 3
1245 4
1246 4
1247 2
1248 4
1249 5
1250 5
1251 2
1252 4
1253 2
1254 3
1255 3
1256 5
1257 4
1258 5
1259 3
1260 1
1261 4
1262 2
1263 5
1264 3
1265 2
1266 4
1267 4
1268 5
1269 5
1270 2
1271 5
1272 5
1273 3
1274 4
1275 5
1276 4
1277 5
1278 5
1279 5
1280 5
1281 5
1282 3
1283 1
1284 5
1285 5
1286 5
1287 4
1288 5
1289 3
1290 4
1291 5
1292 2
1293 5
1294 1
1295 5
1296 3
1297 4
1298 4
1299 4
1300 2
1301 4
1302 5
1303 5
1304 2
1305 3
1306 4
1307 5
1308 1
1309 4
1310 5
1311 1
1312 2
1313 4
1314 4
1315 5
1316 4
1317 4
1318 1
1319 2
1320 2
1321 4
1322 2
1323 5
1324 4
1325 2
1326 5
1327 5
1328 4
1329 4
1330 5
1331 4
1332 2
1333 5
1334 4
1335 5
1336 1
1337 4
1338 5
1339 1
1340 5
1341 5
1342 3
1343 3
1344 3
1345 2
1346 1
1347 2
1348 1
1349 5
1350 3
1351 2
1352 3
1353 5
1354 5
1355 3
1356 5
1357 2
1358 4
1359 5
1360 5
1361 5
1362 4
1363 5
1364 5
1365 4
1366 5
1367 1
1368 1
1369 4
1370 5
1371 3
1372 4
1373 2
1374 4
1375 5
1376 3
1377 5
1378 2
1379 5
1380 4
1381 5
1382 4
1383 5
1384 2
1385 5
1386 5
1387 4
1388 4
1389 5
1390 2
1391 3
1392 4
1393 5
1394 3
1395 1
1396 5
1397 5
1398 5
1399 4
1400 2
1401 2
1402 5
1403 5
1404 2
1405 2
1406 5
1407 5
1408 5
1409 4
1410 5
1411 5
1412 4
1413 5
1414 2
1415 1
1416 5
1417 3
1418 2
1419 1
1420 5
1421 4
1422 4
1423 2
1424 1
1425 5
1426 5
1427 4
1428 5
1429 3
1430 4
1431 5
1432 5
1433 4
1434 1
1435 4
1436 5
1437 2
1438 3
1439 2
1440 4
1441 4
1442 5
1443 5
1444 4
1445 5
1446 4
1447 2
1448 4
1449 4
1450 5
1451 4
1452 5
1453 4
1454 4
1455 4
1456 5
1457 5
1458 1
1459 1
1460 2
1461 1
1462 5
1463 3
1464 5
1465 5
1466 3
1467 4
1468 1
1469 3
1470 3
1471 4
1472 2
1473 5
1474 2
1475 5
1476 5
1477 3
1478 4
1479 5
1480 4
1481 5
1482 3
1483 5
1484 4
1485 5
1486 5
1487 4
1488 2
1489 5
1490 2
1491 5
1492 4
1493 4
1494 3
1495 4
1496 1
1497 4
1498 5
1499 5
1500 2
1501 5
1502 5
1503 5
1504 4
1505 3
1506 4
1507 4
1508 5
1509 1
1510 4
1511 2
1512 3
1513 2
1514 5
1515 3
1516 5
1517 5
1518 3
1519 4
1520 2
1521 5
1522 1
1523 2
1524 1
1525 2
1526 3
1527 5
1528 5
1529 3
1530 3
1531 4
1532 4
1533 5
1534 3
1535 4
1536 5
1537 3
1538 1
1539 5
1540 1
1541 4
1542 4
1543 3
1544 2
1545 3
1546 4
1547 4
1548 4
1549 1
1550 3
1551 5
1552 4
1553 4
1554 3
1555 3
1556 2
1557 4
1558 2
1559 5
1560 4
1561 5
1562 1
1563 4
1564 1
1565 1
1566 4
1567 5
1568 4
1569 5
1570 3
1571 4
1572 2
1573 3
1574 5
1575 4
1576 5
1577 4
1578 5
1579 1
1580 4
1581 2
1582 4
1583 4
1584 3
1585 4
1586 5
1587 2
1588 2
1589 2
1590 5
1591 1
1592 3
1593 5
1594 4
1595 5
1596 3
1597 1
1598 5
1599 4
1600 1
1601 2
1602 4
1603 4
1604 3
1605 4
1606 5
1607 3
1608 3
1609 5
1610 4
1611 5
1612 3
1613 5
1614 5
1615 3
1616 5
1617 3
1618 5
1619 2
1620 4
1621 5
1622 2
1623 5
1624 4
1625 3
1626 4
1627 5
1628 5
1629 5
1630 5
1631 3
1632 5
1633 4
1634 4
1635 4
1636 5
1637 5
1638 5
1639 5
1640 5
1641 3
1642 5
1643 5
1644 4
1645 2
1646 5
1647 5
1648 2
1649 5
1650 5
1651 5
1652 4
1653 4
1654 1
1655 5
1656 4
1657 3
1658 5
1659 5
1660 4
1661 4
1662 2
1663 3
1664 5
1665 5
1666 2
1667 3
1668 5
1669 5
1670 5
1671 5
1672 5
1673 4
1674 5
1675 1
1676 4
1677 5
1678 5
1679 5
1680 5
1681 2
1682 4
1683 4
1684 4
1685 5
1686 3
1687 5
1688 3
1689 5
1690 4
1691 2
1692 5
1693 3
1694 2
1695 3
1696 3
1697 5
1698 3
1699 4
1700 2
1701 3
1702 2
1703 3
1704 5
1705 3
1706 4
1707 5
1708 5
1709 2
1710 3
1711 4
1712 2
1713 1
1714 3
1715 5
1716 5
1717 4
1718 5
1719 5
1720 3
1721 5
1722 3
1723 4
1724 3
1725 4
1726 4
1727 4
1728 4
1729 3
1730 5
1731 3
1732 1
1733 1
1734 4
1735 1
1736 5
1737 4
1738 5
1739 3
1740 5
1741 5
1742 4
1743 4
1744 4
1745 3
1746 1
1747 3
1748 5
1749 2
1750 1
1751 4
1752 5
1753 1
1754 4
1755 4
1756 4
1757 4
1758 5
1759 4
1760 3
1761 4
1762 5
1763 4
1764 5
1765 5
1766 4
1767 1
1768 2
1769 3
1770 4
1771 3
1772 5
1773 2
1774 5
1775 5
1776 5
1777 3
1778 5
1779 2
1780 3
1781 5
1782 4
1783 5
1784 3
1785 3
1786 3
1787 3
1788 5
1789 1
1790 2
1791 5
1792 5
1793 2
1794 4
1795 5
1796 3
1797 1
1798 3
1799 5
1800 2
1801 2
1802 3
1803 4
1804 2
1805 4
1806 2
1807 5
1808 4
1809 1
1810 5
1811 5
1812 4
1813 4
1814 4
1815 4
1816 4
1817 2
1818 5
1819 2
1820 3
1821 5
1822 2
1823 2
1824 5
1825 2
1826 2
1827 1
1828 4
1829 4
1830 5
1831 4
1832 3
1833 4
1834 5
1835 2
1836 5
1837 3
1838 5
1839 4
1840 5
1841 2
1842 3
1843 2
1844 3
1845 5
1846 3
1847 3
1848 5
1849 4
1850 3
1851 4
1852 2
1853 1
1854 4
1855 5
1856 5
1857 3
1858 4
1859 1
1860 3
1861 3
1862 3
1863 4
1864 5
1865 4
1866 2
1867 5
1868 5
1869 5
1870 3
1871 2
1872 2
1873 2
1874 2
1875 2
1876 4
1877 3
1878 4
1879 5
1880 4
1881 5
1882 2
1883 5
1884 4
1885 2
1886 4
1887 5
1888 5
1889 4
1890 5
1891 5
1892 2
1893 5
1894 2
1895 5
1896 5
1897 3
1898 5
1899 5
1900 4
1901 5
1902 4
1903 5
1904 5
1905 1
1906 5
1907 5
1908 2
1909 3
1910 3
1911 3
1912 5
1913 3
1914 2
1915 2
1916 4
1917 1
1918 5
1919 4
1920 3
1921 5
1922 1
1923 3
1924 5
1925 3
1926 2
1927 5
1928 2
1929 5
1930 1
1931 1
1932 4
1933 4
1934 2
1935 4
1936 1
1937 3
1938 5
1939 5
1940 4
1941 5
1942 4
1943 4
1944 3
1945 5
1946 4
1947 5
1948 4
1949 5
1950 3
1951 4
1952 5
1953 5
1954 1
1955 3
1956 5
1957 5
1958 3
1959 4
1960 4
1961 1
1962 5
1963 2
1964 3
1965 1
1966 3
1967 4
1968 5
1969 2
1970 2
1971 4
1972 4
1973 2
1974 5
1975 4
1976 4
1977 5
1978 5
1979 3
1980 5
1981 5
1982 4
1983 3
1984 5
1985 1
1986 3
1987 5
1988 3
1989 5
1990 4
1991 3
1992 5
1993 5
1994 3
1995 4
1996 3
1997 4
1998 3
1999 1
2000 3
2001 5
2002 5
2003 3
2004 5
2005 2
2006 3
2007 1
2008 2
2009 4
2010 1
2011 1
2012 2
2013 4
2014 4
2015 2
2016 2
2017 4
2018 2
2019 3
2020 4
2021 5
2022 3
2023 5
2024 2
2025 5
2026 5
2027 4
2028 3
2029 5
2030 2
2031 5
2032 2
2033 5
2034 4
2035 5
2036 4
2037 5
2038 5
2039 3
2040 5
2041 5
2042 5
2043 3
2044 3
2045 4
2046 4
2047 5
2048 3
2049 2
2050 5
2051 3
2052 4
2053 5
2054 4
2055 2
2056 5
2057 4
2058 5
2059 2
2060 1
2061 3
2062 1
2063 4
2064 3
2065 5
2066 1
2067 3
2068 1
2069 1
2070 3
2071 5
2072 3
2073 4
2074 4
2075 5
2076 3
2077 4
2078 5
2079 3
2080 3
2081 5
2082 4
2083 4
2084 4
2085 3
2086 2
2087 1
2088 3
2089 4
2090 4
2091 4
2092 3
2093 4
2094 4
2095 4
2096 1
2097 1
2098 2
2099 5
2100 3
2101 4
2102 4
2103 5
2104 5
2105 1
2106 4
2107 4
2108 4
2109 4
2110 3
2111 5
2112 4
2113 3
2114 5
2115 5
2116 5
2117 4
2118 5
2119 4
2120 1
2121 5
2122 4
2123 5
2124 5
2125 4
2126 4
2127 3
2128 2
2129 2
2130 2
2131 5
2132 2
2133 4
2134 5
2135 5
2136 4
2137 5
2138 3
2139 5
2140 4
2141 4
2142 3
2143 5
2144 5
2145 5
2146 4
2147 1
2148 5
2149 5
2150 4
2151 5
2152 5
2153 5
2154 4
2155 3
2156 5
2157 4
2158 3
2159 4
2160 3
2161 3
2162 3
2163 5
2164 3
2165 5
2166 3
2167 5
2168 2
2169 5
2170 3
2171 1
2172 5
2173 4
2174 3
2175 2
2176 4
2177 3
2178 5
2179 2
2180 3
2181 5
2182 5
2183 4
2184 5
2185 5
2186 3
2187 4
2188 5
2189 3
2190 3
2191 3
2192 5
2193 1
2194 5
2195 5
2196 5
2197 5
2198 5
2199 4
2200 3
2201 4
2202 1
2203 5
2204 5
2205 5
2206 3
2207 4
2208 4
2209 1
2210 2
2211 5
2212 5
2213 5
2214 5
2215 3
2216 4
2217 5
2218 5
2219 2
2220 5
2221 5
2222 2
2223 5
2224 4
2225 5
2226 3
2227 3
2228 4
2229 2
2230 5
2231 5
2232 4
2233 2
2234 1
2235 3
2236 4
2237 3
2238 2
2239 5
2240 5
2241 4
2242 3
2243 3
2244 4
2245 5
2246 5
2247 2
2248 5
2249 5
2250 5
2251 4
2252 5
2253 1
2254 3
2255 5
2256 1
2257 2
2258 1
2259 3
2260 5
2261 4
2262 1
2263 5
2264 4
2265 4
2266 1
2267 5
2268 4
2269 5
2270 2
2271 4
2272 2
2273 3
2274 5
2275 4
2276 5
2277 5
2278 4
2279 4
2280 1
2281 3
2282 5
2283 4
2284 3
2285 1
2286 1
2287 1
2288 5
2289 2
2290 3
2291 3
2292 2
2293 1
2294 5
2295 1
2296 5
2297 5
2298 5
2299 4
2300 5
2301 4
2302 5
2303 4
2304 3
2305 4
2306 1
2307 5
2308 3
2309 1
2310 3
2311 4
2312 5
2313 4
2314 1
2315 2
2316 5
2317 3
2318 3
2319 4
2320 5
2321 5
2322 1
2323 5
2324 3
2325 5
2326 2
2327 5
2328 3
2329 3
2330 4
2331 3
2332 3
2333 1
2334 2
2335 5
2336 2
2337 1
2338 4
2339 5
2340 4
2341 4
2342 4
2343 5
2344 5
2345 3
2346 5
2347 2
2348 3
2349 3
2350 5
2351 3
2352 5
2353 3
2354 2
2355 2
2356 1
2357 3
2358 5
2359 4
2360 4
2361 4
2362 3
2363 3
2364 4
2365 1
2366 5
2367 2
2368 3
2369 3
2370 4
2371 3
2372 5
2373 5
2374 3
2375 4
2376 2
2377 1
2378 2
2379 3
2380 5
2381 2
2382 3
2383 2
2384 2
2385 3
2386 2
2387 1
2388 4
2389 5
2390 5
2391 5
2392 1
2393 4
2394 3
2395 4
2396 2
2397 1
2398 5
2399 1
2400 1
2401 3
2402 2
2403 2
2404 5
2405 3
2406 5
2407 4
2408 5
2409 4
2410 2
2411 3
2412 4
2413 3
2414 2
2415 2
2416 5
2417 4
2418 2
2419 2
2420 1
2421 2
2422 3
2423 3
2424 2
2425 5
2426 1
2427 5
2428 4
2429 4
2430 5
2431 5
2432 2
2433 1
2434 2
2435 1
2436 2
2437 5
2438 3
2439 4
2440 5
2441 2
2442 5
2443 1
2444 3
2445 3
2446 5
2447 4
2448 5
2449 5
2450 5
2451 4
2452 5
2453 1
2454 4
2455 2
2456 4
2457 3
2458 1
2459 5
2460 4
2461 4
2462 2
2463 1
2464 5
2465 5
2466 4
2467 5
2468 1
2469 5
2470 1
2471 5
2472 5
2473 2
2474 2
2475 1
2476 2
2477 2
2478 2
2479 2
2480 5
2481 3
2482 3
2483 1
2484 1
2485 1
2486 3
2487 5
2488 5
2489 3
2490 1
2491 4
2492 1
2493 4
2494 4
2495 4
2496 3
2497 5
2498 3
2499 2
2500 2
2501 3
2502 4
2503 5
2504 3
2505 3
2506 4
2507 4
2508 3
2509 5
2510 4
2511 2
2512 4
2513 5
2514 1
2515 1
2516 5
2517 4
2518 3
2519 5
2520 2
2521 5
2522 5
2523 1
2524 5
2525 3
2526 2
2527 3
2528 1
2529 4
2530 4
2531 2
2532 2
2533 3
2534 5
2535 5
2536 4
2537 3
2538 2
2539 4
2540 2
2541 3
2542 1
2543 5
2544 2
2545 4
2546 4
2547 4
2548 2
2549 4
2550 4
2551 3
2552 1
2553 5
2554 3
2555 1
2556 4
2557 2
2558 5
2559 5
2560 5
2561 2
2562 4
2563 4
2564 1
2565 3
2566 4
2567 1
2568 5
2569 5
2570 5
2571 5
2572 1
2573 5
2574 3
2575 1
2576 3
2577 4
2578 5
2579 5
2580 3
2581 3
2582 3
2583 4
2584 4
2585 2
2586 5
2587 5
2588 4
2589 5
2590 1
2591 4
2592 3
2593 3
2594 5
2595 3
2596 3
2597 3
2598 4
2599 5
2600 5
2601 2
2602 3
2603 4
2604 5
2605 4
2606 5
2607 4
2608 4
2609 4
2610 5
2611 5
2612 4
2613 2
2614 1
2615 4
2616 4
2617 5
2618 4
2619 4
2620 2
2621 3
2622 4
2623 5
2624 3
2625 5
2626 5
2627 3
2628 3
2629 4
2630 5
2631 2
2632 4
2633 1
2634 4
2635 2
2636 3
2637 3
2638 4
2639 3
2640 3
2641 4
2642 4
2643 4
2644 1
2645 4
2646 4
2647 4
2648 5
2649 4
2650 4
2651 3
2652 1
2653 5
2654 4
2655 1
2656 1
2657 2
2658 3
2659 3
2660 4
2661 2
2662 3
2663 4
2664 4
2665 2
2666 4
2667 4
2668 5
2669 4
2670 5
2671 2
2672 5
2673 5
2674 2
2675 4
2676 5
2677 5
2678 1
2679 3
2680 5
2681 4
2682 2
2683 4
2684 3
2685 4
2686 5
2687 2
2688 3
2689 4
2690 5
2691 4
2692 4
2693 3
2694 4
2695 1
2696 1
2697 5
2698 4
2699 2
2700 3
2701 2
2702 4
2703 5
2704 5
2705 2
2706 2
2707 1
2708 1
2709 5
2710 1
2711 5
2712 3
2713 2
2714 4
2715 2
2716 5
2717 4
2718 2
2719 2
2720 1
2721 3
2722 3
2723 5
2724 4
2725 3
2726 3
2727 2
2728 5
2729 3
2730 4
2731 3
2732 2
2733 4
2734 4
2735 5
2736 1
2737 5
2738 3
2739 2
2740 3
2741 5
2742 4
2743 2
2744 3
2745 5
2746 1
2747 5
2748 2
2749 2
2750 3
2751 1
2752 2
2753 1
2754 2
2755 1
2756 3
2757 2
2758 5
2759 5
2760 5
2761 1
2762 2
2763 3
2764 3
2765 3
2766 3
2767 3
2768 5
2769 2
2770 5
2771 5
2772 3
2773 5
2774 1
2775 3
2776 3
2777 3
2778 4
2779 4
2780 4
2781 4
2782 3
2783 2
2784 4
2785 5
2786 4
2787 4
2788 2
2789 1
2790 3
2791 1
2792 2
2793 3
2794 5
2795 2
2796 3
2797 4
2798 2
2799 4
2800 5
2801 4
2802 3
2803 1
2804 5
2805 4
2806 4
2807 3
2808 2
2809 2
2810 1
2811 4
2812 5
2813 4
2814 4
2815 5
2816 4
2817 2
2818 4
2819 1
2820 2
2821 4
2822 3
2823 2
2824 2
2825 4
2826 3
2827 4
2828 5
2829 1
2830 3
2831 4
2832 2
2833 3
2834 3
2835 1
2836 5
2837 4
2838 2
2839 3
2840 4
2841 4
2842 5
2843 4
2844 4
2845 2
2846 4
2847 2
2848 2
2849 1
2850 5
2851 3
2852 1
2853 4
2854 5
2855 2
2856 2
2857 5
2858 3
2859 4
2860 2
2861 2
2862 2
2863 5
2864 1
2865 1
2866 3
2867 3
2868 1
2869 3
2870 4
2871 1
2872 3
2873 4
2874 3
2875 4
2876 5
2877 3
2878 4
2879 3
2880 4
2881 1
2882 1
2883 4
2884 3
2885 2
2886 2
2887 1
2888 1
2889 5
2890 3
2891 2
2892 3
2893 5
2894 2
2895 1
2896 1
2897 2
2898 3
2899 4
2900 5
2901 5
2902 3
2903 4
2904 4
2905 5
2906 2
2907 3
2908 5
2909 1
2910 4
2911 5
2912 4
2913 4
2914 2
2915 5
2916 2
2917 1
2918 4
2919 1
2920 1
2921 1
2922 5
2923 3
2924 3
2925 5
2926 4
2927 3
2928 3
2929 4
2930 5
2931 3
2932 4
2933 5
2934 1
2935 4
2936 5
2937 1
2938 5
2939 4
2940 3
2941 4
2942 4
2943 5
2944 4
2945 3
2946 5
2947 2
2948 1
2949 3
2950 4
2951 1
2952 4
2953 5
2954 3
2955 4
2956 2
2957 3
2958 1
2959 5
2960 4
2961 5
2962 4
2963 3
2964 4
2965 5
2966 1
2967 5
2968 1
2969 3
2970 4
2971 4
2972 3
2973 3
2974 1
2975 3
2976 4
2977 5
2978 5
2979 2
2980 3
2981 2
2982 2
2983 4
2984 4
2985 1
2986 1
2987 4
2988 3
2989 5
2990 4
2991 4
2992 3
2993 1
2994 4
2995 3
2996 4
2997 5
2998 3
2999 3
3000 1
3001 1
3002 5
3003 3
3004 3
3005 5
3006 2
3007 3
3008 1
3009 4
3010 4
3011 2
3012 3
3013 3
3014 4
3015 3
3016 1
3017 1
3018 1
3019 5
3020 2
3021 1
3022 3
3023 5
3024 4
3025 5
3026 2
3027 3
3028 5
3029 2
3030 3
3031 1
3032 2
3033 1
3034 2
3035 4
3036 5
3037 2
3038 3
3039 5
3040 2
3041 3
3042 4
3043 5
3044 3
3045 4
3046 2
3047 1
3048 4
3049 4
3050 4
3051 4
3052 4
3053 2
3054 4
3055 3
3056 2
3057 4
3058 3
3059 2
3060 3
3061 5
3062 3
3063 3
3064 2
3065 1
3066 5
3067 4
3068 2
3069 4
3070 3
3071 4
3072 3
3073 2
3074 3
3075 4
3076 2
3077 3
3078 5
3079 2
3080 5
3081 4
3082 2
3083 1
3084 5
3085 4
3086 2
3087 1
3088 1
3089 1
3090 4
3091 2
3092 3
3093 4
3094 3
3095 5
3096 1
3097 4
3098 4
3099 3
3100 5
3101 2
3102 4
3103 3
3104 3
3105 4
3106 1
3107 4
3108 2
3109 5
3110 5
3111 3
3112 4
3113 2
3114 2
3115 3
3116 5
3117 2
3118 4
3119 4
3120 1
3121 3
3122 1
3123 1
3124 2
3125 2
3126 2
3127 4
3128 5
3129 3
3130 4
3131 2
3132 3
3133 5
3134 1
3135 3
3136 3
3137 4
3138 5
3139 4
3140 3
3141 4
3142 3
3143 4
3144 3
3145 2
3146 4
3147 3
3148 3
3149 4
3150 2
3151 3
3152 3
3153 5
3154 5
3155 5
3156 3
3157 4
3158 3
3159 4
3160 4
3161 5
3162 3
3163 2
3164 2
3165 5
3166 4
3167 5
3168 3
3169 4
3170 2
3171 4
3172 3
3173 4
3174 4
3175 2
3176 4
3177 4
3178 2
3179 2
3180 2
3181 3
3182 3
3183 4
3184 2
3185 1
3186 4
3187 4
3188 3
3189 3
3190 4
3191 1
3192 4
3193 2
3194 4
3195 5
3196 3
3197 1
3198 4
3199 5
3200 4
3201 1
3202 3
3203 1
3204 3
3205 1
3206 5
3207 1
3208 3
3209 1
3210 3
3211 3
3212 2
3213 1
3214 2
3215 1
3216 3
3217 3
3218 3
3219 4
3220 2
3221 4
3222 3
3223 2
3224 4
3225 2
3226 1
3227 1
3228 4
3229 5
3230 2
3231 4
3232 2
3233 3
3234 2
3235 3
3236 4
3237 4
3238 4
3239 4
3240 2
3241 3
3242 4
3243 4
3244 2
3245 4
3246 2
3247 5
3248 1
3249 5
3250 5
3251 2
3252 5
3253 5
3254 1
3255 1
3256 1
3257 4
3258 3
3259 4
3260 1
3261 4
3262 3
3263 3
3264 3
3265 2
3266 2
3267 4
3268 2
3269 4
3270 2
3271 4
3272 1
3273 3
3274 2
3275 3
3276 1
3277 1
3278 1
3279 1
3280 4
3281 5
3282 3
3283 1
3284 2
3285 4
3286 4
3287 5
3288 4
3289 3
3290 5
3291 2
3292 3
3293 4
3294 4
3295 3
3296 3
3297 2
3298 4
3299 3
3300 1
3301 3
3302 2
3303 5
3304 1
3305 3
3306 5
3307 3
3308 1
3309 5
3310 3
3311 5
3312 2
3313 5
3314 3
3315 3
3316 1
3317 2
3318 4
3319 1
3320 5
3321 2
3322 3
3323 4
3324 4
3325 3
3326 2
3327 4
3328 3
3329 5
3330 4
3331 4
3332 1
3333 1
3334 3
3335 4
3336 3
3337 2
3338 4
3339 2
3340 4
3341 2
3342 4
3343 2
3344 1
3345 4
3346 4
3347 2
3348 1
3349 2
3350 4
3351 2
3352 2
3353 3
3354 1
3355 4
3356 3
3357 2
3358 2
3359 4
3360 1
3361 2
3362 5
3363 1
3364 2
3365 2
3366 3
3367 5
3368 2
3369 1
3370 5
3371 2
3372 3
3373 1
3374 3
3375 3
3376 1
3377 4
3378 5
3379 1
3380 2
3381 5
3382 1
3383 2
3384 1
3385 2
3386 5
3387 5
3388 1
3389 4
3390 2
3391 4
3392 3
3393 3
3394 4
3395 1
3396 3
3397 1
3398 3
3399 4
3400 3
3401 5
3402 3
3403 4
3404 5
3405 4
3406 5
3407 4
3408 2
3409 1
3410 2
3411 3
3412 1
3413 3
3414 3
3415 1
3416 5
3417 4
3418 3
3419 4
3420 3
3421 4
3422 2
3423 3
3424 4
3425 5
3426 2
3427 1
3428 4
3429 5
3430 4
3431 4
3432 5
3433 2
3434 4
3435 2
3436 2
3437 2
3438 3
3439 3
3440 4
3441 4
3442 2
3443 2
3444 3
3445 1
3446 5
3447 3
3448 4
3449 1
3450 3
3451 3
3452 4
3453 1
3454 4
3455 4
3456 1
3457 4
3458 5
3459 4
3460 2
3461 1
3462 4
3463 3
3464 2
3465 3
3466 2
3467 2
3468 2
3469 1
3470 4
3471 3
3472 3
3473 1
3474 1
3475 2
3476 4
3477 4
3478 3
3479 1
3480 2
3481 4
3482 1
3483 4
3484 5
3485 1
3486 2
3487 4
3488 1
3489 4
3490 3
3491 3
3492 5
3493 4
3494 1
3495 4
3496 5
3497 4
3498 3
3499 4
3500 4
3501 4
3502 4
3503 3
3504 4
3505 4
3506 1
3507 1
3508 4
3509 2
3510 1
3511 2
3512 3
3513 4
3514 4
3515 1
3516 2
3517 2
3518 3
3519 4
3520 2
3521 3
3522 2
3523 4
3524 5
3525 1
3526 3
3527 5
3528 1
3529 5
3530 2
3531 5
3532 3
3533 1
3534 3
3535 2
3536 2
3537 4
3538 3
3539 2
3540 4
3541 4
3542 2
3543 5
3544 3
3545 1
3546 2
3547 4
3548 3
3549 2
3550 1
3551 4
3552 5
3553 4
3554 5
3555 1
3556 3
3557 1
3558 2
3559 1
3560 3
3561 1
3562 2
3563 2
3564 2
3565 5
3566 3
3567 4
3568 3
3569 3
3570 1
3571 4
3572 1
3573 1
3574 2
3575 3
3576 2
3577 2
3578 4
3579 1
3580 3
3581 1
3582 2
3583 3
3584 4
3585 2
3586 3
3587 3
3588 1
3589 3
3590 4
3591 2
3592 4
3593 3
3594 2
3595 2
3596 5
3597 5
3598 2
3599 2
3600 2
3601 3
3602 1
3603 3
3604 2
3605 4
3606 4
3607 3
3608 1
3609 4
3610 1
3611 4
3612 4
3613 4
3614 5
3615 4
3616 5
3617 4
3618 3
3619 3
3620 3
3621 4
3622 2
3623 1
3624 3
3625 4
3626 1
3627 3
3628 4
3629 1
3630 2
3631 5
3632 3
3633 4
3634 1
3635 3
3636 2
3637 2
3638 4
3639 3
3640 3
3641 5
3642 3
3643 3
3644 3
3645 4
3646 5
3647 1
3648 2
3649 3
3650 1
3651 3
3652 2
3653 1
3654 3
3655 2
3656 3
3657 4
3658 4
3659 5
3660 2
3661 4
3662 4
3663 4
3664 3
3665 2
3666 3
3667 3
3668 4
3669 2
3670 1
3671 2
3672 3
3673 4
3674 4
3675 3
3676 3
3677 1
3678 3
3679 5
3680 1
3681 3
3682 3
3683 2
3684 1
3685 4
3686 2
3687 3
3688 2
3689 4
3690 3
3691 2
3692 3
3693 3
3694 2
3695 2
3696 4
3697 3
3698 1
3699 5
3700 1
3701 5
3702 3
3703 3
3704 4
3705 2
3706 1
3707 4
3708 1
3709 3
3710 3
3711 1
3712 1
3713 2
3714 2
3715 4
3716 5
3717 2
3718 3
3719 2
3720 5
3721 2
3722 2
3723 1
3724 4
3725 1
3726 3
3727 3
3728 4
3729 5
3730 4
3731 4
3732 4
3733 2
3734 1
3735 2
3736 1
3737 4
3738 4
3739 1
3740 4
3741 3
3742 3
3743 2
3744 4
3745 4
3746 3
3747 2
3748 2
3749 4
3750 2
3751 1
3752 2
3753 3
3754 5
3755 4
3756 1
3757 3
3758 1
3759 2
3760 2
3761 1
3762 5
3763 4
3764 1
3765 3
3766 5
3767 4
3768 1
3769 4
3770 4
3771 1
3772 2
3773 4
3774 4
3775 4
3776 4
3777 4
3778 3
3779 5
3780 3
3781 4
3782 2
3783 2
3784 5
3785 4
3786 3
3787 2
3788 3
3789 3
3790 4
3791 1
3792 4
3793 2
3794 1
3795 2
3796 4
3797 3
3798 5
3799 2
3800 4
3801 2
3802 4
3803 1
3804 1
3805 4
3806 4
3807 3
3808 4
3809 2
3810 3
3811 5
3812 3
3813 1
3814 4
3815 2
3816 1
3817 4
3818 4
3819 3
3820 5
3821 2
3822 4
3823 4
3824 4
3825 5
3826 1
3827 1
3828 1
3829 2
3830 2
3831 1
3832 1
3833 1
3834 4
3835 3
3836 4
3837 3
3838 1
3839 1
3840 1
3841 4
3842 4
3843 5
3844 5
3845 2
3846 4
3847 4
3848 1
3849 3
3850 2
3851 4
3852 3
3853 3
3854 1
3855 2
3856 5
3857 4
3858 1
3859 2
3860 3
3861 2
3862 3
3863 4
3864 5
3865 3
3866 3
3867 3
3868 2
3869 1
3870 5
3871 5
3872 2
3873 1
3874 4
3875 2
3876 4
3877 4
3878 2
3879 4
3880 1
3881 3
3882 5
3883 5
3884 4
3885 2
3886 1
3887 3
3888 2
3889 4
3890 2
3891 2
3892 1
3893 3
3894 1
3895 3
3896 4
3897 3
3898 5
3899 3
3900 1
3901 4
3902 4
3903 2
3904 3
3905 1
3906 2
3907 4
3908 2
3909 2
3910 1
3911 1
3912 4
3913 4
3914 1
3915 1
3916 3
3917 4
3918 1
3919 3
3920 2
3921 1
3922 2
3923 3
3924 3
3925 2
3926 4
3927 4
3928 3
3929 4
3930 2
3931 4
3932 3
3933 2
3934 2
3935 1
3936 3
3937 1
3938 1
3939 2
3940 1
3941 2
3942 2
3943 4
3944 3
3945 3
3946 2
3947 5
3948 3
3949 3
3950 1
3951 1
3952 5
3953 3
3954 1
3955 3
3956 5
3957 1
3958 2
3959 4
3960 2
3961 5
3962 2
3963 1
3964 1
3965 4
3966 2
3967 2
3968 1
3969 2
3970 4
3971 4
3972 3
3973 4
3974 2
3975 5
3976 4
3977 1
3978 2
3979 1
3980 4
3981 2
3982 3
3983 2
3984 1
3985 1
3986 4
3987 2
3988 3
3989 5
3990 3
3991 3
3992 4
3993 4
3994 1
3995 5
3996 2
3997 4
3998 3
3999 4
4000 2
4001 3
4002 4
4003 4
4004 2
4005 2
4006 5
4007 3
4008 1
4009 4
4010 1
4011 3
4012 4
4013 1
4014 4
4015 5
4016 5
4017 1
4018 4
4019 3
4020 4
4021 2
4022 2
4023 3
4024 2
4025 3
4026 5
4027 4
4028 3
4029 4
4030 1
4031 4
4032 3
4033 3
4034 5
4035 1
4036 3
4037 3
4038 2
4039 4
4040 5
4041 2
4042 1
4043 1
4044 4
4045 2
4046 2
4047 5
4048 3
4049 1
4050 2
4051 3
4052 2
4053 4
4054 2
4055 1
4056 2
4057 3
4058 2
4059 5
4060 4
4061 2
4062 4
4063 4
4064 2
4065 2
4066 1
4067 2
4068 4
4069 3
4070 1
4071 3
4072 2
4073 4
4074 4
4075 2
4076 4
4077 3
4078 1
4079 1
4080 4
4081 1
4082 2
4083 2
4084 3
4085 5
4086 2
4087 4
4088 3
4089 5
4090 4
4091 2
4092 4
4093 4
4094 2
4095 2
4096 4
4097 3
4098 3
4099 4
4100 3
4101 3
4102 1
4103 3
4104 1
4105 3
4106 3
4107 3
4108 1
4109 4
4110 3
4111 1
4112 2
4113 4
4114 2
4115 1
4116 1
4117 2
4118 3
4119 3
4120 4
4121 3
4122 3
4123 2
4124 2
4125 4
4126 1
4127 4
4128 3
4129 1
4130 4
4131 3
4132 3
4133 4
4134 1
4135 3
4136 2
4137 3
4138 3
4139 2
4140 1
4141 1
4142 3
4143 2
4144 2
4145 1
4146 1
4147 3
4148 1
4149 2
4150 2
4151 4
4152 4
4153 5
4154 1
4155 1
4156 2
4157 3
4158 4
4159 4
4160 3
4161 3
4162 3
4163 3
4164 4
4165 3
4166 5
4167 3
4168 1
4169 4
4170 5
4171 4
4172 3
4173 4
4174 2
4175 2
4176 4
4177 4
4178 1
4179 2
4180 1
4181 2
4182 1
4183 5
4184 2
4185 4
4186 2
4187 2
4188 4
4189 1
4190 3
4191 1
4192 3
4193 2
4194 2
4195 1
4196 5
4197 2
4198 3
4199 4
4200 4
4201 1
4202 2
4203 1
4204 2
4205 2
4206 4
4207 1
4208 1
4209 3
4210 4
4211 1
4212 3
4213 2
4214 4
4215 3
4216 2
4217 3
4218 2
4219 1
4220 3
4221 1
4222 1
4223 1
4224 5
4225 4
4226 1
4227 3
4228 4
4229 1
4230 5
4231 2
4232 3
4233 3
4234 1
4235 3
4236 4
4237 1
4238 4
4239 1
4240 2
4241 1
4242 2
4243 3
4244 3
4245 1
4246 1
4247 3
4248 2
4249 2
4250 1
4251 3
4252 2
4253 3
4254 1
4255 1
4256 4
4257 4
4258 3
4259 3
4260 3
4261 2
4262 4
4263 2
4264 3
4265 1
4266 4
4267 1
4268 2
4269 4
4270 3
4271 1
4272 2
4273 2
4274 4
4275 2
4276 1
4277 2
4278 1
4279 3
4280 2
4281 3
4282 5
4283 3
4284 3
4285 1
4286 3
4287 2
4288 3
4289 4
4290 4
4291 3
4292 5
4293 3
4294 2
4295 4
4296 2
4297 2
4298 4
4299 2
4300 2
4301 2
4302 3
4303 3
4304 3
4305 3
4306 3
4307 2
4308 1
4309 4
4310 2
4311 4
4312 1
4313 5
4314 3
4315 3
4316 3
4317 3
4318 4
4319 3
4320 3
4321 3
4322 2
4323 4
4324 1
4325 2
4326 4
4327 3
4328 4
4329 1
4330 2
4331 2
4332 3
4333 2
4334 2
4335 4
4336 1
4337 5
4338 5
4339 1
4340 1
4341 2
4342 1
4343 4
4344 1
4345 3
4346 1
4347 1
4348 1
4349 1
4350 4
4351 2
4352 2
4353 2
4354 1
4355 2
4356 3
4357 4
4358 2
4359 3
4360 3
4361 3
4362 1
4363 3
4364 5
4365 2
4366 3
4367 1
4368 3
4369 1
4370 2
4371 2
4372 3
4373 1
4374 4
4375 1
4376 3
4377 3
4378 2
4379 4
4380 1
4381 5
4382 4
4383 3
4384 1
4385 3
4386 5
4387 2
4388 4
4389 3
4390 1
4391 3
4392 3
4393 2
4394 2
4395 4
4396 2
4397 3
4398 3
4399 4
4400 5
4401 2
4402 4
4403 2
4404 4
4405 2
4406 1
4407 3
4408 3
4409 1
4410 2
4411 3
4412 3
4413 2
4414 4
4415 5
4416 3
4417 3
4418 2
4419 2
4420 5
4421 1
4422 2
4423 3
4424 4
4425 1
4426 1
4427 4
4428 1
4429 3
4430 2
4431 3
4432 4
4433 2
4434 4
4435 5
4436 2
4437 1
4438 2
4439 2
4440 3
4441 3
4442 3
4443 2
4444 4
4445 3
4446 4
4447 2
4448 4
4449 2
4450 4
4451 1
4452 1
4453 4
4454 1
4455 2
4456 2
4457 2
4458 4
4459 2
4460 3
4461 1
4462 4
4463 2
4464 1
4465 5
4466 1
4467 2
4468 3
4469 3
4470 2
4471 3
4472 1
4473 3
4474 1
4475 5
4476 4
4477 1
4478 3
4479 1
4480 1
4481 3
4482 3
4483 3
4484 2
4485 2
4486 1
4487 2
4488 3
4489 2
4490 2
4491 5
4492 1
4493 4
4494 5
4495 1
4496 1
4497 4
4498 3
4499 3
4500 4
4501 1
4502 4
4503 3
4504 1
4505 1
4506 3
4507 3
4508 2
4509 3
4510 2
4511 3
4512 3
4513 3
4514 3
4515 5
4516 4
4517 1
4518 1
4519 3
4520 4
4521 5
4522 4
4523 1
4524 2
4525 5
4526 1
4527 3
4528 3
4529 4
4530 5
4531 4
4532 5
4533 2
4534 4
4535 1
4536 3
4537 3
4538 4
4539 1
4540 1
4541 1
4542 1
4543 5
4544 3
4545 4
4546 3
4547 3
4548 2
4549 3
4550 4
4551 1
4552 4
4553 3
4554 3
4555 2
4556 1
4557 3
4558 4
4559 1
4560 3
4561 2
4562 5
4563 4
4564 1
4565 1
4566 2
4567 5
4568 1
4569 3
4570 2
4571 1
4572 1
4573 5
4574 2
4575 4
4576 2
4577 3
4578 5
4579 2
4580 2
4581 3
4582 1
4583 1
4584 3
4585 4
4586 4
4587 1
4588 5
4589 2
4590 1
4591 1
4592 2
4593 2
4594 5
4595 3
4596 3
4597 2
4598 1
4599 4
4600 1
4601 3
4602 3
4603 2
4604 1
4605 3
4606 2
4607 5
4608 2
4609 5
4610 4
4611 3
4612 5
4613 5
4614 2
4615 4
4616 3
4617 2
4618 3
4619 5
4620 4
4621 3
4622 3
4623 4
4624 4
4625 2
4626 3
4627 1
4628 2
4629 3
4630 2
4631 1
4632 1
4633 1
4634 1
4635 3
4636 4
4637 1
4638 2
4639 1
4640 5
4641 2
4642 4
4643 1
4644 2
4645 1
4646 2
4647 4
4648 5
4649 1
4650 3
4651 3
4652 4
4653 5
4654 3
4655 5
4656 3
4657 4
4658 4
4659 2
4660 2
4661 2
4662 4
4663 1
4664 2
4665 1
4666 2
4667 3
4668 2
4669 4
4670 3
4671 1
4672 1
4673 3
4674 2
4675 2
4676 2
4677 1
4678 5
4679 2
4680 3
4681 2
4682 2
4683 4
4684 3
4685 3
4686 4
4687 3
4688 2
4689 3
4690 1
4691 5
4692 5
4693 1
4694 3
4695 2
4696 3
4697 2
4698 3
4699 2
4700 3
4701 2
4702 1
4703 1
4704 2
4705 3
4706 1
4707 3
4708 3
4709 2
4710 2
4711 2
4712 3
4713 3
4714 1
4715 3
4716 4
4717 1
4718 2
4719 4
4720 3
4721 3
4722 1
4723 5
4724 2
4725 1
4726 1
4727 3
4728 5
4729 4
4730 3
4731 3
4732 5
4733 3
4734 1
4735 2
4736 2
4737 1
4738 3
4739 2
4740 4
4741 1
4742 4
4743 2
4744 1
4745 1
4746 4
4747 4
4748 3
4749 1
4750 3
4751 4
4752 1
4753 2
4754 2
4755 1
4756 3
4757 2
4758 2
4759 1
4760 3
4761 2
4762 1
4763 2
4764 4
4765 3
4766 1
4767 4
4768 2
4769 1
4770 3
4771 2
4772 2
4773 1
4774 4
4775 2
4776 2
4777 2
4778 3
4779 1
4780 1
4781 1
4782 1
4783 3
4784 2
4785 1
4786 3
4787 3
4788 1
4789 4
4790 1
4791 5
4792 1
4793 4
4794 1
4795 1
4796 2
4797 5
4798 4
4799 1
4800 2
4801 2
4802 3
4803 2
4804 1
4805 2
4806 4
4807 2
4808 1
4809 1
4810 3
4811 4
4812 5
4813 5
4814 2
4815 4
4816 1
4817 2
4818 3
4819 1
4820 1
4821 1
4822 1
4823 1
4824 5
4825 5
4826 4
4827 2
4828 3
4829 4
4830 1
4831 1
4832 1
4833 4
4834 3
4835 1
4836 2
4837 1
4838 1
4839 3
4840 4
4841 1
4842 5
4843 3
4844 2
4845 5
4846 5
4847 5
4848 3
4849 1
4850 2
4851 3
4852 4
4853 3
4854 1
4855 3
4856 4
4857 1
4858 3
4859 4
4860 1
4861 1
4862 1
4863 4
4864 2
4865 2
4866 2
4867 5
4868 4
4869 4
4870 1
4871 2
4872 2
4873 2
4874 2
4875 2
4876 2
4877 3
4878 1
4879 3
4880 2
4881 1
4882 1
4883 3
4884 5
4885 4
4886 4
4887 3
4888 2
4889 1
4890 2
4891 3
4892 3
4893 3
4894 2
4895 1
4896 2
4897 3
4898 5
4899 3
4900 3
4901 1
4902 3
4903 3
4904 4
4905 2
4906 1
4907 4
4908 1
4909 1
4910 3
4911 4
4912 4
4913 3
4914 2
4915 1
4916 1
4917 4
4918 3
4919 4
4920 4
4921 3
4922 3
4923 2
4924 2
4925 2
4926 1
4927 1
4928 3
4929 3
4930 2
4931 3
4932 2
4933 5
4934 4
4935 2
4936 2
4937 1
4938 4
4939 4
4940 1
4941 3
4942 1
4943 1
4944 4
4945 4
4946 2
4947 1
4948 1
4949 1
4950 3
4951 4
4952 4
4953 1
4954 1
4955 3
4956 4
4957 3
4958 1
4959 1
4960 3
4961 4
4962 3
4963 2
4964 2
4965 4
4966 3
4967 2
4968 3
4969 3
4970 1
4971 3
4972 5
4973 2
4974 3
4975 2
4976 1
4977 1
4978 4
4979 2
4980 1
4981 5
4982 3
4983 2
4984 4
4985 1
4986 2
4987 4
4988 2
4989 2
4990 1
4991 5
4992 2
4993 4
4994 4
4995 3
4996 1
4997 1
4998 1
4999 2
5000 1
5001 4
5002 1
5003 2
5004 4
5005 4
5006 1
5007 3
5008 2
5009 3
5010 2
5011 2
5012 3
5013 2
5014 2
5015 3
5016 1
5017 2
5018 4
5019 3
5020 3
5021 3
5022 3
5023 3
5024 1
5025 4
5026 4
5027 4
5028 3
5029 3
5030 3
5031 1
5032 1
5033 1
5034 3
5035 2
5036 2
5037 3
5038 1
5039 1
5040 1
5041 1
5042 1
5043 3
5044 3
5045 5
5046 4
5047 1
5048 4
5049 5
5050 5
5051 3
5052 3
5053 1
5054 4
5055 2
5056 1
5057 1
5058 2
5059 1
5060 3
5061 3
5062 2
5063 1
5064 2
5065 4
5066 1
5067 1
5068 5
5069 2
5070 3
5071 2
5072 3
5073 3
5074 3
5075 3
5076 2
5077 1
5078 1
5079 1
5080 3
5081 3
5082 1
5083 2
5084 4
5085 2
5086 1
5087 3
5088 3
5089 3
5090 2
5091 2
5092 4
5093 2
5094 2
5095 3
5096 2
5097 1
5098 2
5099 3
5100 1
5101 2
5102 1
5103 3
5104 2
5105 2
5106 2
5107 1
5108 1
5109 1
5110 1
5111 4
5112 2
5113 4
5114 2
5115 1
5116 1
5117 1
5118 2
5119 1
5120 3
5121 1
5122 3
5123 3
5124 1
5125 5
5126 1
5127 3
5128 1
5129 1
5130 2
5131 3
5132 2
5133 1
5134 5
5135 4
5136 4
5137 2
5138 4
5139 1
5140 1
5141 3
5142 2
5143 3
5144 3
5145 1
5146 2
5147 2
5148 4
5149 1
5150 1
5151 2
5152 2
5153 2
5154 4
5155 1
5156 1
5157 3
5158 3
5159 4
5160 4
5161 3
5162 3
5163 2
5164 1
5165 1
5166 2
5167 3
5168 4
5169 3
5170 1
5171 2
5172 5
5173 1
5174 3
5175 2
5176 1
5177 4
5178 2
5179 3
5180 1
5181 2
5182 2
5183 2
5184 3
5185 3
5186 1
5187 1
5188 3
5189 2
5190 2
5191 1
5192 4
5193 4
5194 4
5195 1
5196 1
5197 1
5198 1
5199 4
5200 1
5201 5
5202 2
5203 2
5204 1
5205 3
5206 1
5207 1
5208 1
5209 1
5210 3
5211 1
5212 4
5213 2
5214 4
5215 2
5216 4
5217 2
5218 1
5219 3
5220 1
5221 3
5222 1
5223 3
5224 2
5225 2
5226 2
5227 3
5228 1
5229 3
5230 1
5231 1
5232 5
5233 3
5234 1
5235 1
5236 3
5237 1
5238 2
5239 2
5240 3
5241 4
5242 2
5243 2
5244 5
5245 2
5246 4
5247 1
5248 1
5249 2
5250 3
5251 4
5252 3
5253 2
5254 1
5255 1
5256 2
5257 3
5258 1
5259 4
5260 2
5261 3
5262 2
5263 1
5264 3
5265 4
5266 3
5267 5
5268 1
5269 2
5270 1
5271 4
5272 2
5273 1
5274 2
5275 2
5276 3
5277 1
5278 3
5279 1
5280 1
5281 4
5282 2
5283 2
5284 5
5285 3
5286 1
5287 2
5288 2
5289 1
5290 2
5291 2
5292 1
5293 1
5294 3
5295 4
5296 1
5297 2
5298 1
5299 1
5300 5
5301 4
5302 3
5303 2
5304 2
5305 3
5306 1
5307 2
5308 4
5309 1
5310 2
5311 2
5312 1
5313 1
5314 4
5315 2
5316 3
5317 3
5318 5
5319 1
5320 2
5321 2
5322 2
5323 2
5324 2
5325 1
5326 3
5327 1
5328 3
5329 1
5330 1
5331 3
5332 2
5333 2
5334 2
5335 4
5336 1
5337 2
5338 2
5339 4
5340 1
5341 3
5342 3
5343 2
5344 1
5345 1
5346 4
5347 1
5348 1
5349 2
5350 3
5351 1
5352 2
5353 3
5354 1
5355 1
5356 2
5357 1
5358 2
5359 4
5360 2
5361 2
5362 3
5363 1
5364 3
5365 4
5366 2
5367 1
5368 2
5369 2
5370 3
5371 1
5372 1
5373 2
5374 2
5375 5
5376 1
5377 5
5378 3
5379 5
5380 4
5381 1
5382 1
5383 1
5384 3
5385 2
5386 1
5387 2
5388 2
5389 2
5390 1
5391 4
5392 2
5393 2
5394 4
5395 2
5396 2
5397 1
5398 1
5399 2
5400 3
5401 4
5402 3
5403 2
5404 5
5405 2
5406 2
5407 2
5408 1
5409 1
5410 1
5411 1
5412 1
5413 4
5414 2
5415 3
5416 1
5417 2
5418 1
5419 2
5420 2
5421 1
5422 1
5423 2
5424 3
5425 4
5426 3
5427 1
5428 2
5429 2
5430 3
5431 5
5432 1
5433 2
5434 2
5435 2
5436 2
5437 1
5438 2
5439 1
5440 1
5441 2
5442 2
5443 2
5444 1
5445 4
5446 2
5447 1
5448 2
5449 4
5450 3
5451 2
5452 1
5453 1
5454 1
5455 1
5456 3
5457 1
5458 2
5459 4
5460 3
5461 3
5462 4
5463 2
5464 2
5465 1
5466 2
5467 2
5468 3
5469 1
5470 3
5471 5
5472 2
5473 3
5474 3
5475 1
5476 3
5477 1
5478 3
5479 3
5480 1
5481 5
5482 2
5483 1
5484 2
5485 5
5486 1
5487 2
5488 2
5489 2
5490 3
5491 2
5492 2
5493 4
5494 1
5495 2
5496 1
5497 3
5498 3
5499 1
5500 4
5501 3
5502 2
5503 5
5504 1
5505 2
5506 1
5507 2
5508 1
5509 2
5510 4
5511 5
5512 3
5513 3
5514 4
5515 5
5516 2
5517 1
5518 4
5519 4
5520 1
5521 4
5522 3
5523 5
5524 1
5525 4
5526 3
5527 1
5528 1
5529 3
5530 1
5531 3
5532 5
5533 3
5534 5
5535 2
5536 4
5537 3
5538 1
5539 1
5540 5
5541 3
5542 5
5543 3
5544 4
5545 3
5546 5
5547 4
5548 3
5549 3
5550 5
5551 3
5552 2
5553 1
5554 3
5555 2
5556 5
5557 2
5558 3
5559 5
5560 3
5561 4
5562 4
5563 1
5564 4
5565 5
5566 3
5567 2
5568 1
5569 2
5570 5
5571 2
5572 5
5573 2
5574 1
5575 3
5576 5
5577 3
5578 3
5579 4
5580 5
5581 1
5582 4
5583 1
5584 1
5585 5
5586 4
5587 3
5588 4
5589 4
5590 5
5591 5
5592 5
5593 3
5594 4
5595 4
5596 4
5597 4
5598 5
5599 2
5600 2
5601 1
5602 3
5603 4
5604 4
5605 2
5606 5
5607 4
5608 5
5609 3
5610 3
5611 4
5612 1
5613 2
5614 5
5615 5
5616 5
5617 3
5618 2
5619 4
5620 4
5621 2
5622 2
5623 5
5624 1
5625 2
5626 3
5627 2
5628 4
5629 3
5630 4
5631 3
5632 1
5633 4
5634 2
5635 1
5636 2
5637 5
5638 1
5639 1
5640 2
5641 3
5642 2
5643 3
5644 4
5645 1
5646 3
5647 1
5648 4
5649 5
5650 4
5651 4
5652 3
5653 3
5654 4
5655 1
5656 3
5657 2
5658 2
5659 1
5660 3
5661 1
5662 4
5663 1
5664 2
5665 3
5666 5
5667 2
5668 4
5669 1
5670 4
5671 3
5672 5
5673 4
5674 3
5675 2
5676 5
5677 1
5678 3
5679 4
5680 3
5681 2
5682 3
5683 1
5684 2
5685 4
5686 4
5687 2
5688 5
5689 2
5690 1
5691 4
5692 1
5693 3
5694 3
5695 5
5696 3
5697 4
5698 2
5699 5
5700 3
5701 4
5702 5
5703 5
5704 2
5705 4
5706 4
5707 2
5708 2
5709 2
5710 4
5711 3
5712 2
5713 4
5714 4
5715 5
5716 2
5717 3
5718 1
5719 1
5720 3
5721 1
5722 3
5723 3
5724 3
5725 4
5726 1
5727 1
5728 2
5729 3
5730 1
5731 3
5732 3
5733 5
5734 3
5735 3
5736 3
5737 1
5738 5
5739 2
5740 2
5741 2
5742 4
5743 3
5744 1
5745 3
5746 4
5747 4
5748 4
5749 5
5750 4
5751 5
5752 2
5753 2
5754 4
5755 2
5756 5
5757 3
5758 3
5759 1
5760 2
5761 3
5762 3
5763 3
5764 2
5765 2
5766 3
5767 5
5768 3
5769 2
5770 2
5771 1
5772 1
5773 5
5774 3
5775 1
5776 3
5777 2
5778 1
5779 1
5780 2
5781 1
5782 2
5783 5
5784 2
5785 3
5786 5
5787 3
5788 1
5789 2
5790 2
5791 2
5792 1
5793 5
5794 5
5795 1
5796 5
5797 3
5798 1
5799 4
5800 2
5801 5
5802 5
5803 1
5804 1
5805 3
5806 4
5807 3
5808 1
5809 5
5810 5
5811 4
5812 4
5813 3
5814 3
5815 2
5816 4
5817 1
5818 5
5819 3
5820 5
5821 4
5822 2
5823 1
5824 2
5825 1
5826 4
5827 5
5828 5
5829 4
5830 2
5831 2
5832 1
5833 2
5834 1
5835 1
5836 1
5837 2
5838 4
5839 1
5840 2
5841 3
5842 1
5843 3
5844 4
5845 3
5846 2
5847 1
5848 1
5849 5
5850 1
5851 3
5852 1
5853 5
5854 3
5855 5
5856 3
5857 2
5858 3
5859 3
5860 1
5861 5
5862 1
5863 1
5864 3
5865 3
5866 1
5867 2
5868 1
5869 3
5870 5
5871 4
5872 1
5873 2
5874 4
5875 5
5876 2
5877 2
5878 1
5879 1
5880 5
5881 1
5882 1
5883 1
5884 1
5885 3
5886 4
5887 4
5888 1
5889 4
5890 3
5891 5
5892 3
5893 4
5894 1
5895 4
5896 4
5897 4
5898 2
5899 2
5900 1
5901 3
5902 1
5903 3
5904 1
5905 1
5906 2
5907 4
5908 2
5909 2
5910 4
5911 1
5912 1
5913 1
5914 3
5915 5
5916 5
5917 4
5918 1
5919 4
5920 1
5921 2
5922 4
5923 4
5924 1
5925 1
5926 5
5927 1
5928 4
5929 1
5930 3
5931 4
5932 1
5933 2
5934 4
5935 4
5936 2
5937 2
5938 2
5939 5
5940 4
5941 1
5942 3
5943 1
5944 1
5945 3
5946 4
5947 1
5948 4
5949 1
5950 1
5951 1
5952 1
5953 1
5954 2
5955 4
5956 3
5957 4
5958 3
5959 5
5960 4
5961 2
5962 1
5963 4
5964 3
5965 1
5966 4
5967 1
5968 4
5969 3
5970 4
5971 4
5972 3
5973 4
5974 3
5975 1
5976 3
5977 3
5978 4
5979 1
5980 1
5981 2
5982 3
5983 4
5984 1
5985 4
5986 1
5987 2
5988 3
5989 1
5990 4
5991 2
5992 4
5993 5
5994 2
5995 3
5996 3
5997 2
5998 2
5999 1
6000 4
6001 3
6002 3
6003 4
6004 3
6005 3
6006 5
6007 4
6008 3
6009 2
6010 1
6011 1
6012 1
6013 4
6014 2
6015 3
6016 3
6017 3
6018 5
6019 1
6020 4
6021 3
6022 2
6023 3
6024 2
6025 4
6026 5
6027 1
6028 4
6029 4
6030 1
6031 1
6032 4
6033 2
6034 3
6035 1
6036 3
6037 2
6038 1
6039 3
6040 1
6041 1
6042 1
6043 2
6044 1
6045 4
6046 2
6047 2
6048 2
6049 1
6050 3
6051 4
6052 1
6053 3
6054 4
6055 1
6056 4
6057 1
6058 4
6059 2
6060 2
6061 2
6062 1
6063 1
6064 1
6065 3
6066 3
6067 3
6068 1
6069 1
6070 2
6071 3
6072 1
6073 3
6074 1
6075 1
6076 3
6077 3
6078 3
6079 4
6080 1
6081 5
6082 3
6083 5
6084 3
6085 3
6086 3
6087 2
6088 2
6089 3
6090 4
6091 2
6092 4
6093 2
6094 2
6095 3
6096 3
6097 3
6098 1
6099 2
6100 4
6101 5
6102 3
6103 3
6104 3
6105 4
6106 3
6107 4
6108 5
6109 3
6110 1
6111 3
6112 2
6113 3
6114 4
6115 3
6116 2
6117 1
6118 2
6119 1
6120 4
6121 2
6122 3
6123 1
6124 3
6125 3
6126 3
6127 1
6128 1
6129 2
6130 3
6131 4
6132 4
6133 2
6134 2
6135 2
6136 1
6137 2
6138 2
6139 1
6140 4
6141 4
6142 1
6143 2
6144 4
6145 2
6146 3
6147 4
6148 5
6149 4
6150 2
6151 2
6152 2
6153 1
6154 2
6155 1
6156 4
6157 1
6158 4
6159 1
6160 2
6161 1
6162 4
6163 2
6164 5
6165 1
6166 2
6167 4
6168 4
6169 2
6170 4
6171 4
6172 3
6173 2
6174 1
6175 1
6176 5
6177 2
6178 1
6179 2
6180 1
6181 5
6182 2
6183 2
6184 1
6185 1
6186 2
6187 2
6188 1
6189 2
6190 3
6191 1
6192 1
6193 3
6194 1
6195 1
6196 1
6197 1
6198 2
6199 1
6200 3
6201 3
6202 1
6203 1
6204 3
6205 3
6206 2
6207 1
6208 1
6209 3
6210 2
6211 2
6212 1
6213 4
6214 3
6215 1
6216 3
6217 2
6218 2
6219 1
6220 4
6221 1
6222 3
6223 2
6224 2
6225 1
6226 2
6227 3
6228 4
6229 4
6230 3
6231 2
6232 3
6233 2
6234 4
6235 4
6236 1
6237 4
6238 1
6239 4
6240 3
6241 3
6242 3
6243 4
6244 2
6245 2
6246 1
6247 3
6248 1
6249 3
6250 3
6251 4
6252 2
6253 4
6254 4
6255 3
6256 2
6257 4
6258 4
6259 3
6260 3
6261 1
6262 3
6263 3
6264 5
6265 3
6266 3
6267 1
6268 3
6269 2
6270 1
6271 3
6272 2
6273 2
6274 3
6275 3
6276 1
6277 2
6278 1
6279 2
6280 2
6281 1
6282 2
6283 3
6284 2
6285 2
6286 3
6287 1
6288 2
6289 1
6290 1
6291 4
6292 1
6293 4
6294 1
6295 1
6296 2
6297 2
6298 2
6299 3
6300 2
6301 2
6302 4
6303 2
6304 2
6305 4
6306 3
6307 2
6308 1
6309 4
6310 2
6311 4
6312 1
6313 2
6314 2
6315 4
6316 3
6317 2
6318 3
6319 1
6320 3
6321 4
6322 1
6323 1
6324 2
6325 3
6326 3
6327 1
6328 4
6329 1
6330 2
6331 1
6332 2
6333 2
6334 4
6335 4
6336 5
6337 1
6338 4
6339 1
6340 1
6341 3
6342 1
6343 2
6344 4
6345 2
6346 1
6347 2
6348 2
6349 3
6350 2
6351 1
6352 1
6353 1
6354 2
6355 2
6356 3
6357 1
6358 3
6359 1
6360 1
6361 1
6362 3
6363 3
6364 3
6365 3
6366 3
6367 1
6368 2
6369 1
6370 3
6371 2
6372 2
6373 2
6374 3
6375 3
6376 1
6377 2
6378 2
6379 1
6380 3
6381 2
6382 1
6383 1
6384 4
6385 1
6386 2
6387 4
6388 4
6389 2
6390 4
6391 1
6392 2
6393 5
6394 1
6395 1
6396 1
6397 2
6398 2
6399 4
6400 3
6401 1
6402 2
6403 2
6404 1
6405 4
6406 3
6407 4
6408 2
6409 3
6410 2
6411 4
6412 1
6413 1
6414 3
6415 1
6416 2
6417 1
6418 2
6419 2
6420 1
6421 3
6422 2
6423 4
6424 3
6425 4
6426 2
6427 3
6428 1
6429 3
6430 1
6431 2
6432 4
6433 1
6434 1
6435 2
6436 2
6437 3
6438 3
6439 4
6440 3
6441 1
6442 1
6443 1
6444 3
6445 2
6446 2
6447 2
6448 2
6449 2
6450 2
6451 2
6452 2
6453 2
6454 1
6455 1
6456 2
6457 4
6458 2
6459 3
6460 2
6461 4
6462 2
6463 1
6464 1
6465 1
6466 2
6467 2
6468 4
6469 1
6470 2
6471 2
6472 2
6473 4
6474 1
6475 1
6476 1
6477 2
6478 2
6479 2
6480 4
6481 4
6482 2
6483 2
6484 1
6485 1
6486 1
6487 2
6488 1
6489 3
6490 2
6491 2
6492 3
6493 2
6494 2
6495 3
6496 1
6497 4
6498 2
6499 3
6500 4
6501 2
6502 3
6503 3
6504 3
6505 4
6506 2
6507 2
6508 3
6509 3
6510 2
6511 1
6512 2
6513 2
6514 3
6515 1
6516 4
6517 3
6518 1
6519 2
6520 2
6521 1
6522 3
6523 2
6524 3
6525 1
6526 1
6527 3
6528 2
6529 2
6530 2
6531 4
6532 4
6533 4
6534 1
6535 2
6536 2
6537 1
6538 2
6539 3
6540 1
6541 1
6542 3
6543 1
6544 3
6545 2
6546 3
6547 2
6548 4
6549 1
6550 2
6551 3
6552 2
6553 4
6554 2
6555 1
6556 1
6557 1
6558 1
6559 1
6560 1
6561 2
6562 3
6563 2
6564 4
6565 1
6566 4
6567 1
6568 2
6569 3
6570 1
6571 1
6572 1
6573 3
6574 3
6575 1
6576 1
6577 4
6578 2
6579 2
6580 2
6581 1
6582 1
6583 4
6584 5
6585 2
6586 1
6587 3
6588 1
6589 3
6590 1
6591 1
6592 2
6593 3
6594 3
6595 1
6596 1
6597 3
6598 1
6599 1
6600 2
6601 4
6602 2
6603 3
6604 2
6605 1
6606 4
6607 2
6608 1
6609 3
6610 3
6611 2
6612 4
6613 3
6614 2
6615 2
6616 1
6617 2
6618 4
6619 1
6620 1
6621 4
6622 2
6623 1
6624 1
6625 2
6626 1
6627 3
6628 2
6629 2
6630 1
6631 3
6632 2
6633 2
6634 2
6635 1
6636 3
6637 1
6638 3
6639 1
6640 1
6641 2
6642 1
6643 2
6644 4
6645 4
6646 1
6647 3
6648 3
6649 4
6650 2
6651 3
6652 4
6653 1
6654 2
6655 1
6656 3
6657 2
6658 2
6659 4
6660 1
6661 1
6662 2
6663 4
6664 2
6665 3
6666 2
6667 1
6668 3
6669 1
6670 2
6671 2
6672 3
6673 2
6674 2
6675 3
6676 1
6677 1
6678 1
6679 1
6680 3
6681 1
6682 1
6683 2
6684 4
6685 1
6686 4
6687 2
6688 1
6689 2
6690 2
6691 3
6692 3
6693 1
6694 4
6695 3
6696 3
6697 1
6698 4
6699 1
6700 1
6701 4
6702 1
6703 1
6704 3
6705 1
6706 5
6707 2
6708 1
6709 2
6710 2
6711 3
6712 1
6713 1
6714 1
6715 1
6716 2
6717 1
6718 3
6719 3
6720 2
6721 2
6722 2
6723 3
6724 1
6725 1
6726 2
6727 1
6728 1
6729 2
6730 2
6731 4
6732 1
6733 2
6734 3
6735 2
6736 1
6737 2
6738 3
6739 2
6740 3
6741 1
6742 3
6743 1
6744 1
6745 1
6746 2
6747 2
6748 3
6749 2
6750 1
6751 2
6752 1
6753 2
6754 3
6755 3
6756 1
6757 1
6758 1
6759 2
6760 2
6761 1
6762 1
6763 3
6764 1
6765 3
6766 2
6767 2
6768 1
6769 2
6770 1
6771 3
6772 3
6773 3
6774 1
6775 1
6776 2
6777 4
6778 1
6779 2
6780 3
6781 3
6782 2
6783 1
6784 4
6785 2
6786 3
6787 4
6788 3
6789 1
6790 1
6791 3
6792 4
6793 1
6794 1
6795 2
6796 1
6797 4
6798 2
6799 3
6800 1
6801 2
6802 3
6803 3
6804 2
6805 1
6806 2
6807 1
6808 2
6809 4
6810 4
6811 3
6812 1
6813 1
6814 2
6815 2
6816 3
6817 4
6818 1
6819 2
6820 2
6821 1
6822 3
6823 3
6824 4
6825 2
6826 1
6827 2
6828 3
6829 2
6830 3
6831 4
6832 2
6833 1
6834 1
6835 1
6836 3
6837 1
6838 4
6839 1
6840 1
6841 2
6842 1
6843 1
6844 1
6845 2
6846 2
6847 1
6848 1
6849 1
6850 2
6851 2
6852 2
6853 2
6854 4
6855 2
6856 3
6857 1
6858 4
6859 2
6860 3
6861 4
6862 3
6863 4
6864 2
6865 3
6866 2
6867 1
6868 1
6869 2
6870 1
6871 4
6872 2
6873 3
6874 1
6875 2
6876 1
6877 3
6878 2
6879 2
6880 4
6881 3
6882 1
6883 2
6884 1
6885 3
6886 4
6887 1
6888 1
6889 1
6890 2
6891 2
6892 4
6893 2
6894 3
6895 2
6896 1
6897 2
6898 2
6899 1
6900 2
6901 2
6902 3
6903 1
6904 2
6905 2
6906 2
6907 1
6908 3
6909 1
6910 1
6911 3
6912 1
6913 4
6914 1
6915 2
6916 1
6917 1
6918 2
6919 1
6920 1
6921 2
6922 2
6923 3
6924 2
6925 4
6926 2
6927 3
6928 1
6929 3
6930 1
6931 1
6932 4
6933 1
6934 3
6935 2
6936 1
6937 1
6938 2
6939 1
6940 3
6941 4
6942 1
6943 3
6944 1
6945 3
6946 2
6947 1
6948 2
6949 2
6950 2
6951 2
6952 2
6953 1
6954 1
6955 1
6956 2
6957 1
6958 1
6959 1
6960 2
6961 2
6962 1
6963 2
6964 1
6965 1
6966 1
6967 2
6968 1
6969 1
6970 1
6971 3
6972 2
6973 1
6974 1
6975 2
6976 1
6977 1
6978 2
6979 2
6980 1
6981 1
6982 2
6983 2
6984 1
6985 1
6986 4
6987 2
6988 2
6989 2
6990 2
6991 1
6992 1
6993 2
6994 1
6995 3
6996 1
6997 1
6998 2
6999 4
7000 3
7001 2
7002 1
7003 3
7004 2
7005 1
7006 2
7007 1
7008 3
7009 1
7010 1
7011 3
7012 1
7013 2
7014 2
7015 1
7016 1
7017 1
7018 1
7019 1
7020 1
7021 1
7022 1
7023 2
7024 3
7025 3
7026 1
7027 2
7028 4
7029 1
7030 2
7031 2
7032 3
7033 1
7034 1
7035 3
7036 1
7037 2
7038 1
7039 3
7040 2
7041 1
7042 2
7043 2
7044 3
7045 1
7046 3
7047 3
7048 1
7049 3
7050 3
7051 2
7052 1
7053 1
7054 2
7055 2
7056 2
7057 1
7058 1
7059 2
7060 1
7061 1
7062 1
7063 1
7064 1
7065 2
7066 1
7067 1
7068 3
7069 2
7070 1
7071 1
7072 1
7073 1
7074 2
7075 1
7076 2
7077 1
7078 1
7079 1
7080 2
7081 1
7082 2
7083 2
7084 2
7085 2
7086 1
7087 3
7088 2
7089 2
7090 3
7091 1
7092 2
7093 1
7094 3
7095 1
7096 2
7097 4
7098 1
7099 1
7100 2
7101 1
7102 2
7103 2
7104 1
7105 4
7106 1
7107 4
7108 1
7109 1
7110 1
7111 2
7112 2
7113 1
7114 1
7115 2
7116 1
7117 1
7118 1
7119 2
7120 2
7121 3
7122 1
7123 2
7124 1
7125 2
7126 1
7127 2
7128 3
7129 1
7130 2
7131 1
7132 1
7133 4
7134 1
7135 3
7136 4
7137 2
7138 2
7139 1
7140 1
7141 2
7142 1
7143 1
7144 1
7145 3
7146 2
7147 2
7148 2
7149 2
7150 1
7151 1
7152 1
7153 2
7154 1
7155 1
7156 1
7157 1
7158 3
7159 1
7160 2
7161 2
7162 1
7163 2
7164 3
7165 1
7166 1
7167 3
7168 2
7169 3
7170 1
7171 3
7172 1
7173 1
7174 1
7175 2
7176 1
7177 1
7178 1
7179 1
7180 1
7181 1
7182 1
7183 3
7184 4
7185 2
7186 1
7187 2
7188 2
7189 2
7190 1
7191 1
7192 2
7193 2
7194 1
7195 1
7196 1
7197 1
7198 1
7199 1
7200 1
7201 1
7202 3
7203 2
7204 3
7205 3
7206 4
7207 3
7208 1
7209 2
7210 2
7211 4
7212 2
7213 1
7214 2
7215 1
7216 2
7217 3
7218 1
7219 1
7220 1
7221 3
7222 2
7223 3
7224 2
7225 2
7226 1
7227 2
7228 1
7229 2
7230 3
7231 1
7232 1
7233 1
7234 3
7235 2
7236 1
7237 2
7238 1
7239 3
7240 3
7241 3
7242 2
7243 1
7244 1
7245 3
7246 1
7247 3
7248 1
7249 3
7250 3
7251 2
7252 1
7253 1
7254 1
7255 2
7256 1
7257 1
7258 2
7259 2
7260 3
7261 1
7262 2
7263 1
7264 3
7265 1
7266 1
7267 1
7268 4
7269 2
7270 2
7271 1
7272 2
7273 1
7274 2
7275 1
7276 1
7277 1
7278 2
7279 1
7280 1
7281 2
7282 2
7283 1
7284 1
7285 2
7286 1
7287 1
7288 3
7289 1
7290 1
7291 2
7292 2
7293 1
7294 1
7295 4
7296 2
7297 2
7298 2
7299 2
7300 1
7301 2
7302 1
7303 1
7304 1
7305 2
7306 3
7307 2
7308 2
7309 2
7310 1
7311 1
7312 1
7313 1
7314 1
7315 1
7316 1
7317 1
7318 1
7319 4
7320 1
7321 1
7322 2
7323 1
7324 2
7325 2
7326 2
7327 2
7328 3
7329 4
7330 1
7331 3
7332 1
7333 1
7334 3
7335 2
7336 3
7337 1
7338 1
7339 2
7340 4
7341 2
7342 1
7343 1
7344 1
7345 3
7346 2
7347 3
7348 2
7349 1
7350 2
7351 1
7352 1
7353 2
7354 1
7355 1
7356 1
7357 2
7358 1
7359 1
7360 1
7361 2
7362 1
7363 1
7364 1
7365 2
7366 2
7367 1
7368 3
7369 4
7370 2
7371 1
7372 2
7373 1
7374 1
7375 2
7376 1
7377 1
7378 1
7379 1
7380 1
7381 2
7382 2
7383 2
7384 3
7385 1
7386 1
7387 1
7388 1
7389 3
7390 2
7391 1
7392 3
