7377 1
8078 1
7070 1
6332 1
6563 1
8569 1
5063 1
5076 1
5506 1
7998 1
7867 1
2084 1
4735 1
5246 1
4433 1
7884 1
7885 1
7886 1
4485 1
2062 1
2069 1
2070 1
2071 1
2072 1
8498 1
8719 1
2944 1
3218 1
3219 1
3220 1
7803 1
5015 1
7220 1
7262 1
7263 1
7270 1
2252 1
2262 1
2263 1
2728 1
8076 1
6585 1
6590 1
3549 1
3555 1
3556 1
2815 1
2824 1
7903 1
1179 1
3656 1
3657 1
7706 1
7707 1
2746 1
197 1
7926 1
5920 1
7294 1
7927 1
7295 1
7296 1
7298 1
2137 1
7236 1
7237 1
7238 1
7239 1
1828 1
1830 1
6718 1
3282 1
8298 1
7831 1
7832 1
7833 1
7834 1
6945 1
6946 1
3353 1
3354 1
438 1
481 1
482 1
7829 1
5865 1
5868 1
5869 1
8001 1
9404 1
9405 1
2109 1
3954 1
3955 1
230 1
240 1
5277 1
4661 1
4662 1
8508 1
2914 1
2915 1
2921 1
7897 1
3893 1
7874 1
7875 1
7271 1
7272 1
7274 1
7170 1
7471 1
4535 1
3982 1
3994 1
3995 1
3999 1
4002 1
4005 1
4022 1
4023 1
8795 1
8796 1
9243 1
649 1
678 1
7322 1
9416 1
8378 1
8379 1
8381 1
8382 1
8383 1
8852 1
7786 1
7788 1
4504 1
7709 1
7712 1
7713 1
8422 1
8420 1
8421 1
6508 1
4285 1
4653 1
4655 1
8575 1
7975 1
8101 1
8102 1
8300 1
8542 1
7249 1
2855 1
1074 1
1091 1
1114 1
1118 1
1122 1
1126 1
7980 1
7981 1
4348 1
5605 1
5610 1
2409 1
2410 1
6814 1
6816 1
6817 1
4049 1
4052 1
6681 1
6682 1
7813 1
7814 1
9279 1
9280 1
6450 1
7195 1
8614 1
6707 1
5617 1
5618 1
5619 1
3869 1
3876 1
5785 1
4531 1
5348 1
7106 1
7107 1
7109 1
830 1
831 1
843 1
847 1
863 1
865 1
866 1
867 1
869 1
870 1
871 1
872 1
873 1
874 1
875 1
876 1
877 1
880 1
1794 1
1795 1
1796 1
3402 1
3913 1
3914 1
3917 1
3922 1
3924 1
3248 1
3249 1
3251 1
3340 1
6913 1
1512 1
3176 1
7941 1
7942 1
4524 1
4525 1
4526 1
1645 1
1646 1
1648 1
8164 1
5882 1
4810 1
4811 1
4812 1
3323 1
7628 1
3933 1
7828 1
6924 1
2422 1
2424 1
2433 1
2438 1
2442 1
2449 1
7976 1
4938 1
4940 1
4941 1
4943 1
4066 1
4076 1
1600 1
1368 1
1369 1
1378 1
1381 1
6765 1
6766 1
6768 1
2321 1
3631 1
1531 1
1532 1
9247 1
9248 1
4323 1
4324 1
9414 1
9415 1
3524 1
8640 1
7890 1
7891 1
1975 1
8465 1
7794 1
4880 1
8097 1
8098 1
8099 1
8100 1
7878 1
3899 1
3900 1
3901 1
3902 1
3908 1
3909 1
7801 1
7802 1
8770 1
8771 1
4544 1
4553 1
7993 1
6519 1
5671 1
5672 1
7291 1
7735 1
5399 1
5404 1
7475 1
7476 1
7477 1
7479 1
7376 1
8134 1
8135 1
8136 1
7873 1
9083 1
9084 1
3573 1
4150 1
8448 1
7185 1
7186 1
375 1
7740 1
8008 1
2705 1
2706 1
7836 1
7792 1
7451 1
2980 1
5473 1
9221 1
7192 1
3725 1
3726 1
3727 1
8625 1
7124 1
7125 1
6735 1
6737 1
6738 1
6739 1
6740 1
6746 1
6747 1
6748 1
6749 1
6750 1
6753 1
6757 1
6759 1
6761 1
6762 1
3670 1
3674 1
3675 1
4745 1
3289 1
6359 1
7933 1
6932 1
8724 1
8272 1
4910 1
6346 1
6347 1
7459 1
4168 1
4169 1
4172 1
6306 1
6308 1
4904 1
8006 1
3236 1
6598 1
6599 1
6600 1
6602 1
7806 1
8473 1
3539 1
3542 1
4449 1
8070 1
8071 1
7007 1
7016 1
7018 1
7019 1
7021 1
7024 1
4568 1
5983 1
5984 1
6336 1
6338 1
8942 1
8943 1
7356 1
7456 1
6806 1
7417 1
8430 1
8431 1
8432 1
8738 1
1019 1
1023 1
1028 1
1037 1
1048 1
1053 1
1056 1
1059 1
1060 1
1061 1
1062 1
1202 1
6995 1
7313 1
7679 1
5761 1
9304 1
9305 1
9306 1
9307 1
9308 1
9309 1
9310 1
9311 1
9312 1
9313 1
9314 1
9315 1
9316 1
9317 1
9318 1
3936 1
6159 1
6160 1
6161 1
6162 1
8069 1
6560 1
7482 1
4892 1
4895 1
6929 1
9031 1
7888 1
1277 1
1278 1
1279 1
1282 1
1284 1
1288 1
7317 1
7252 1
1835 1
2489 1
2514 1
2515 1
2516 1
2517 1
2518 1
2720 1
2955 1
2958 1
2959 1
2963 1
2964 1
2965 1
5547 1
2894 1
7838 1
7228 1
9118 1
9119 1
8533 1
8390 1
8391 1
7868 1
5423 1
8011 1
7334 1
7335 1
9290 1
9291 1
6301 1
5020 1
5024 1
5762 1
6827 1
6835 1
6484 1
4841 1
3006 1
2880 1
2883 1
2884 1
2885 1
7315 1
8663 1
7171 1
4958 1
4962 1
4976 1
4980 1
4984 1
4989 1
4996 1
5000 1
5313 1
5316 1
5318 1
5303 1
3973 1
3976 1
7242 1
7979 1
5996 1
8716 1
8717 1
5455 1
9426 1
9427 1
9428 1
9429 1
9430 1
9431 1
9432 1
9433 1
9434 1
9435 1
8651 1
8652 1
8653 1
8654 1
8655 1
8656 1
8657 1
8658 1
8660 1
5462 1
6709 1
6710 1
6712 1
7987 1
7988 1
1881 1
7909 1
7311 1
3722 1
1759 1
1631 1
1719 1
1728 1
1733 1
1734 1
1735 1
1736 1
1737 1
1738 1
1739 1
1740 1
1741 1
1742 1
1743 1
1744 1
1745 1
1746 1
1747 1
1748 1
6935 1
6937 1
7950 1
3387 1
3388 1
3389 1
3390 1
4685 1
8329 1
5978 1
5979 1
5981 1
5982 1
4105 1
4109 1
4110 1
4111 1
5194 1
8767 1
7615 1
8419 1
3274 1
7790 1
7791 1
4576 1
4436 1
7642 1
3039 1
6638 1
6643 1
6645 1
6649 1
6650 1
7045 1
7046 1
3320 1
8604 1
6248 1
6251 1
6252 1
6254 1
6255 1
6616 1
3638 1
3643 1
7597 1
6554 1
8541 1
2551 1
2552 1
4830 1
4831 1
4832 1
7344 1
7688 1
7690 1
7691 1
7542 1
6844 1
6846 1
3616 1
7364 1
7367 1
6472 1
4852 1
4854 1
4855 1
2993 1
2994 1
2995 1
4927 1
7389 1
7391 1
3649 1
7919 1
7921 1
7922 1
8121 1
3082 1
1342 1
1344 1
3256 1
9067 1
9068 1
6206 1
9274 1
7134 1
5231 1
5233 1
5234 1
5235 1
4561 1
6934 1
5151 1
5892 1
7176 1
7116 1
7117 1
6420 1
6462 1
5627 1
5628 1
9271 1
6569 1
7431 1
7433 1
7434 1
7435 1
8732 1
7232 1
7233 1
7234 1
6669 1
6670 1
6412 1
7698 1
7994 1
4269 1
4272 1
4274 1
9022 1
9023 1
8748 1
6406 1
6407 1
6408 1
6409 1
6411 1
8597 1
8598 1
8599 1
8600 1
8601 1
8602 1
9411 1
9412 1
9413 1
5740 1
5741 1
8502 1
8503 1
8504 1
8505 1
8506 1
8507 1
8676 1
7616 1
8372 1
8295 1
9176 1
4210 1
4277 1
7126 1
8496 1
8153 1
8639 1
7879 1
8464 1
4198 1
4199 1
4201 1
4203 1
4204 1
2294 1
2306 1
2307 1
2309 1
5370 1
7630 1
7631 1
7632 1
7633 1
5091 1
5092 1
5093 1
4181 1
5601 1
5602 1
6152 1
6295 1
7212 1
4539 1
5333 1
7977 1
8894 1
7394 1
7395 1
7397 1
7398 1
7399 1
6352 1
4934 1
4134 1
4136 1
5339 1
7983 1
7162 1
7563 1
5629 1
5631 1
5632 1
6129 1
6130 1
6132 1
5259 1
8630 1
7320 1
7340 1
4391 1
7880 1
7371 1
7373 1
5445 1
5446 1
7844 1
7846 1
7847 1
6608 1
6609 1
6610 1
3456 1
3463 1
3466 1
7599 1
7569 1
4080 1
4081 1
6019 1
6022 1
6028 1
6034 1
6035 1
6037 1
6039 1
6040 1
6042 1
6043 1
6878 1
1407 1
1417 1
7155 1
4657 1
4658 1
4659 1
7663 1
7664 1
5914 1
5915 1
5917 1
9058 1
7380 1
7257 1
7260 1
7551 1
9281 1
9282 1
4208 1
7779 1
6048 1
780 1
783 1
7910 1
7912 1
7913 1
7914 1
7915 1
7916 1
7734 1
9052 1
9053 1
7083 1
7084 1
5745 1
8273 1
8463 1
4424 1
7440 1
6858 1
7430 1
2837 1
2845 1
6921 1
8681 1
4242 1
4243 1
4251 1
7815 1
6613 1
6543 1
4491 1
4496 1
4501 1
7303 1
7308 1
7309 1
6414 1
6415 1
6416 1
6418 1
6627 1
6550 1
7339 1
6485 1
6486 1
2205 1
2223 1
2224 1
2225 1
2226 1
2227 1
2231 1
2232 1
2233 1
2236 1
2244 1
2245 1
2247 1
2250 1
2836 1
1463 1
1464 1
1465 1
1466 1
1467 1
1468 1
1469 1
1470 1
1471 1
1472 1
1473 1
8948 1
9089 1
9090 1
8144 1
8145 1
6179 1
6180 1
6185 1
6189 1
8532 1
6463 1
7821 1
7822 1
7823 1
7194 1
5471 1
9294 1
3686 1
3689 1
3690 1
5537 1
7591 1
7592 1
7593 1
7594 1
7953 1
1888 1
1890 1
8789 1
8790 1
8791 1
8792 1
8793 1
3733 1
2675 1
2679 1
2685 1
9342 1
5384 1
3660 1
6198 1
6199 1
7351 1
7481 1
6988 1
7536 1
5768 1
8374 1
6121 1
6123 1
6125 1
6315 1
9338 1
6636 1
8384 1
6455 1
2797 1
6784 1
6785 1
6786 1
6787 1
8547 1
8246 1
5692 1
8182 1
2286 1
2289 1
7101 1
6683 1
5217 1
5218 1
5219 1
5220 1
2340 1
7214 1
7217 1
7218 1
4413 1
4418 1
4420 1
4421 1
4422 1
4423 1
702 1
710 1
4629 1
8594 1
2009 1
2010 1
3584 1
8970 1
4334 1
7400 1
7403 1
7404 1
7406 1
7407 1
7408 1
7078 1
7004 1
6664 1
6666 1
7113 1
8073 1
5266 1
8778 1
8803 1
8804 1
8845 1
8846 1
9368 1
8782 1
7999 1
8000 1
9394 1
5083 1
5426 1
5429 1
5431 1
3503 1
7093 1
8925 1
6538 1
6539 1
4437 1
4690 1
4691 1
7572 1
7573 1
7575 1
6404 1
7073 1
7074 1
7075 1
6447 1
6448 1
8661 1
8836 1
8837 1
8838 1
4642 1
4643 1
4647 1
4648 1
4649 1
4650 1
8361 1
6702 1
4767 1
4768 1
9275 1
5493 1
6651 1
3754 1
3758 1
3764 1
3765 1
3766 1
7528 1
7529 1
7531 1
7532 1
7533 1
8971 1
5354 1
5359 1
5360 1
9378 1
9379 1
8573 1
8693 1
4402 1
8769 1
8449 1
8450 1
3084 1
3085 1
6285 1
6286 1
6287 1
6290 1
4220 1
4221 1
6697 1
6699 1
9373 1
9374 1
4673 1
4675 1
4679 1
6190 1
2089 1
4456 1
4457 1
8068 1
6923 1
7587 1
8087 1
1559 1
1561 1
1562 1
1563 1
1564 1
1572 1
1573 1
1578 1
1581 1
1586 1
8223 1
7887 1
3622 1
3623 1
3624 1
9345 1
9346 1
9347 1
9349 1
9350 1
9351 1
9352 1
9353 1
9354 1
9355 1
9356 1
9357 1
5002 1
7797 1
7798 1
7799 1
7800 1
3018 1
8336 1
9329 1
271 1
274 1
8733 1
7649 1
8013 1
5475 1
2344 1
6432 1
6433 1
6434 1
8720 1
8850 1
4517 1
985 1
8596 1
8427 1
9283 1
9284 1
9285 1
9286 1
9287 1
9288 1
9289 1
8122 1
8632 1
8633 1
8889 1
7905 1
4752 1
4753 1
6853 1
6855 1
4530 1
5170 1
5518 1
5519 1
9236 1
9320 1
9321 1
9322 1
3676 1
7524 1
7525 1
7527 1
9396 1
7685 1
7686 1
7687 1
8510 1
7179 1
9261 1
9262 1
9263 1
8397 1
8398 1
8400 1
8401 1
5302 1
8924 1
2581 1
2582 1
2583 1
2584 1
2585 1
2587 1
2598 1
3596 1
8951 1
8952 1
9339 1
4223 1
4224 1
4232 1
4234 1
4236 1
5766 1
7130 1
3601 1
1844 1
1854 1
1856 1
6939 1
6940 1
8705 1
2180 1
2181 1
2182 1
2183 1
5925 1
5928 1
5932 1
5933 1
6622 1
6952 1
7177 1
7178 1
7902 1
5490 1
5533 1
8511 1
9343 1
9344 1
5012 1
5013 1
7856 1
7858 1
7859 1
7860 1
7861 1
7862 1
7863 1
7864 1
7865 1
7866 1
8669 1
7152 1
7154 1
6723 1
7443 1
7444 1
7445 1
7446 1
8023 1
8024 1
8025 1
8026 1
8027 1
8028 1
8029 1
8030 1
8031 1
8032 1
8033 1
8034 1
8035 1
8036 1
8037 1
8038 1
8039 1
8040 1
8041 1
8042 1
8043 1
8044 1
8045 1
8046 1
8047 1
8048 1
8049 1
8055 1
5562 1
5564 1
6376 1
6377 1
5934 1
5942 1
5950 1
5953 1
5955 1
5956 1
5957 1
5958 1
5959 1
5965 1
7584 1
6263 1
6264 1
6265 1
6268 1
6270 1
6271 1
6273 1
6274 1
6275 1
6277 1
6278 1
6280 1
6281 1
6282 1
6284 1
3778 1
6460 1
4578 1
5181 1
9419 1
8685 1
8687 1
9398 1
8375 1
9268 1
9269 1
9270 1
8479 1
8711 1
8712 1
8713 1
8146 1
6351 1
7818 1
5553 1
5554 1
5555 1
8292 1
8293 1
8294 1
6654 1
6655 1
6656 1
8086 1
5650 1
5482 1
5483 1
5484 1
5486 1
5488 1
9369 1
9370 1
9371 1
9372 1
6895 1
6869 1
7581 1
3492 1
3499 1
6623 1
9030 1
4295 1
4297 1
971 1
5644 1
4211 1
4212 1
7205 1
7206 1
7749 1
7750 1
7752 1
9380 1
9381 1
7958 1
7959 1
7960 1
7961 1
7963 1
7964 1
7965 1
7966 1
7967 1
7968 1
7969 1
9391 1
9392 1
9393 1
6523 1
8777 1
6872 1
9383 1
9384 1
9385 1
7579 1
7580 1
7695 1
8137 1
6657 1
6658 1
5139 1
8873 1
7032 1
7033 1
7034 1
8994 1
7848 1
7850 1
7851 1
5004 1
8570 1
7743 1
7744 1
2391 1
6403 1
8183 1
9386 1
5721 1
8424 1
8425 1
8426 1
7062 1
7762 1
7764 1
7765 1
7766 1
7767 1
7336 1
7337 1
7338 1
7925 1
959 1
960 1
6687 1
5173 1
5175 1
7277 1
3564 1
8268 1
3582 1
6493 1
6494 1
6495 1
6496 1
6877 1
9319 1
5549 1
5350 1
5351 1
5126 1
5127 1
5128 1
5129 1
2161 1
6528 1
6530 1
7557 1
7058 1
8750 1
8751 1
8752 1
8753 1
8754 1
8755 1
8756 1
8757 1
8758 1
2388 1
9219 1
8612 1
8613 1
3742 1
8493 1
8494 1
8495 1
7413 1
7416 1
4256 1
8587 1
8588 1
8589 1
6611 1
6612 1
8204 1
5895 1
5896 1
5901 1
5902 1
5903 1
8691 1
8692 1
6979 1
8543 1
6385 1
8812 1
8259 1
2766 1
6163 1
292 1
7349 1
4729 1
4730 1
8277 1
6436 1
6438 1
8347 1
8350 1
7299 1
1479 1
1480 1
1488 1
6798 1
6804 1
6805 1
7543 1
7544 1
8234 1
9103 1
9395 1
6451 1
8536 1
4817 1
4819 1
4820 1
4821 1
4822 1
4824 1
334 1
337 1
338 1
340 1
341 1
47 1
48 1
7197 1
6402 1
4367 1
8138 1
8139 1
8140 1
8239 1
5209 1
6469 1
8981 1
8982 1
8983 1
5548 1
8974 1
6120 1
7211 1
6369 1
6371 1
6374 1
8468 1
7203 1
8768 1
7606 1
7607 1
3370 1
3373 1
3374 1
3375 1
8313 1
9040 1
6053 1
6054 1
6055 1
6056 1
6057 1
6058 1
6059 1
6060 1
6061 1
6062 1
8721 1
8722 1
4303 1
5705 1
2567 1
8718 1
5688 1
7625 1
7978 1
8607 1
8609 1
6194 1
6196 1
4351 1
7447 1
7448 1
7449 1
7450 1
2098 1
2102 1
8104 1
5148 1
8849 1
2144 1
2145 1
2147 1
2148 1
5800 1
8373 1
6477 1
6479 1
6480 1
6482 1
6483 1
8527 1
6679 1
9331 1
9332 1
9333 1
9334 1
9335 1
9336 1
9337 1
9029 1
6309 1
5439 1
5440 1
5441 1
3421 1
3423 1
3426 1
3427 1
3430 1
3431 1
3432 1
3433 1
3434 1
9277 1
9278 1
7604 1
9272 1
8930 1
8706 1
4749 1
8237 1
3682 1
3685 1
6398 1
3705 1
7325 1
8725 1
8726 1
8727 1
8728 1
8729 1
5498 1
7003 1
7811 1
8916 1
5664 1
5665 1
8159 1
7420 1
7422 1
7423 1
7425 1
7427 1
7429 1
2015 1
3284 1
8736 1
8737 1
7952 1
7199 1
9057 1
9154 1
25 1
26 1
28 1
8276 1
5294 1
5295 1
5296 1
5297 1
8132 1
5130 1
5131 1
4786 1
4790 1
4791 1
4792 1
4793 1
5791 1
5792 1
5794 1
5795 1
5798 1
8872 1
8387 1
8388 1
6439 1
9324 1
9325 1
9327 1
9328 1
8307 1
9239 1
4569 1
6070 1
6071 1
6072 1
6075 1
6077 1
6078 1
6079 1
6084 1
6086 1
6089 1
6091 1
6093 1
6096 1
6097 1
6098 1
6099 1
6100 1
6103 1
6104 1
6106 1
6108 1
6109 1
6110 1
6111 1
6115 1
6260 1
8416 1
8537 1
8538 1
6221 1
6223 1
6225 1
6226 1
6227 1
6228 1
6229 1
6230 1
6232 1
6233 1
6234 1
6235 1
6236 1
8319 1
6838 1
6839 1
5499 1
7585 1
9222 1
9223 1
9224 1
9225 1
9226 1
9227 1
9228 1
4776 1
7755 1
7285 1
7286 1
6368 1
8281 1
9043 1
9044 1
7636 1
7637 1
7638 1
7639 1
2826 1
2830 1
2832 1
6207 1
6456 1
9340 1
9341 1
8005 1
6873 1
6876 1
8642 1
8643 1
8645 1
8646 1
4354 1
8157 1
3858 1
3859 1
3860 1
5332 1
7473 1
7715 1
713 1
714 1
718 1
720 1
721 1
7819 1
7820 1
7725 1
5844 1
5845 1
5846 1
5847 1
5849 1
5850 1
5851 1
5852 1
5853 1
8278 1
8279 1
6628 1
6629 1
6630 1
9399 1
9400 1
9401 1
5457 1
7559 1
5003 1
8231 1
8232 1
8233 1
9388 1
9389 1
9390 1
9101 1
8061 1
7410 1
7412 1
4255 1
9220 1
7782 1
9096 1
7758 1
85 1
87 1
88 1
89 1
4625 1
4626 1
6689 1
8616 1
8618 1
8619 1
8620 1
8270 1
8271 1
6386 1
7728 1
7730 1
8093 1
8475 1
6440 1
4462 1
4463 1
4464 1
9249 1
3396 1
3292 1
3300 1
3301 1
3302 1
3303 1
3304 1
3305 1
3306 1
3307 1
3308 1
3309 1
3310 1
3311 1
3312 1
5636 1
8151 1
4774 1
8862 1
8863 1
8595 1
7140 1
7141 1
7142 1
3661 1
3664 2
8866 2
8867 2
3728 2
6355 2
3861 2
7974 2
8119 2
7641 2
8386 2
6892 2
7386 2
8868 2
8256 2
8257 2
8853 2
6580 2
6583 2
8833 2
8199 2
8200 2
6971 2
7384 2
9200 2
8305 2
6241 2
6242 2
7381 2
7383 2
8417 2
5805 2
5806 2
5807 2
5808 2
5809 2
5810 2
8572 2
8895 2
8896 2
8823 2
6719 2
8817 2
8818 2
7576 2
7577 2
7578 2
9032 2
5620 2
5621 2
7727 2
4622 2
4623 2
4624 2
9066 2
8143 2
9360 2
9361 2
9364 2
9365 2
9366 2
9367 2
7547 2
7548 2
8165 2
8166 2
8167 2
8168 2
9177 2
8192 2
7840 2
7841 2
7843 2
7742 2
9254 2
9255 2
9256 2
9257 2
9112 2
5211 2
5048 2
6879 2
7681 2
7683 2
6896 2
7037 2
8891 2
8590 2
8591 2
8593 2
8491 2
8064 2
9003 2
8545 2
8913 2
8914 2
8679 2
8680 2
8885 2
5576 2
6321 2
6322 2
6499 2
8065 2
7088 2
7089 2
7090 2
5464 2
5236 2
5238 2
7992 2
3719 2
9375 2
9376 2
9377 2
7229 2
7230 2
7231 2
5142 2
5143 2
5144 2
5145 2
9016 2
9402 2
5774 2
8402 2
8242 2
7051 2
8723 2
3707 2
3711 2
3713 2
3714 2
3716 2
3717 2
8949 2
8950 2
2063 2
8301 2
5080 2
7771 2
8923 2
6820 2
6821 2
6966 2
4314 2
8227 2
8228 2
5730 2
8289 2
8290 2
4949 2
4950 2
6568 2
6955 2
7485 2
7486 2
7487 2
7488 2
7489 2
7490 2
7492 2
7493 2
7494 2
7495 2
7496 2
7497 2
7499 2
7500 2
7501 2
7502 2
7503 2
7504 2
7505 2
7506 2
7508 2
7509 2
7510 2
7511 2
7512 2
7513 2
7514 2
7515 2
7516 2
7517 2
7518 2
7519 2
7521 2
9264 2
5098 2
5099 2
5100 2
6318 2
8832 2
7590 2
7617 2
4554 2
4557 2
5394 2
8743 2
8744 2
8745 2
8746 2
8747 2
6545 2
6997 2
7001 2
7002 2
9136 2
9137 2
9245 2
916 2
8095 2
8513 2
6594 2
8761 2
8762 2
7882 2
8288 2
8363 2
3780 2
3781 2
3782 2
3783 2
3785 2
3787 2
3788 2
3789 2
3790 2
3791 2
3793 2
3794 2
3795 2
3801 2
3803 2
3804 2
3805 2
3806 2
3807 2
3808 2
3809 2
3810 2
3813 2
3814 2
3815 2
3817 2
3818 2
3820 2
3821 2
3822 2
3824 2
3825 2
3826 2
3827 2
3828 2
3832 2
3835 2
3836 2
3837 2
3839 2
3840 2
3847 2
5557 2
6579 2
5501 2
8709 2
8772 2
4484 2
7558 2
8871 2
8649 2
8650 2
5661 2
8908 2
8909 2
8910 2
9102 2
4453 2
8178 2
8535 2
9024 2
8264 2
8265 2
6592 2
347 2
350 2
351 2
353 2
354 2
356 2
357 2
8077 2
7452 2
7453 2
8471 2
8735 2
7135 2
5812 2
5813 2
5814 2
5815 2
5816 2
5817 2
5819 2
5820 2
5821 2
5823 2
5825 2
5826 2
5828 2
5829 2
5833 2
5834 2
5835 2
5836 2
5837 2
5838 2
5839 2
5840 2
5841 2
5842 2
8760 2
5507 2
9397 2
8212 2
8501 2
8193 2
3238 2
6976 2
8117 2
8263 2
8988 2
5389 2
5213 2
5214 2
8806 2
7896 2
2057 2
6357 2
6980 2
6982 2
6983 2
6984 2
6985 2
6986 2
6987 2
8377 2
4734 2
8944 2
8477 2
8478 2
8961 2
8783 2
8784 2
8785 2
5574 2
4432 2
4429 2
7359 2
7360 2
5509 2
7929 2
7768 2
7769 2
7906 2
7907 2
7566 2
5374 2
9246 2
8881 2
8148 2
3948 2
8253 2
8254 2
8255 2
8675 2
8794 2
8309 2
8170 2
5245 2
9111 2
8385 2
9130 2
7297 2
190 2
8683 2
8684 2
6625 2
4901 2
5385 2
7928 2
7717 2
6457 2
196 2
7269 2
2916 2
6614 2
6926 2
8915 2
8014 2
1115 2
8807 2
8808 2
9035 2
5073 2
8623 2
6825 2
7930 2
6992 2
6993 2
932 2
7824 2
3344 2
7705 2
9100 2
2936 2
6856 2
6857 2
3401 2
9203 2
9204 2
858 2
4151 2
5722 2
7826 2
5069 2
6317 2
9425 2
9235 2
8815 2
8787 2
5695 2
3658 2
8567 2
8568 2
726 2
730 2
9406 2
9407 2
7853 2
5888 2
4148 2
760 2
4507 2
8519 2
1548 2
8958 2
4015 2
7793 2
3355 2
758 2
3887 2
7736 2
7737 2
5891 2
3959 2
8509 2
7133 2
4004 2
8202 2
7184 2
8163 2
1973 2
8404 2
8405 2
8406 2
7552 2
7943 2
5038 2
2355 2
6363 2
8434 2
3701 2
2756 2
4486 2
7169 2
4560 2
5197 2
2124 2
2407 2
3324 2
5040 2
8975 2
8976 2
8977 2
1382 2
7817 2
5880 2
2269 2
3405 2
9082 2
7540 2
489 2
496 2
497 2
498 2
499 2
500 2
501 2
503 2
6701 2
7478 2
2320 2
2446 2
1272 2
7883 2
6624 2
3655 2
5416 2
5418 2
5419 2
5420 2
7899 2
7223 2
8682 2
7193 2
5590 2
4143 2
8096 2
7255 2
3551 2
1051 2
7614 2
7670 2
8488 2
178 2
4809 2
8582 2
4582 2
4586 2
4591 2
4592 2
9010 2
9011 2
9012 2
5604 2
5606 2
5607 2
5608 2
5609 2
5611 2
5612 2
3920 2
6916 2
6705 2
5866 2
1972 2
3771 2
6607 2
4894 2
690 2
7644 2
7647 2
8310 2
5784 2
7704 2
7677 2
5675 2
4040 2
4041 2
8668 2
1624 2
2754 2
2450 2
7934 2
7936 2
7937 2
7938 2
2017 2
9358 2
7012 2
7013 2
9266 2
3849 2
7689 2
639 2
1831 2
4615 2
7086 2
8574 2
6758 2
8051 2
1372 2
6535 2
3533 2
8526 2
6642 2
8544 2
8126 2
4703 2
4704 2
4705 2
4706 2
4707 2
4709 2
4710 2
4711 2
4712 2
4713 2
4714 2
4715 2
4716 2
4717 2
4718 2
4719 2
4720 2
4721 2
4722 2
4723 2
4844 2
7710 2
6704 2
7985 2
3974 2
6764 2
1385 2
7659 2
7660 2
7108 2
4618 2
3258 2
688 2
3513 2
3519 2
3523 2
3691 2
3693 2
7627 2
7288 2
7289 2
7871 2
4069 2
4254 2
1281 2
7668 2
4523 2
3966 2
3332 2
8799 2
8800 2
3538 2
5262 2
4017 2
4511 2
1158 2
3229 2
1030 2
4603 2
6933 2
3879 2
8062 2
3205 2
9265 2
5872 2
5875 2
5876 2
5877 2
4915 2
4921 2
4922 2
6245 2
1686 2
6527 2
3079 2
1752 2
9065 2
5567 2
2088 2
8978 2
3547 2
5115 2
5116 2
5117 2
5120 2
5123 2
5124 2
6836 2
1462 2
7362 2
2065 2
2066 2
4513 2
6647 2
6648 2
3063 2
1525 2
3543 2
5677 2
8485 2
641 2
3411 2
3417 2
3418 2
3419 2
7006 2
7008 2
7017 2
7020 2
7023 2
5137 2
1730 2
5042 2
2513 2
8902 2
8903 2
4149 2
1960 2
1690 2
8710 2
6360 2
3977 2
5164 2
3888 2
1966 2
9172 2
9173 2
2990 2
8435 2
4858 2
4983 2
9085 2
8423 2
4953 2
9297 2
5422 2
4483 2
4055 2
5052 2
1988 2
3528 2
3529 2
3530 2
3632 2
4438 2
5396 2
6353 2
7624 2
8626 2
8627 2
8628 2
8629 2
6661 2
3399 2
1941 2
4532 2
4349 2
6069 2
8079 2
8080 2
8081 2
8082 2
8083 2
8084 2
3478 2
2494 2
9330 2
4890 2
9169 2
3890 2
5140 2
7583 2
4891 2
6380 2
2879 2
6830 2
4050 2
1749 2
8534 2
2997 2
868 2
8933 2
7243 2
5758 2
2960 2
6644 2
6715 2
2704 2
5321 2
4030 2
7461 2
7462 2
7463 2
8954 2
8433 2
8524 2
8525 2
6300 2
5195 2
2302 2
5436 2
4320 2
6302 2
6244 2
4183 2
8839 2
7327 2
1146 2
7321 2
6595 2
6257 2
4613 2
4614 2
6209 2
4543 2
2779 2
7917 2
7696 2
7697 2
4498 2
2499 2
4616 2
8634 2
8636 2
4994 2
4995 2
4998 2
2962 2
2248 2
6246 2
3942 2
2696 2
7115 2
8540 2
7534 2
4117 2
5582 2
6517 2
9238 2
5861 2
630 2
7343 2
5969 2
8302 2
8303 2
7894 2
2561 2
2953 2
8311 2
8247 2
2745 2
3548 2
1295 2
1323 2
1333 2
1334 2
3941 2
8521 2
7122 2
7123 2
5864 2
7795 2
4863 2
8529 2
1029 2
9296 2
1201 2
4119 2
5921 2
6617 2
523 2
524 2
2701 2
3319 2
6572 2
6668 2
6915 2
1328 2
1329 2
1330 2
5255 2
3931 2
2214 2
8009 2
4609 2
8409 2
8899 2
8900 2
1018 2
4829 2
6021 2
5759 2
8694 2
8695 2
2974 2
7329 2
2889 2
2676 2
4933 2
7661 2
7330 2
8528 2
5615 2
4200 2
7164 2
2426 2
3327 2
485 2
1435 2
5451 2
5452 2
5453 2
6454 2
4131 2
4682 2
2810 2
4988 2
6253 2
7241 2
3392 2
6811 2
4944 2
4461 2
8631 2
6824 2
5450 2
7370 2
3036 2
4604 2
1264 2
4563 2
4747 2
4505 2
3288 2
425 2
7119 2
8453 2
8454 2
2241 2
9019 2
7562 2
2215 2
2591 2
9025 2
9026 2
7711 2
9161 2
8531 2
4596 2
7618 2
8224 2
3250 2
7940 2
8280 2
8333 2
6272 2
1569 2
2596 2
6023 2
8161 2
4668 2
4669 2
8282 2
1410 2
7144 2
1999 2
8571 2
5287 2
958 2
6419 2
7077 2
1515 2
6969 2
5597 2
2844 2
3979 2
3019 2
836 2
7901 2
5913 2
6626 2
7651 2
7372 2
2288 2
6914 2
8615 2
9179 2
6571 2
7699 2
6288 2
2601 2
2602 2
2603 2
2609 2
2610 2
2611 2
2613 2
2614 2
2616 2
2617 2
2620 2
2621 2
2622 2
2623 2
2624 2
2625 2
2626 2
2627 2
2628 2
2629 2
2630 2
2631 2
2632 2
2633 2
2634 2
2635 2
2636 2
2637 2
2638 2
2639 2
2640 2
2641 2
2642 2
2643 2
2644 2
2645 2
2646 2
2647 2
2648 2
2649 2
2650 2
2651 2
2652 2
2653 2
2654 2
2655 2
2656 2
2657 2
2658 2
2659 2
2660 2
2661 2
2662 2
2663 2
4335 2
1534 2
4318 2
4905 2
1314 2
5090 2
9155 2
9156 2
9157 2
7772 2
7773 2
7774 2
7775 2
2559 2
7759 2
2466 2
8203 2
9175 2
8393 2
533 2
7029 2
5494 2
6014 2
5653 2
5658 2
3988 2
6012 2
7363 2
4108 2
8941 2
4114 2
9091 2
6912 2
5603 2
6692 2
6851 2
2246 2
2881 2
8090 2
1423 2
8637 2
8638 2
4171 2
6151 2
3254 2
7908 2
2681 2
6990 2
6812 2
4732 2
8844 2
7346 2
7347 2
1134 2
1148 2
6009 2
6027 2
7216 2
5783 2
6205 2
5534 2
7261 2
6344 2
5481 2
6795 2
848 2
2738 2
6708 2
2680 2
3962 2
6177 2
1584 2
6509 2
6996 2
5904 2
5906 2
5907 2
5908 2
2586 2
4911 2
5961 2
2462 2
5463 2
5291 2
4194 2
6144 2
7332 2
8659 2
1408 2
8019 2
3574 2
9069 2
7770 2
5890 2
6773 2
6775 2
2835 2
7432 2
1104 2
6310 2
6313 2
5280 2
5281 2
9060 2
6832 2
6615 2
7480 2
4500 2
6894 2
5714 2
8370 2
9093 2
4024 2
2239 2
8248 2
1708 2
2204 2
6727 2
6188 2
5992 2
7278 2
5962 2
6673 2
6675 2
6423 2
6424 2
6425 2
6492 2
7082 2
9410 2
1724 2
5022 2
4412 2
7739 2
6899 2
4104 2
6731 2
6672 2
3748 2
1121 2
4900 2
7132 2
4428 2
8624 2
5949 2
931 2
2425 2
5682 2
6954 2
8577 2
8578 2
3443 2
8058 2
7889 2
6304 2
5265 2
5689 2
4606 2
5939 2
4270 2
5694 2
6526 2
6446 2
8258 2
7353 2
3612 2
8443 2
9049 2
9050 2
9051 2
5709 2
5710 2
5995 2
7948 2
5085 2
1589 2
8859 2
8860 2
6948 2
3558 2
4302 2
7302 2
7224 2
6991 2
1707 2
2592 2
6147 2
6149 2
9409 2
8306 2
2284 2
5947 2
1956 2
864 2
1757 2
3943 2
5651 2
8603 2
5767 2
7526 2
2343 2
5685 2
6340 2
7835 2
6041 2
8641 2
6481 2
8010 2
6119 2
9295 2
8211 2
6361 2
3666 2
4550 2
7589 2
6941 2
6742 2
5570 2
5571 2
5600 2
7567 2
7102 2
7103 2
2966 2
1726 2
5944 2
4278 2
1846 2
4800 2
4387 2
1353 2
6754 2
7174 2
7571 2
7609 2
6181 2
6183 2
7071 2
7072 2
4160 2
722 2
6154 2
6312 2
8436 2
8072 2
7306 2
7745 2
7733 2
3641 2
5070 2
8870 2
5368 2
7305 2
3580 2
2277 2
6133 2
4815 2
6478 2
4000 2
5799 2
3267 2
6342 2
5352 2
6800 2
6963 2
7595 2
6837 2
6388 2
6389 2
6390 2
6391 2
5200 2
3014 2
5430 2
6886 2
6215 2
5503 2
5640 2
7611 2
4173 2
4174 2
7146 2
7147 2
8112 2
7180 2
5598 2
7467 2
6529 2
5744 2
9038 2
8060 2
1617 2
2295 2
7139 2
6004 2
4206 2
4693 2
6703 2
6640 2
7682 2
8500 2
3945 2
6767 2
4123 2
6291 2
3377 2
3598 2
5201 2
8399 2
7080 2
9055 2
9056 2
3073 2
8021 2
3594 2
3595 2
4868 2
6586 2
9150 2
9273 2
7283 2
7284 2
8191 2
6864 2
525 2
8774 2
8775 2
8776 2
4115 2
6713 2
7121 2
5551 2
6799 2
5298 2
3369 2
8171 2
5221 2
6943 2
6449 2
7600 2
4572 2
4573 2
4574 2
6366 2
6724 2
5442 2
2101 2
4802 2
7207 2
8116 2
7421 2
9253 2
8869 2
7570 2
6283 2
8953 2
7076 2
4222 2
5035 2
8059 2
7970 2
4398 2
8180 2
4137 2
2361 2
6908 2
3071 2
3072 2
9244 2
6788 2
4991 2
6868 2
8338 2
8339 2
8340 2
8341 2
8342 2
8343 2
6866 2
6756 2
7163 2
6193 2
6010 2
6777 2
5023 2
6498 2
8017 2
6191 2
8067 2
6348 2
5952 2
5491 2
5492 2
6994 2
4751 2
6870 2
7754 2
2170 2
6938 2
4902 2
4528 2
4529 2
6514 2
3299 2
4540 2
6050 2
4778 2
5748 2
4562 2
1902 2
6522 2
9071 2
9174 2
4009 2
7036 2
8344 2
6401 2
7056 2
7005 2
5536 2
2099 2
7962 2
4490 2
8396 2
8022 2
4639 2
9033 2
2285 2
6153 2
7348 2
7956 2
1659 2
3055 2
3056 2
8380 2
6606 2
6431 2
7751 2
6112 2
4631 2
6150 2
7763 2
5335 2
7812 2
7996 2
6680 2
4213 2
5550 2
7714 2
8497 2
694 2
4672 2
2669 2
6796 2
6802 2
6652 2
970 2
9276 2
9382 2
8731 2
3488 2
6801 2
335 2
6593 2
5897 2
5998 2
6489 2
7038 2
955 2
2573 2
3929 2
7324 2
4780 2
7761 2
7181 2
4407 2
6430 2
6417 2
3297 2
4686 2
6958 2
6875 2
7722 2
6036 2
4273 2
5735 2
4016 2
5032 2
5444 2
8520 2
4816 2
6118 2
5643 2
8997 2
8666 2
1925 2
5226 2
8169 2
2229 2
4697 2
8805 2
4803 2
6127 2
7523 2
5765 2
8181 2
2376 2
8898 2
6684 2
6685 2
6105 2
4555 2
5729 2
8418 2
4426 2
2377 2
6900 2
4644 2
8696 2
7247 2
7248 2
8912 2
9115 2
5355 2
1628 2
7658 2
4694 2
1836 2
5793 2
6231 2
6052 2
8438 2
8439 2
8440 2
8441 2
5569 2
3776 2
5963 2
6506 2
8120 2
3642 2
7022 2
8708 2
5642 2
7265 2
6541 2
4369 2
3605 2
8759 2
1792 2
9143 2
3579 2
9107 2
7924 2
3090 2
3095 2
3096 2
3097 2
3098 2
3099 2
3100 2
3101 2
3102 2
3103 2
3104 2
3105 2
3106 2
3107 2
3108 2
3109 2
3110 2
3111 2
3112 2
3113 2
3114 2
3115 2
3116 2
3117 2
3118 2
3119 2
3120 2
3121 2
3122 2
3123 2
3124 2
3125 2
3126 2
3127 2
3128 2
3129 2
3130 2
3131 2
3132 2
3133 2
3134 2
3135 2
3136 2
3137 2
3138 2
3139 2
3140 2
3141 2
3142 2
3143 2
3144 2
3145 2
3146 2
3147 2
3148 2
3149 2
3150 2
3151 2
3152 2
3153 2
3154 2
3155 2
3156 2
3157 2
3158 2
3159 2
3160 2
3161 2
3162 2
3163 2
3164 2
3165 2
3166 2
3167 2
3168 2
3169 2
3170 2
3171 2
6294 2
9408 2
9108 2
8226 2
4777 2
8118 2
8851 2
5243 2
2056 2
5964 2
4823 2
2119 2
4785 2
7804 2
4288 2
8888 2
7369 2
7010 2
1727 2
3015 2
8936 2
5945 2
7784 2
1124 2
1576 2
9363 2
5832 2
9042 2
8963 2
6224 2
3062 2
7210 2
5340 2
6437 2
7986 2
6751 2
6752 2
6088 2
5731 2
8131 2
1530 2
6842 2
3593 2
6540 2
8459 2
9259 2
6881 2
8611 2
4393 2
7358 2
4287 2
962 2
8015 2
3206 2
6076 2
7173 2
7530 2
7052 2
8392 2
899 2
6137 2
7672 2
7673 2
7674 2
6466 2
9063 2
9064 2
7895 2
5174 2
6776 2
7760 2
5269 2
6325 2
3352 2
8847 2
8848 2
4026 2
8235 2
8351 2
6632 2
6977 2
7127 2
5285 2
5286 2
3894 2
8802 2
4441 2
4835 2
3970 2
2917 2
3061 2
8880 2
8606 2
141 2
8937 2
7560 2
8415 2
6700 2
686 2
5186 2
3021 2
6688 2
1993 2
5801 2
5803 2
5804 2
1113 2
5773 2
7603 2
8312 2
473 2
9323 2
8854 2
5273 2
6561 2
4601 2
8407 2
4450 2
9158 2
359 2
154 2
4912 2
6582 2
1216 2
3512 2
2266 2
648 2
2729 2
4326 2
3923 2
6919 2
1827 2
3215 2
5183 2
5011 2
4660 2
5854 2
8674 2
3554 2
6557 2
4787 2
9047 2
9260 2
683 2
9034 2
941 2
5893 2
133 2
7738 2
1379 2
4954 2
6081 2
3715 2
8892 2
7602 2
1397 2
484 2
3626 2
3892 2
6400 2
6442 2
3606 2
8179 2
3607 2
8020 2
2529 2
644 2
645 2
4997 2
4235 2
8707 2
3420 2
5616 2
2823 2
483 2
5382 2
6584 2
9403 2
6885 2
9045 2
9046 2
846 2
5718 2
3484 2
3732 2
1054 2
1055 2
8225 2
491 2
6319 2
27 2
3903 2
5367 2
9326 2
7789 2
6760 2
2116 2
5649 2
3447 2
4619 2
8585 2
8677 2
9081 2
2100 2
8816 2
8826 2
8827 2
8828 2
8829 2
8830 2
8644 2
934 2
2123 2
9014 2
5415 2
5417 2
5421 2
35 2
5487 2
6126 2
6693 2
7935 2
1970 2
4075 3
4794 3
4460 3
9070 3
358 3
1663 3
3557 3
7457 3
1119 3
9020 3
8539 3
1570 3
1571 3
1580 3
4007 3
8445 3
3491 3
7939 3
8018 3
2445 3
5141 3
6107 3
155 3
7182 3
7183 3
5232 3
7409 3
8283 3
4864 3
6942 3
2411 3
689 3
9140 3
6327 3
4258 3
1565 3
1568 3
1582 3
5980 3
4945 3
6292 3
6320 3
1790 3
8352 3
674 3
6518 3
5307 3
4634 3
6822 3
5111 3
5037 3
8781 3
2511 3
3298 3
6794 3
3473 3
5691 3
6763 3
7208 3
3838 3
2569 3
3521 3
8984 3
2935 3
7553 3
1909 3
5096 3
5347 3
471 3
4257 3
6803 3
7719 3
8897 3
881 3
7145 3
5411 3
1380 3
4608 3
7855 3
1123 3
348 3
4865 3
1595 3
8142 3
7067 3
7361 3
4920 3
4925 3
1625 3
84 3
86 3
7091 3
3525 3
3552 3
1057 3
2507 3
7426 3
887 3
3862 3
235 3
349 3
6667 3
5476 3
5477 3
7326 3
1127 3
8205 3
5381 3
6633 3
3629 3
4698 3
7703 3
6911 3
2512 3
8926 3
8927 3
8928 3
3889 3
8285 3
4033 3
4034 3
4035 3
4036 3
4037 3
4038 3
4085 3
9120 3
4322 3
5414 3
7153 3
2951 3
7227 3
2722 3
2956 3
4620 3
4051 3
3770 3
6975 3
4121 3
1032 3
5727 3
5728 3
2508 3
2510 3
4471 3
4178 3
7015 3
1717 3
2509 3
3393 3
7720 3
1414 3
506 3
1596 3
1542 3
6558 3
7757 3
6080 3
6716 3
1371 3
2473 3
5591 3
1944 3
2075 3
6085 3
5898 3
140 3
7857 3
7545 3
1318 3
5635 3
6588 3
5210 3
7667 3
8054 3
6102 3
7219 3
7460 3
7646 3
1285 3
1286 3
2184 3
5312 3
5325 3
7044 3
6339 3
737 3
4064 3
7842 3
2700 3
4347 3
7466 3
7268 3
34 3
5392 3
6092 3
4301 3
3362 3
7498 3
8185 3
4871 3
36 3
37 3
7290 3
685 3
1793 3
4209 3
3989 3
6279 3
6520 3
4451 3
6032 3
5390 3
8155 3
882 3
476 3
7031 3
7172 3
1130 3
3391 3
2873 3
1438 3
4342 3
2452 3
7094 3
2786 3
3905 3
2773 3
3939 3
4896 3
4442 3
2862 3
9041 3
9037 3
7328 3
4113 3
2443 3
8530 3
7550 3
7957 3
5771 3
4692 3
1394 3
8514 3
3318 3
7273 3
3520 3
7085 3
2218 3
284 3
4908 3
4828 3
7810 3
7694 3
8972 3
3998 3
849 3
6537 3
9094 3
9095 3
5034 3
8314 3
6354 3
3255 3
4640 3
4641 3
2461 3
9021 3
5538 3
6512 3
1361 3
4020 3
6362 3
4385 3
6574 3
1964 3
3926 3
8904 3
4356 3
5198 3
5639 3
5301 3
8797 3
7601 3
4859 3
3333 3
659 3
2760 3
2730 3
4386 3
8286 3
4215 3
4214 3
1692 3
1045 3
6927 3
9189 3
9190 3
4508 3
3566 3
5388 3
1225 3
7331 3
6435 3
2090 3
6741 3
5344 3
5546 3
4837 3
1319 3
1321 3
1340 3
1343 3
2859 3
4300 3
7319 3
8053 3
4764 3
6405 3
2774 3
1750 3
9424 3
5122 3
5588 3
4176 3
5822 3
5824 3
5827 3
5830 3
5831 3
70 3
74 3
78 3
81 3
82 3
83 3
1906 3
5345 3
7949 3
3502 3
8215 3
8216 3
9362 3
6262 3
2930 3
8980 3
6819 3
6296 3
4239 3
5751 3
2608 3
4353 3
5282 3
5289 3
5290 3
4979 3
7213 3
5526 3
5543 3
5986 3
2886 3
1547 3
4887 3
4419 3
6289 3
2210 3
91 3
5541 3
6311 3
2683 3
6826 3
7312 3
6641 3
6587 3
3442 3
3382 3
7796 3
6298 3
1778 3
9214 3
9215 3
7845 3
2698 3
6953 3
4882 3
5448 3
6854 3
7900 3
4099 3
6497 3
3784 3
3786 3
3796 3
3800 3
3802 3
3811 3
3816 3
3823 3
3829 3
3830 3
3831 3
3842 3
3228 3
5742 3
7436 3
1143 3
8583 3
8584 3
4392 3
9178 3
7645 3
4179 3
705 3
4931 3
6862 3
6364 3
8455 3
5320 3
3477 3
5990 3
772 3
4978 3
7138 3
8945 3
5946 3
7120 3
5970 3
4368 3
5274 3
8075 3
6887 3
6341 3
775 3
1010 3
5053 3
3330 3
9232 3
5276 3
2350 3
5989 3
2086 3
3408 3
4379 3
8007 3
6663 3
5405 3
6968 3
6845 3
9126 3
9127 3
9128 3
9129 3
5966 3
9059 3
2900 3
7932 3
7931 3
7549 3
3597 3
4754 3
6379 3
4404 3
4310 3
1445 3
5900 3
5356 3
6007 3
3208 3
6488 3
5515 3
4377 3
5577 3
393 3
6329 3
6843 3
2684 3
6920 3
967 3
2791 3
4332 3
2904 3
6515 3
5191 3
519 3
3244 3
3385 3
6884 3
6888 3
8884 3
8929 3
4218 3
980 3
1555 3
6013 3
8360 3
5193 3
4112 3
5133 3
1951 3
3343 3
8492 3
5713 3
4361 3
1317 3
9267 3
6729 3
2440 3
4856 3
4857 3
9048 3
7264 3
6620 3
5449 3
7484 3
5954 3
981 3
2846 3
8740 3
6141 3
5593 3
2149 3
6095 3
3286 3
5081 3
763 3
9092 3
1701 3
3694 3
8662 3
3315 3
8174 3
8177 3
5873 3
6148 3
3752 3
2682 3
2554 3
5460 3
4084 3
3384 3
4118 3
5292 3
6721 3
7666 3
2451 3
4930 3
4765 3
3797 3
3798 3
3799 3
3819 3
3833 3
3834 3
3843 3
3844 3
8586 3
8088 3
3757 3
5905 3
3609 3
6087 3
7159 3
7621 3
7622 3
6893 3
1799 3
7204 3
4226 3
3669 3
3870 3
7946 3
3059 3
8195 3
6238 3
1889 3
6847 3
5715 3
1230 3
3461 3
4763 3
3050 3
7251 3
5279 3
8444 3
4252 3
6849 3
4897 3
3413 3
5997 3
6949 3
7374 3
2243 3
8160 3
5726 3
6000 3
2007 3
4632 3
547 3
394 3
5563 3
2861 3
6413 3
4095 3
4549 3
5061 3
5948 3
6001 3
6016 3
5162 3
8472 3
3591 3
1448 3
8476 3
5930 3
4621 3
4025 3
5940 3
3465 3
2342 3
4231 3
7535 3
7050 3
2618 3
8362 3
2818 3
342 3
343 3
8207 3
8208 3
7893 3
1302 3
5456 3
2708 3
8874 3
8875 3
8876 3
6852 3
6601 3
3428 3
7671 3
5202 3
8499 3
270 3
3322 3
2044 3
4321 3
6722 3
1958 3
1954 3
8557 3
8558 3
8559 3
8560 3
8561 3
8562 3
8563 3
8564 3
8565 3
7253 3
3494 3
6808 3
6516 3
1751 3
4818 3
5082 3
4010 3
3613 3
3614 3
4547 3
2589 3
6562 3
2360 3
1668 3
1352 3
7059 3
7160 3
6031 3
266 3
5739 3
9258 3
7626 3
8993 3
5929 3
4654 3
6187 3
9192 3
5737 3
8621 3
5010 3
7333 3
6182 3
5708 3
2354 3
9146 3
7275 3
4376 3
9209 3
9211 3
9212 3
7323 3
5637 3
2403 3
3240 3
6678 3
7990 3
6358 3
5818 3
2053 3
2847 3
3730 3
5769 3
2983 3
4739 3
4740 3
2920 3
6375 3
2474 3
4558 3
2674 3
3712 3
5177 3
5176 3
8304 3
6833 3
6475 3
3677 3
2901 3
6950 3
6917 3
1834 3
8686 3
326 3
2000 3
5542 3
8920 3
7877 3
5007 3
5923 3
4888 3
6621 3
4746 3
4594 3
7415 3
7131 3
6823 3
9123 3
6956 3
8734 3
1210 3
470 3
5881 3
4987 3
5596 3
8512 3
7458 3
4736 3
3986 3
7240 3
9001 3
9002 3
8002 3
660 3
4373 3
7470 3
1452 3
7608 3
4127 3
2310 3
2776 3
2857 3
2136 3
3266 3
7079 3
4898 3
8162 3
3927 3
6957 3
6961 3
6331 3
8291 3
7454 3
8190 3
6113 3
4395 3
4396 3
1522 3
3479 3
1047 3
4130 3
5999 3
7150 3
4202 3
2272 3
2273 3
4028 3
1513 3
2922 3
9252 3
7911 3
2755 3
5674 3
5786 3
5613 3
4473 3
4579 3
3264 3
3265 3
3222 3
4575 3
8932 3
3763 3
2550 3
7655 3
7881 3
1416 3
8063 3
1326 3
7267 3
5760 3
3867 3
2202 3
7035 3
7401 3
7708 3
6063 3
2347 3
4241 3
4142 3
5443 3
7997 3
4851 3
2747 3
1391 3
7491 3
3083 3
7809 3
3777 3
6922 3
4861 3
4862 3
9105 3
5552 3
5172 3
4299 3
2808 3
2081 3
6074 3
8414 3
4656 3
7105 3
7945 3
6186 3
2850 3
4336 3
4313 3
2843 3
7982 3
2565 3
1103 3
2709 3
5147 3
5885 3
2702 3
1974 3
3792 3
1626 3
172 3
6305 3
5843 3
6918 3
17 3
6216 3
5428 3
6157 3
3476 3
2179 3
8883 3
5634 3
8315 3
6459 3
4571 3
7662 3
5026 3
8074 3
7869 3
9142 3
4011 3
5926 3
3020 3
3576 3
3600 3
4952 3
5886 3
3010 3
3012 3
5943 3
5910 3
6453 3
2456 3
3944 3
6195 3
3350 3
8003 3
4590 3
5521 3
9240 3
9241 3
9242 3
7538 3
6065 3
7918 3
5364 3
7574 3
5267 3
5270 3
6686 3
3553 3
4012 3
8368 3
8158 3
7629 3
2382 3
2389 3
9216 3
9217 3
9218 3
7014 3
769 3
3881 3
6546 3
3684 3
1554 3
3702 3
5413 3
6168 3
1910 3
1558 3
7564 3
6829 3
5171 3
3211 3
5696 3
1393 3
2924 3
6863 3
3022 3
6169 3
9213 3
4077 3
796 3
3599 3
1643 3
6441 3
5666 3
7352 3
8579 3
5410 3
6565 3
7561 3
1861 3
3731 3
8103 3
6770 3
9166 3
5125 3
3501 3
679 3
4781 3
8408 3
670 3
4446 3
7665 3
1409 3
1338 3
5341 3
4021 3
7620 3
1498 3
826 3
5393 3
5887 3
4389 3
5777 3
4006 3
8320 3
7753 3
6575 3
4337 3
5101 3
8371 3
5782 3
4947 3
1696 3
4932 3
1273 3
4370 3
1905 3
7009 3
6491 3
8998 3
8999 3
9000 3
8773 3
746 3
6981 3
4869 3
7287 3
1965 3
6880 3
5778 3
6818 3
5461 3
625 3
8236 3
2496 3
6421 3
2890 3
1292 3
1850 3
6239 3
2783 3
2544 3
252 3
5716 3
6591 3
7783 3
8469 3
6848 3
5723 3
1287 3
6604 3
8786 3
5736 3
5848 3
8403 3
2186 3
6334 3
6874 3
4350 3
7904 3
1253 3
1254 3
2352 3
3634 3
7605 3
8484 3
8318 3
7341 3
2497 3
1105 3
5520 3
4344 3
6564 3
5075 3
5258 3
3517 3
938 3
643 3
8050 3
8809 3
1487 3
2761 3
6467 3
1622 3
4013 3
3673 3
1351 3
2487 3
9073 3
9074 3
5014 3
2718 3
1753 3
2910 3
2076 3
5797 3
4096 3
6002 3
16 3
5707 3
1822 3
7209 3
4381 3
5199 3
4955 3
2957 3
4027 3
4374 3
150 3
1034 3
664 3
5874 3
7382 3
1176 3
1262 3
2386 3
6695 3
3475 3
7610 3
5153 3
5975 3
8811 3
64 3
2734 3
5412 3
3874 3
5072 3
5679 3
7787 3
900 3
7405 3
1869 3
2003 3
991 3
995 3
1258 3
3483 3
8715 3
2308 3
8698 3
8699 3
7849 3
3412 3
8689 3
9348 3
4031 3
4472 3
4043 3
7541 3
4122 3
8940 3
6717 3
5648 3
5802 3
5317 3
5322 3
5323 3
3329 3
5680 3
4695 3
1270 3
3653 3
7469 3
5573 3
1041 3
2028 3
8576 3
2558 3
698 3
1453 3
4094 3
505 3
4843 3
1969 3
5006 3
3991 3
5938 3
2097 3
4646 3
3331 3
5775 3
2555 3
7438 3
6468 3
7157 3
1341 3
5991 3
4292 3
6646 3
6066 3
2557 3
7702 3
8206 3
6897 3
3247 3
3570 3
5916 3
6947 3
6029 3
291 3
6006 3
3444 3
3904 3
7839 3
6706 3
7143 3
4333 3
2341 3
7221 3
3769 3
5592 3
8979 3
7191 3
5057 3
5311 3
3668 3
6733 3
6755 3
2052 3
3075 3
2670 3
3283 3
8376 3
4447 3
6744 3
6745 3
7092 3
6030 3
5788 3
5789 3
777 3
8209 3
8210 3
2488 3
4885 3
1560 3
1566 3
7226 3
474 3
1761 3
3651 3
3462 3
6049 3
4969 3
1731 3
8890 3
5749 3
5967 3
1924 3
1704 3
6907 3
3736 3
1574 3
65 3
4992 3
6243 3
7989 3
2480 3
6170 3
5433 3
1204 3
5514 3
2427 3
1833 3
2460 3
2257 3
3506 3
6513 3
430 3
5118 3
4029 3
5974 3
68 3
4293 3
6690 3
2216 3
1036 3
4877 3
3088 3
2249 3
2954 3
1508 3
530 3
2018 3
7368 3
3779 3
395 3
1567 3
8841 3
4165 3
5512 3
4459 3
2502 3
5746 3
6410 3
4981 3
2932 3
7411 3
8114 3
4664 3
8334 3
9180 3
7816 3
5021 3
4129 3
4435 3
7112 3
1138 3
1915 3
7256 3
4329 3
4443 3
9099 3
6461 3
6549 3
2950 3
1702 3
1373 3
5261 3
1439 3
6143 3
403 3
4731 3
6166 3
6297 3
492 3
4162 3
5403 3
6008 3
6038 3
5545 3
6045 3
2030 3
8299 3
3204 3
3394 3
802 3
1994 3
502 3
5660 3
1459 3
5734 3
4805 3
6011 3
2339 3
5927 3
2762 3
7250 3
5867 3
3877 3
8788 3
7546 3
5230 3
3916 3
6178 3
7175 3
6507 3
8201 3
2094 3
7656 3
4063 3
1718 3
5056 3
7442 3
982 3
4875 3
2146 3
6276 3
4628 3
2264 3
7081 3
6316 3
4330 3
6396 3
5495 3
1805 3
3451 3
5050 3
1900 3
6367 3
1316 3
2158 3
2164 3
7854 3
5427 3
1575 3
1577 3
1579 3
3522 3
8156 3
2234 3
687 3
5931 3
6134 3
5470 3
2120 3
7898 3
4999 3
4548 3
914 3
7807 3
4676 3
5205 3
2848 3
5334 3
7439 3
5614 3
1071 3
4188 3
6556 3
8779 3
8780 3
677 3
2677 3
4284 3
8605 3
3759 3
3760 3
3761 3
4757 3
5686 3
1616 3
1401 3
4177 3
4942 3
7387 3
6730 3
2387 3
3665 3
1528 3
4918 3
4919 3
4248 3
1917 3
238 3
3078 3
1527 3
774 3
6865 3
6789 3
2174 3
2178 3
7222 3
3610 3
2908 3
2913 3
3633 3
4972 3
4319 3
8187 3
2888 3
6677 3
5304 3
6090 3
2448 3
6139 3
2923 3
3695 3
6552 3
2763 3
8222 3
1090 3
5922 3
5641 3
2335 3
7151 3
8665 3
4849 3
4154 3
4783 3
4784 3
983 3
8328 3
8395 3
5135 3
2271 3
5935 3
5811 3
71 3
72 3
75 3
77 3
79 3
90 3
7805 3
7366 3
5924 3
3280 3
8327 3
8269 3
6142 3
3957 3
6536 3
7973 3
4296 3
703 3
7039 3
5738 3
8348 3
8546 3
5223 3
2792 3
14 3
4939 3
6214 3
3747 3
7777 3
1301 3
6871 3
4316 3
3918 3
8197 3
4789 3
5039 3
9387 3
2338 3
3639 3
8987 3
2317 3
1085 3
4839 3
5985 3
5306 3
6671 3
6172 3
43 3
5031 3
9106 3
5711 3
3586 3
517 3
1180 3
6951 3
2664 3
2987 3
6928 3
7718 3
8749 3
6328 3
4403 3
1853 3
5136 3
5993 3
6589 3
661 3
6003 3
4294 3
5458 3
2717 3
6505 3
2619 3
724 3
8764 3
5366 3
6026 3
1339 3
2363 3
4726 3
436 3
6974 3
3845 3
9027 3
9028 3
4388 3
5638 3
5108 3
267 3
5249 3
6783 3
6202 3
5244 3
3953 3
4197 3
3882 3
3364 3
151 3
46 3
6197 3
73 3
4872 3
6711 3
8882 3
6696 3
377 3
3397 3
6925 3
4889 3
8608 3
4965 3
1521 3
1526 3
7808 3
3958 3
7852 3
1976 3
5409 3
3454 3
4928 3
976 3
6476 3
8337 3
4355 3
1679 3
920 3
7619 3
4107 3
7825 3
4478 3
3812 3
3841 3
6634 3
4267 3
4584 3
2016 3
1049 3
4907 3
3856 3
365 3
2918 3
6349 3
5438 3
1151 3
3287 3
6128 3
1760 3
5215 3
7235 3
4946 3
5469 3
5119 3
1386 3
4246 3
557 3
1120 3
9013 3
3961 3
5105 3
6101 3
6116 3
6605 3
305 3
4346 3
4769 3
669 3
3956 3
6237 3
6596 3
5400 3
4083 3
2421 3
7596 3
2782 3
3342 3
4245 3
1086 3
3729 3
6531 3
3604 3
4365 3
5331 3
2999 3
3000 3
1991 3
283 3
6930 3
2817 3
6222 3
5051 3
5883 3
6392 3
5408 3
7653 3
7654 3
8188 3
1611 3
8249 3
8250 3
4282 3
4652 3
23 3
5008 3
2834 3
6267 3
5595 3
9015 3
1665 3
5720 3
5647 3
4383 3
4458 3
4439 3
3490 3
1058 3
4159 3
4265 3
5781 3
7215 3
1661 3
7748 3
6962 3
8939 3
5500 3
2841 3
4687 3
5252 3
1723 3
2383 3
6698 3
2385 3
2785 3
3358 3
6464 3
5678 3
6333 3
1256 3
4552 3
6807 3
6474 3
8152 3
3980 3
8969 3
2547 3
5755 3
2495 3
7187 3
273 3
6553 3
7350 3
6266 3
878 3
1814 3
2945 3
4502 3
4394 3
8308 3
5884 3
5862 3
3583 3
8550 3
8551 3
8552 3
8553 3
8554 3
8555 3
8556 3
1725 3
950 3
3560 3
2851 3
6443 3
8105 3
4180 3
419 3
8831 3
4233 3
4019 3
4542 3
8931 3
402 3
6504 3
9104 3
7161 3
8284 3
1720 3
4193 3
5670 3
1145 3
3242 3
928 3
929 3
1813 3
1252 3
4702 3
7741 3
4359 3
3938 3
2122 3
4384 3
7539 3
5424 3
1524 3
5717 3
1042 3
1307 3
3724 3
6490 3
7731 3
7732 3
2430 3
3915 3
3493 3
2868 3
2871 3
5919 3
5067 3
5068 3
3851 3
3253 3
3965 3
8592 3
6662 3
7200 3
6174 3
1154 3
8741 3
8742 3
1063 3
5732 3
8357 3
708 3
3646 3
7827 3
5889 3
1851 3
6018 3
4260 3
6861 3
2314 3
2275 3
8617 3
2311 3
6131 3
6365 3
5764 3
7049 3
8244 3
8245 3
5973 3
9036 3
8355 3
8356 3
5178 3
6200 3
6201 3
6691 3
3486 3
24 3
6326 3
6959 3
7114 3
2739 3
5566 3
2929 3
6247 3
7279 3
6810 3
6660 3
8964 3
7304 3
7307 3
4338 3
2334 3
6732 3
1806 3
6047 3
8012 3
5077 3
3775 3
3042 3
4959 3
7402 3
4469 3
5690 3
5977 3
2251 3
1242 3
5030 3
2188 3
3505 3
1418 3
7202 3
5971 3
1312 3
5719 3
5508 3
6797 3
299 3
4756 3
4899 3
6511 3
4617 3
7168 3
3009 3
8367 3
7419 3
6378 3
5112 3
107 3
2827 3
59 3
6813 3
7972 3
7684 3
4951 3
7189 3
2464 3
4186 3
3346 3
1337 3
913 3
2996 3
5033 3
4495 3
4842 3
4589 3
4556 3
4635 3
7066 4
4637 4
8466 4
8467 4
7944 4
8934 4
2042 4
5454 4
3854 4
7026 4
6566 4
8127 4
2276 4
2142 4
5257 4
1729 4
2134 4
2849 4
3094 4
3883 4
3987 4
6370 4
7678 4
5578 4
5579 4
435 4
4564 4
1335 4
1672 4
6772 4
5288 4
7030 4
4971 4
108 4
1651 4
1246 4
3935 4
8004 4
6714 4
5485 4
8317 4
6373 4
2160 4
3937 4
1269 4
2764 4
4191 4
5248 4
7746 4
2463 4
5247 4
5407 4
3534 4
5753 4
7693 4
8474 4
8335 4
241 4
2967 4
7136 4
7137 4
1332 4
1982 4
6525 4
5667 4
6330 4
4106 4
5478 4
4366 4
6850 4
3508 4
6570 4
1845 4
3718 4
3058 4
1069 4
520 4
1224 4
2699 4
3291 4
3199 4
6551 4
152 4
4847 4
4503 4
2579 4
1358 4
5681 4
469 4
4325 4
4133 4
3485 4
5662 4
4595 4
1449 4
2897 4
7483 4
7920 4
2055 4
3563 4
6337 4
3216 4
681 4
4522 4
3037 4
8089 4
2118 4
1405 4
6303 4
9420 4
9422 4
9423 4
776 4
2736 4
4086 4
9134 4
9135 4
1715 4
707 4
3395 4
4156 4
2506 4
1223 4
5309 4
2822 4
2504 4
2209 4
3410 4
7055 4
3947 4
3540 4
3372 4
5079 4
4363 4
6136 4
1963 4
5676 4
3952 4
8141 4
3295 4
4775 4
4884 4
961 4
7118 4
5227 4
3873 4
3857 4
6603 4
6299 4
2748 4
3409 4
6774 4
5951 4
2575 4
3379 4
7555 4
1592 4
5109 4
8730 4
5363 4
4135 4
3196 4
8667 4
54 4
895 4
7258 4
7259 4
6834 4
3005 4
5060 4
7568 4
884 4
1908 4
4042 4
8437 4
8394 4
8133 4
1400 4
3243 4
3635 4
5222 4
1897 4
1862 4
8413 4
4665 4
7582 4
2444 4
2114 4
378 4
4048 4
1300 4
6573 4
5346 4
516 4
7947 4
8221 4
6665 4
2348 4
4985 4
6931 4
5724 4
5725 4
6146 4
4032 4
5377 4
6867 4
2439 4
2984 4
3054 4
7158 4
8973 4
2265 4
4440 4
1196 4
1901 4
8287 4
2305 4
8481 4
2768 4
5535 4
2758 4
4492 4
1450 4
451 4
1928 4
4893 4
4937 4
5055 4
5502 4
6782 4
5102 4
3296 4
894 4
441 4
4138 4
2177 4
5968 4
7293 4
7951 4
7692 4
4796 4
7700 4
2240 4
5095 4
9086 4
2790 4
66 4
5158 4
8901 4
6771 4
5912 4
3414 4
4157 4
5114 4
646 4
5397 4
4339 4
5078 4
3453 4
8456 4
2942 4
272 4
5673 4
7011 4
3038 4
4677 4
6936 4
4175 4
7061 4
1935 4
297 4
5071 4
5284 4
5154 4
5776 4
7087 4
2331 4
8123 4
8124 4
6898 4
5879 4
3608 4
6383 4
6793 4
2402 4
5796 4
3762 4
3667 4
6176 4
3678 4
4798 4
3866 4
7554 4
8150 4
795 4
6184 4
5237 4
4814 4
6576 4
5575 4
2537 4
5043 4
1680 4
3930 4
4382 4
5527 4
3316 4
4957 4
7156 4
5113 4
6578 4
2220 4
5121 4
7648 4
1927 4
6382 4
3080 4
5994 4
6204 4
3541 4
4638 4
2771 4
7716 4
6524 4
3285 4
7613 4
1399 4
2399 4
4546 4
4521 4
5380 4
4152 4
5379 4
4187 4
6164 4
4164 4
5110 4
1504 4
2482 4
579 4
3671 4
7680 4
3241 4
5058 4
655 4
1807 4
5496 4
2697 4
3971 4
5045 4
4416 4
4512 4
8965 4
8966 4
6458 4
4727 4
2571 4
1855 4
8349 4
5369 4
3516 4
3347 4
4593 4
3972 4
5529 4
535 4
69 4
2991 4
5871 4
6156 4
3271 4
6094 4
8332 4
6020 4
5163 4
2061 4
3652 4
3183 4
5594 4
5097 4
5987 4
6743 4
1777 4
7314 4
7756 4
2703 4
6293 4
7675 4
5189 4
5960 4
3611 4
4100 4
6778 4
4312 4
2875 4
1992 4
2568 4
6314 4
4146 4
7537 4
2978 4
4585 4
3472 4
3359 4
1705 4
50 4
7149 4
3975 4
2465 4
5468 4
1140 4
3925 4
1797 4
3008 4
3618 4
7776 4
6428 4
6429 4
6779 4
6781 4
7245 4
7246 4
8411 4
8412 4
8878 4
8879 4
8906 4
8907 4
8918 4
8919 4
8955 4
8957 4
8989 4
8991 4
9132 4
9133 4
9148 4
9149 4
9152 4
9153 4
9186 4
9187 4
9193 4
9195 4
9230 4
9231 4
6978 4
902 4
4696 4
6372 4
1549 4
8610 4
6307 4
3043 4
8842 4
8843 4
1755 4
6944 4
1185 4
6165 4
3602 4
4306 4
4986 4
2711 4
4289 4
3654 4
7428 4
1815 4
5787 4
4290 4
2211 4
4414 4
2035 4
1538 4
6345 4
6044 4
7971 4
2694 4
6674 4
1529 4
3480 4
5028 4
509 4
1308 4
2296 4
2379 4
6005 4
8911 4
682 4
6544 4
2969 4
6618 4
3640 4
3234 4
583 4
584 4
3709 4
504 4
6114 4
6158 4
185 4
1550 4
532 4
2368 4
8189 4
1520 4
76 4
80 4
4827 4
7522 4
8324 4
8325 4
3886 4
2804 4
4482 4
7424 4
1506 4
3458 4
8857 4
8858 4
4795 4
7188 4
460 4
1703 4
1460 4
2820 4
4708 4
1261 4
3425 4
1313 4
2207 4
7955 4
3531 4
5179 4
8893 4
5074 4
1801 4
8262 4
6619 4
5271 4
7747 4
1826 4
5132 4
1446 4
1825 4
2022 4
246 4
6393 4
3195 4
3198 4
8369 4
2141 4
6015 4
2281 4
3386 4
4078 4
2973 4
2401 4
676 4
8580 4
4250 4
5206 4
5376 4
5697 4
5702 4
5703 4
5630 4
3349 4
1918 4
5659 4
8274 4
8967 4
8470 4
6426 4
6639 4
4147 4
4116 4
1322 4
2712 4
7276 4
5168 4
9188 4
3853 4
9039 4
8186 4
3896 4
7365 4
3568 4
593 4
4445 4
7612 4
5704 4
671 4
1501 4
5229 4
2666 4
1455 4
5699 4
2217 4
6734 4
4688 4
2208 4
4102 4
63 4
2201 4
767 4
1618 4
2006 4
6828 4
9191 4
2435 4
8451 4
6155 4
2187 4
3681 4
6117 4
4128 4
7870 4
2349 4
7721 4
1195 4
1305 4
3363 4
8763 4
5779 4
1823 4
4826 4
665 4
5324 4
477 4
2067 4
6882 4
6883 4
21 4
1072 4
4804 4
8184 4
5472 4
8452 4
1887 4
4493 4
7098 4
3703 4
640 4
6676 4
1374 4
243 4
8173 4
1050 4
3562 4
5780 4
8700 4
381 4
455 4
1384 4
2839 4
4860 4
4317 4
8672 4
6025 4
2948 4
7781 4
569 4
1829 4
2606 4
1089 4
4276 4
2594 4
352 4
2230 4
3068 4
2757 4
4158 4
4477 4
6167 4
3321 4
8622 4
8111 4
4259 4
2168 4
2578 4
5157 4
4742 4
4840 4
8690 4
192 4
806 4
8938 4
3270 4
2454 4
7342 4
9359 4
5169 4
493 4
4144 4
5036 4
6203 4
508 4
7280 4
3422 4
2721 4
5858 4
1112 4
2667 4
6725 4
4308 4
1156 4
3416 4
4263 4
4488 4
2870 4
5337 4
6906 4
4103 4
2796 4
957 4
2221 4
7310 4
3745 4
2831 4
1240 4
2538 4
5159 4
2082 4
3545 4
3481 4
2014 4
5251 4
3185 4
8085 4
4670 4
5523 4
61 4
2905 4
791 4
935 4
2192 4
5712 4
922 4
1366 4
7556 4
7507 4
4597 4
1206 4
6122 4
3069 4
2369 4
7000 4
6261 4
4452 4
3193 4
1428 4
3587 4
6792 4
515 4
8389 4
6960 4
570 4
539 4
3767 4
5018 4
6445 4
8921 4
5655 4
5656 4
5657 4
8664 4
2769 4
2753 4
3357 4
5152 4
4903 4
8243 4
8130 4
7472 4
4014 4
3376 4
2801 4
3087 4
5327 4
4352 4
3365 4
6046 4
6989 4
5383 4
2543 4
781 4
7984 4
6171 4
4605 4
3863 4
7623 4
1215 4
2359 4
248 4
3741 4
275 4
8251 4
8252 4
6394 4
462 4
6597 4
8109 4
5190 4
1336 4
3921 4
541 4
3510 4
1517 4
4533 4
2947 4
1375 4
4079 4
4039 4
3360 4
3589 4
1110 4
1867 4
4516 4
3182 4
2778 4
3537 4
2222 4
1943 4
2337 4
1995 4
5459 4
1553 4
3437 4
2172 4
6567 4
4566 4
6542 4
4497 4
29 4
5089 4
6140 4
4192 4
458 4
5425 4
4228 4
8316 4
269 4
5522 4
668 4
7388 4
2336 4
1653 4
2895 4
2381 4
1621 4
716 4
3237 4
1636 4
3865 4
1819 4
1536 4
1022 4
1514 4
1139 4
2024 4
3459 4
2909 4
3969 4
5517 4
1557 4
7441 4
3281 4
5343 4
984 4
4166 4
5161 4
4124 4
4964 4
1310 4
8739 4
2707 4
1092 4
5272 4
2219 4
298 4
4630 4
1658 4
459 4
4240 4
2858 4
4770 4
633 4
3880 4
673 4
7379 4
4479 4
4627 4
2370 4
3756 4
7837 4
3750 4
1779 4
5652 4
437 4
7318 4
5207 4
5005 4
3680 4
4970 4
5196 4
3514 4
1784 4
5308 4
2805 4
600 4
1013 4
2971 4
55 4
2852 4
5544 4
2373 4
3351 4
4779 4
7437 4
5432 4
7669 4
5752 4
5225 4
5216 4
1189 4
8052 4
7148 4
2866 4
3768 4
4678 4
7954 4
7190 4
4401 4
67 4
39 4
6323 4
6769 4
4244 4
5531 4
6051 4
2416 4
5530 4
3194 4
475 4
5918 4
3511 4
4328 4
4467 4
2968 4
2083 4
486 4
4935 4
6694 4
9141 4
3688 4
3872 4
3621 4
8922 4
421 4
6397 4
1664 4
466 4
5293 4
1274 4
4689 4
2821 4
3017 4
2752 4
308 4
7393 4
479 4
1818 4
4001 4
2563 4
3086 4
715 4
2364 4
6840 4
3424 4
3996 4
3978 4
2036 4
7025 4
4466 4
6067 4
6736 4
4400 4
2919 4
1590 4
2546 4
5305 4
757 4
5772 4
2750 4
3683 4
5398 4
1422 4
4993 4
543 4
6891 4
3963 4
9088 4
3201 4
1491 4
6465 4
2405 4
5581 4
2799 4
1492 4
8220 4
3378 4
5250 4
6324 4
3191 4
3581 4
7729 4
5182 4
4499 4
4906 4
2893 4
1451 4
6381 4
8968 4
5693 4
5253 4
1771 4
3603 4
7455 4
6033 4
1981 4
1096 4
546 4
1923 4
5256 4
4286 4
7390 4
4266 4
4876 4
5338 4
7701 4
7396 4
327 4
4766 4
8196 4
4291 4
7165 4
675 4
6791 4
5349 4
4268 4
3518 4
1955 4
5146 4
260 4
7468 4
8217 4
2934 4
5870 4
3704 4
2940 4
8581 4
729 4
6902 4
6903 4
6904 4
6905 4
8238 4
58 4
6213 4
4737 4
608 4
4399 4
3692 4
5330 4
8678 4
5138 4
8 4
7588 4
2742 4
3188 4
1137 4
5228 4
5047 4
8175 4
7110 4
3076 4
3997 4
2384 4
4886 4
4409 4
5362 4
3497 4
5599 4
4247 4
4249 4
2455 4
2484 4
636 4
268 4
8515 4
7652 4
6728 4
990 4
3636 4
7166 4
7167 4
3650 4
6637 4
4427 4
4309 4
3464 4
2469 4
1591 4
1298 4
5668 4
2903 4
5395 4
4190 4
1602 4
4101 4
18 4
4967 4
602 4
2787 4
383 4
4264 4
7676 4
4311 4
1523 4
1087 4
3446 4
4990 4
3561 4
5240 4
4683 4
8798 4
4948 4
3263 4
5743 4
8673 4
4509 4
4510 4
6532 4
6533 4
6547 4
6548 4
6859 4
6860 4
6889 4
6890 4
6964 4
6965 4
6972 4
6973 4
7027 4
7028 4
7040 4
7041 4
7042 4
7043 4
7047 4
7048 4
7053 4
7054 4
7064 4
7065 4
7068 4
7069 4
7095 4
7096 4
7099 4
7100 4
7128 4
7129 4
7281 4
7282 4
7300 4
7301 4
7634 4
7635 4
8056 4
8057 4
8091 4
8092 4
8128 4
8129 4
8229 4
8230 4
8240 4
8241 4
8260 4
8261 4
8266 4
8267 4
8296 4
8297 4
8321 4
8322 4
8330 4
8331 4
8358 4
8359 4
8428 4
8429 4
8446 4
8447 4
8457 4
8458 4
8461 4
8462 4
8482 4
8483 4
8486 4
8487 4
8489 4
8490 4
8516 4
8517 4
8518 4
8522 4
8523 4
8548 4
8549 4
8647 4
8648 4
8670 4
8671 4
8701 4
8702 4
8703 4
8704 4
8765 4
8766 4
8813 4
8814 4
8819 4
8820 4
8821 4
8822 4
8834 4
8835 4
8855 4
8856 4
8864 4
8865 4
8886 4
8887 4
8946 4
8947 4
8985 4
8986 4
8995 4
8996 4
9004 4
9005 4
9006 4
9007 4
9008 4
9009 4
9017 4
9018 4
9061 4
9062 4
9075 4
9076 4
9077 4
9078 4
9079 4
9080 4
9097 4
9098 4
9109 4
9110 4
9113 4
9114 4
9116 4
9117 4
9121 4
9122 4
9124 4
9125 4
9138 4
9139 4
9144 4
9145 4
9159 4
9160 4
9162 4
9163 4
9164 4
9165 4
9167 4
9168 4
9170 4
9171 4
9181 4
9182 4
9183 4
9184 4
9196 4
9197 4
9198 4
9199 4
9201 4
9202 4
9205 4
9206 4
9207 4
9208 4
9233 4
9234 4
9250 4
9251 4
9292 4
9293 4
9298 4
9299 4
9300 4
9301 4
9302 4
9303 4
9417 4
9418 4
4923 4
3217 4
5972 4
4733 4
3628 4
4807 4
2475 4
4610 4
1978 4
1635 4
3468 4
1673 4
4515 4
1808 4
3720 4
5790 4
8688 4
4612 4
6999 4
1211 4
4878 4
1075 4
926 4
1961 4
4741 4
1660 4
1638 4
2556 4
1388 4
7392 4
2872 4
761 4
1552 4
2431 4
422 4
1111 4
8115 4
2976 4
6173 4
2362 4
2882 4
6659 4
7778 4
7723 4
3578 4
5192 4
1681 4
4126 4
3361 4
3984 4
5941 4
4645 4
2291 4
1875 4
905 4
4216 4
4380 4
2798 4
4189 4
4506 4
62 4
3429 4
2809 4
5524 4
57 4
7923 4
4771 4
3186 4
2005 4
839 4
2152 4
2111 4
5623 4
3592 4
5937 4
1231 4
3919 4
728 4
2441 4
6815 4
2593 4
4537 4
9210 4
478 4
2724 4
5863 4
521 4
4153 4
1832 4
4448 4
2597 4
6471 4
2319 4
1309 4
7375 4
3197 4
2725 4
4378 4
8346 4
1413 4
8219 4
4750 4
2877 4
290 4
663 4
3212 4
3940 4
1697 4
4327 4
2961 4
8810 4
1425 4
2693 4
7876 4
2759 4
1612 4
7111 4
371 4
5264 4
2840 4
388 4
3898 4
6192 4
1395 4
373 4
56 4
1052 4
2283 4
2732 4
3469 4
6790 4
410 4
4982 4
2874 4
4465 4
6356 4
5402 4
2493 4
1209 4
2135 4
3262 4
376 4
4559 4
5899 4
302 4
1039 4
1294 4
1940 4
324 4
5565 4
300 4
6220 4
5212 4
5373 4
3907 4
6335 4
5086 4
5480 4
5361 4
1767 4
4046 4
997 4
4541 4
3928 4
2143 4
1500 4
4666 4
1706 4
994 4
480 4
4853 4
344 4
613 4
461 4
3214 4
2330 4
7378 4
3749 4
7830 4
7464 4
1543 4
2490 4
650 4
4848 4
2780 4
3366 4
7354 4
1222 4
6064 4
8275 4
2668 4
370 4
1872 4
7345 4
4410 4
1787 4
6145 4
7650 4
332 4
4929 4
5504 4
6135 4
784 4
2159 4
1859 4
5988 4
5187 4
4358 4
374 4
2432 4
832 4
5065 4
3751 4
2498 4
2863 4
263 4
4870 4
8366 4
5310 4
2949 4
2865 4
969 4
4966 4
5511 4
1952 4
2415 4
7355 4
4801 4
3025 4
4073 4
4275 4
4067 4
3200 4
5589 4
8840 4
7726 4
1545 4
3187 4
247 4
2185 4
2372 4
1502 4
2312 4
1837 4
2767 4
1959 4
604 4
2051 4
1129 4
2713 4
1350 4
95 4
2019 4
6967 4
1732 4
2196 4
7586 4
390 4
3672 4
2190 4
2080 4
1860 4
2982 4
6258 4
6470 4
6909 4
171 4
4167 4
1950 4
3024 4
8213 4
4494 4
3577 4
3884 4
5336 4
857 4
112 4
3460 4
346 4
1178 4
1929 4
1989 4
3192 4
1644 4
428 4
6581 4
8198 4
4588 4
5645 4
1297 4
3026 4
3348 4
3202 4
1496 4
7316 4
2396 4
5558 4
1499 4
4225 4
5510 4
5260 4
4799 4
3951 4
5319 4
3696 4
3060 4
4956 4
4924 4
2501 4
1984 4
6399 4
5357 4
954 4
5646 4
4415 4
3065 4
6653 4
7565 4
2925 4
3495 4
5283 4
5894 4
3239 4
1880 4
4397 4
2235 4
5435 4
4867 4
1986 4
2162 4
165 4
8108 4
2328 4
2687 4
1691 4
3400 4
6218 4
2206 4
4364 4
1721 4
4782 4
307 4
1997 4
4977 4
160 4
658 4
385 4
7598 4
4963 4
5750 4
5016 4
2287 4
592 4
1649 4
6809 4
3878 4
4961 4
1038 4
5062 4
1922 4
5857 4
3398 4
2749 4
3278 4
2413 4
1722 4
3721 4
4534 4
6555 4
986 4
6250 4
1152 4
3744 4
4480 4
3210 4
8106 4
5497 4
4470 4
6124 4
8172 4
8176 4
452 4
5017 4
2039 4
5700 4
4340 4
747 4
779 4
2479 4
3064 4
245 4
42 4
487 4
2408 4
778 4
5860 4
7254 4
8113 4
6256 4
4725 4
3093 4
4845 4
879 4
1904 4
545 4
3571 4
770 4
3178 4
3474 4
2261 4
855 4
4271 4
4699 4
1197 4
4475 4
3089 4
5342 4
9087 4
5855 4
6534 4
1907 4
5241 4
5059 4
45 4
2539 4
2926 4
2503 4
9054 4
5756 4
4681 4
2228 4
3269 4
1630 4
2553 4
5701 4
7060 4
4968 4
286 4
1008 4
4536 4
8323 4
8326 4
5027 4
3496 4
5633 4
1125 4
282 4
415 4
1914 4
6343 4
1824 4
5378 4
943 4
8218 4
3487 4
3706 4
3066 4
2892 4
4331 4
3252 4
5254 4
1155 4
2117 4
4762 4
6901 4
2447 4
7640 4
6521 4
1362 4
4343 4
1937 4
2467 4
719 4
647 4
2477 4
96 4
1182 4
6502 4
6503 4
3846 4
2392 4
6068 4
538 4
1404 4
5300 4
33 4
1593 4
4434 4
3383 4
3559 4
1147 4
8110 4
1933 4
8714 4
4070 4
20 4
5560 4
468 4
5064 4
3981 4
4680 4
4700 4
391 4
1213 4
8194 4
638 4
5585 4
2406 4
1516 4
1280 4
1700 4
5160 4
1587 4
187 4
2459 4
490 4
1094 4
355 4
177 4
361 4
765 4
4487 4
2167 4
560 4
3277 4
5572 4
5208 4
1088 4
3527 4
512 4
3268 4
60 4
3906 4
4230 4
6024 4
6970 4
417 4
4738 4
2678 4
3040 4
1878 4
975 4
5936 4
5757 4
2110 4
2710 4
693 4
2731 4
548 4
6501 4
1510 4
5733 4
3273 4
339 4
3041 4
3184 4
5387 4
1539 4
3910 4
3448 4
1911 4
254 4
4808 4
2068 5
2268 5
6269 5
2351 5
4481 5
3949 5
2842 5
1108 5
4362 5
5365 5
15 5
3662 5
5066 5
1181 5
3871 5
322 5
6384 5
1167 5
6259 5
1304 5
1843 5
3536 5
3028 5
1396 5
3177 5
6083 5
755 5
1026 5
2128 5
345 5
1865 5
3279 5
4519 5
1177 5
837 5
3001 5
8635 5
4514 5
5375 5
10 5
3213 5
3498 5
2064 5
3875 5
2887 5
251 5
2562 5
2151 5
4074 5
2878 5
2270 5
5683 5
101 5
8214 5
2054 5
6831 5
3235 5
3445 5
3663 5
1766 5
3337 5
8959 5
8960 5
4184 5
988 5
1360 5
118 5
2095 5
406 5
3070 5
5976 5
4375 5
3455 5
4744 5
1613 5
472 5
2400 5
8365 5
7357 5
642 5
1637 5
4598 5
2049 5
389 5
4372 5
2781 5
4761 5
4071 5
1064 5
6726 5
1667 5
2744 5
3891 5
1133 5
7385 5
8353 5
8354 5
4341 5
5525 5
2540 5
3438 5
53 5
2380 5
4304 5
2671 5
5669 5
2525 5
1657 5
1461 5
2175 5
2806 5
5088 5
2301 5
7892 5
3415 5
3615 5
1494 5
1756 5
1376 5
4132 5
917 5
3091 5
97 5
5624 5
325 5
4520 5
1257 5
6500 5
4599 5
2238 5
7520 5
5911 5
1785 5
2612 5
3985 5
6910 5
6073 5
3230 5
2176 5
4018 5
709 5
1939 5
1275 5
2692 5
3637 5
4602 5
7872 5
1247 5
4008 5
2789 5
2992 5
695 5
2864 5
2524 5
2719 5
725 5
2576 5
317 5
2171 5
8480 5
4357 5
330 5
4097 5
3325 5
5025 5
2564 5
2316 5
5561 5
4454 5
3317 5
4417 5
518 5
2106 5
3033 5
7991 5
1913 5
3489 5
1411 5
5204 5
2777 5
4279 5
5539 5
851 5
1540 5
3993 5
5087 5
2811 5
591 5
2107 5
5437 5
656 5
5328 5
5054 5
5474 5
1971 5
465 5
2093 5
3031 5
1896 5
4089 5
2542 5
7196 5
6422 5
1689 5
1641 5
224 5
2404 5
2322 5
580 5
2794 5
2356 5
1607 5
4425 5
3515 5
6240 5
1365 5
1431 5
4371 5
169 5
2521 5
396 5
4141 5
5770 5
529 5
1820 5
7465 5
2237 5
1642 5
1891 5
2716 5
8962 5
537 5
1433 5
216 5
4973 5
6427 5
6780 5
7244 5
8410 5
8877 5
8905 5
8917 5
8956 5
8990 5
9131 5
9147 5
9151 5
9185 5
9194 5
9229 5
4975 5
540 5
3550 5
7643 5
9072 5
214 5
4607 5
467 5
5107 5
1331 5
2045 5
1783 5
8147 5
464 5
6350 5
850 5
6219 5
6998 5
4 5
4455 5
1166 5
657 5
3371 5
289 5
259 5
2429 5
5622 5
4836 5
7657 5
4909 5
5326 5
3755 5
2615 5
306 5
2050 5
588 5
6395 5
1947 5
4759 5
1324 5
597 5
1873 5
6487 5
2743 5
5134 5
684 5
5401 5
281 5
1936 5
4806 5
3339 5
3868 5
5467 5
1415 5
1406 5
3734 5
3627 5
5568 5
7418 5
1171 5
8697 5
2058 5
379 5
4207 5
965 5
3895 5
1073 5
1214 5
4360 5
2012 5
453 5
4850 5
293 5
2074 5
4408 5
3023 5
4411 5
4636 5
1117 5
8460 5
360 5
8824 5
7266 5
2941 5
239 5
5763 5
1712 5
3341 5
4926 5
6444 5
1255 5
3011 5
2979 5
1083 5
810 5
4936 5
2733 5
2059 5
5528 5
2807 5
3450 5
2038 5
2197 5
1886 5
3504 5
1218 5
3934 5
3774 5
6510 5
1894 5
1802 5
30 5
8107 5
1234 5
5315 5
4058 5
949 5
1921 5
1006 5
4914 5
3403 5
653 5
3679 5
3313 5
2333 5
7225 5
2491 5
1276 5
1583 5
956 5
1519 5
2943 5
4237 5
2041 5
6473 5
809 5
1149 5
1848 5
6720 5
1191 5
3700 5
1615 5
1877 5
5278 5
1497 5
1078 5
1243 5
1623 5
2532 5
3335 5
3440 5
5358 5
2329 5
1803 5
6217 5
4788 5
2437 5
1266 5
3960 5
5466 5
1633 5
3897 5
2896 5
1601 5
1693 5
2033 5
1503 5
754 5
2002 5
2854 5
2378 5
195 5
3687 5
590 5
6175 5
2108 5
978 5
3190 5
4227 5
510 5
749 5
423 5
3452 5
4724 5
372 5
3272 5
413 5
3367 5
6559 5
842 5
2112 5
3203 5
2476 5
544 5
8825 5
1172 5
144 5
2723 5
288 5
3964 5
2686 5
4161 5
2198 5
4390 5
409 5
301 5
2933 5
161 5
947 5
999 5
5084 5
5180 5
1200 5
4565 5
1849 5
4873 5
1800 5
1585 5
3848 5
6017 5
1980 5
1789 5
3698 5
5447 5
7057 5
3338 5
1842 5
5516 5
2140 5
2027 5
614 5
4518 5
615 5
2200 5
3051 5
951 5
1228 5
531 5
862 5
8094 5
8364 5
1440 5
3852 5
4053 5
1190 5
1377 5
1685 5
5587 5
811 5
4072 5
1885 5
2902 5
4874 5
2300 5
2588 5
2417 5
1436 5
1444 5
2580 5
1477 5
1688 5
1817 5
635 5
2825 5
4444 5
4833 5
1441 5
2867 5
2770 5
2154 5
6631 5
5878 5
2665 5
756 5
1432 5
4834 5
5540 5
367 5
2898 5
696 5
3294 5
1977 5
1383 5
904 5
250 5
2453 5
3233 5
1903 5
5372 5
1652 5
953 5
2358 5
680 5
2138 5
3293 5
5479 5
3368 5
2173 5
773 5
3864 5
256 5
6635 5
835 5
5559 5
4913 5
7097 5
2927 5
4545 5
1711 5
369 5
1357 5
2535 5
2931 5
1949 5
414 5
3739 5
4125 5
5041 5
2013 5
5625 5
1102 5
3912 5
2346 5
3630 5
3180 5
1931 5
1682 5
100 5
450 5
5706 5
799 5
142 5
448 5
237 5
4205 5
2907 5
3697 5
4087 5
3850 5
2326 5
841 5
5104 5
1347 5
3336 5
2829 5
1810 5
1893 5
5150 5
6249 5
5155 5
996 5
616 5
1714 5
987 5
5224 5
2772 5
4253 5
6208 5
861 5
2292 5
2899 5
1619 5
6082 5
2436 5
727 5
126 5
611 5
463 5
1627 5
652 5
4262 5
7474 5
1245 5
130 5
1912 5
2031 5
3773 5
1157 5
5275 5
963 5
1920 5
6577 5
2577 5
8154 5
3189 5
2004 5
4345 5
4879 5
1996 5
3911 5
4092 5
2032 5
494 5
4587 5
9237 5
7995 5
4093 5
2541 5
1349 5
1489 5
4082 5
2492 5
701 5
924 5
2047 5
1303 5
4600 5
1025 5
1188 5
4405 5
8801 5
4196 5
744 5
804 5
2375 5
1838 5
2011 5
2345 5
2048 5
199 5
4570 5
2714 5
4155 5
2290 5
2998 5
2087 5
692 5
3221 5
4917 5
1687 5
5166 5
1990 5
2599 5
1017 5
1535 5
1424 5
3326 5
336 5
2981 5
4298 5
6210 5
5314 5
556 5
2153 5
856 5
631 5
4663 5
1863 5
2255 5
930 5
7780 5
5156 5
180 5
8016 5
8992 5
321 5
3457 5
3546 5
1604 5
1713 5
1021 5
7198 5
3544 5
1647 5
815 5
2104 5
4797 5
1776 5
4047 5
915 5
9421 5
5626 5
2737 5
1816 5
2938 5
1040 5
2812 5
5299 5
5391 5
1781 5
5489 5
5263 5
5654 5
3509 5
1363 5
2813 5
1769 5
3173 5
2008 5
5149 5
1662 5
1081 5
2970 5
1093 5
4217 5
1811 5
1852 5
1588 5
2600 5
4580 5
3232 5
542 5
5532 5
2131 5
1788 5
158 5
1772 5
2212 5
1412 5
1841 5
265 5
1420 5
1979 5
2419 5
945 5
2548 5
3500 5
4261 5
202 5
7724 5
4489 5
1610 5
2906 5
5586 5
2126 5
6212 5
1945 5
380 5
198 5
1899 5
2853 5
131 5
4406 5
8861 5
262 5
627 5
4743 5
979 5
6452 5
2986 5
4551 5
966 5
333 5
312 5
1237 5
2195 5
4120 5
1080 5
426 5
1640 5
2727 5
2092 5
4139 5
717 5
2946 5
4684 5
3045 5
2260 5
188 5
852 5
2775 5
2365 5
1598 5
1024 5
418 5
2395 5
1486 5
4758 5
164 5
3181 5
3067 5
1306 5
93 5
1556 5
1457 5
8125 5
3968 5
1699 5
3257 5
432 5
3007 5
1608 5
1033 5
2988 5
2457 5
5698 5
844 5
5029 5
1434 5
1043 5
5747 5
2673 5
3659 5
607 5
662 5
1192 5
1007 5
5386 5
3575 5
4140 5
790 5
3738 5
1675 5
838 5
2034 5
700 5
1046 5
3002 5
153 5
5268 5
629 5
4307 5
1239 5
0 5
2353 5
2079 5
814 5
210 5
4219 5
231 5
4916 5
1698 5
952 5
2001 5
3259 5
2795 5
174 5
7785 5
278 5
1161 5
5505 5
3992 5
2689 5
2566 5
3381 5
667 5
599 5
1987 5
2327 5
2500 5
2127 5
3590 5
2607 5
3053 5
6841 5
3057 5
4728 5
2420 5
8345 5
2259 5
5094 5
2025 5
3946 5
3620 5
4315 5
2115 5
2060 5
4098 5
181 5
242 5
1020 5
6387 5
3647 5
1478 5
886 5
2282 5
859 5
1871 5
2928 5
759 5
3708 5
440 5
1840 5
1144 5
4974 5
1159 5
2741 5
404 5
3439 5
2121 5
3207 5
1389 5
8935 5
1233 5
2156 5
7 5
4671 5
723 5
3699 5
735 5
2751 5
1327 5
1136 5
2397 5
399 5
149 5
3567 5
4813 5
4056 5
1962 5
285 5
7201 5
3052 5
1967 5
2523 5
2318 5
555 5
1364 5
3034 5
2891 5
624 5
2595 5
3471 5
456 5
3507 5
2672 5
2869 5
1265 5
1812 5
1454 5
1251 5
2191 5
1106 5
968 5
1259 5
739 5
3356 5
4527 5
3585 5
211 5
4054 5
2037 5
4305 5
1150 5
5513 5
439 5
431 5
1229 5
4773 5
4825 5
1874 5
507 5
623 5
7414 5
1953 5
3436 5
925 5
3345 5
1537 5
2139 5
295 5
587 5
2486 5
2528 5
3030 5
296 5
128 5
820 5
2169 5
12 5
4238 5
793 5
2520 5
2166 5
6 5
2485 5
5859 5
3261 5
948 5
2939 5
1390 5
2423 5
977 5
4611 5
1639 5
433 5
912 5
5167 5
6138 5
4088 5
3044 5
2040 5
618 5
2574 5
166 5
3179 5
2911 5
4195 5
2091 5
2150 5
4866 5
1758 5
740 5
1678 5
3645 5
2374 5
2784 5
2735 5
2129 5
387 5
303 5
1655 5
3081 5
1864 5
1260 5
329 5
5009 5
4163 5
2096 5
1695 5
7104 5
818 5
3753 5
1483 5
2788 5
1866 5
2972 5
2802 5
1809 5
972 5
3526 5
5049 5
666 5
5103 5
257 5
2194 5
264 5
1315 5
1004 5
1135 5
4674 5
5001 5
4091 5
821 5
3482 5
92 5
8066 5
1101 5
1345 5
574 5
3334 5
2193 5
891 5
1430 5
3644 5
3772 5
5044 5
2838 5
782 5
1798 5
797 5
787 5
4060 5
2819 5
1066 5
1716 5
2085 5
31 5
2412 5
5203 5
4755 5
562 5
443 5
2977 5
1544 5
946 5
32 5
691 5
1458 5
3967 5
1153 5
5556 5
4838 5
4468 5
596 5
162 5
4059 5
1709 5
1098 5
2560 5
4145 5
1128 5
3013 5
4577 5
2303 5
2043 5
2985 5
3049 5
1442 5
3260 5
255 5
424 5
2023 5
1097 5
1248 5
2324 5
5239 5
1220 5
314 5
104 5
5909 5
1773 5
1763 5
5684 5
822 5
933 5
2803 5
1065 5
993 5
2549 5
1168 5
1934 5
4760 5
5165 5
3740 5
170 5
457 5
294 5
2418 5
1 5
2203 5
1892 5
1077 5
3027 5
11 5
4667 5
2254 5
122 5
13 5
3619 5
4476 5
117 5
2165 5
111 5
183 5
5019 5
1475 5
813 5
2828 5
2315 5
2157 5
632 5
219 5
3625 5
2458 5
2726 5
819 5
4057 5
3950 5
3990 5
1355 5
1632 5
733 5
1184 5
2765 5
4748 5
1203 5
768 5
834 5
1132 5
898 5
412 5
918 5
4883 5
2073 5
5353 5
2533 5
4229 5
1016 5
1346 5
3746 5
233 5
2481 5
637 5
738 5
2130 5
1387 5
2605 5
4045 5
4772 5
1012 5
3276 5
672 5
2323 5
745 5
4583 5
1482 5
1998 5
551 5
1226 5
1241 5
1895 5
1015 5
2800 5
1666 5
115 5
2371 5
8149 5
1775 5
2113 5
1474 5
1495 5
606 5
5106 5
1447 5
1238 5
803 5
1620 5
1505 5
3449 5
1165 5
612 5
229 5
4846 5
442 5
2428 5
5371 5
429 5
217 5
939 5
651 5
892 5
2816 5
5434 5
1079 5
903 5
992 5
2279 5
2952 5
3209 5
889 5
2367 5
5584 5
5406 5
1186 5
628 5
526 5
1629 5
1762 5
1791 5
576 5
1609 5
1354 5
3983 5
906 5
1946 5
1084 5
1518 5
3092 5
4061 5
5754 5
854 5
2267 5
4651 5
2691 5
989 5
4960 5
3617 5
1898 5
2394 5
182 5
19 5
522 5
1208 5
1821 5
323 5
1437 5
4044 5
2860 5
697 5
885 5
4633 5
1035 5
3723 5
434 5
1443 5
1804 5
1250 5
1786 5
2814 5
1173 5
2280 5
5188 5
1131 5
2258 5
1398 5
416 5
5583 5
1599 5
549 5
1968 5
566 5
3225 5
919 5
2545 5
1942 5
712 5
446 5
511 5
3245 5
3004 5
2912 5
2313 5
753 5
1916 5
2299 5
44 5
2833 5
2534 5
901 5
4062 5
1765 5
2989 5
3532 5
411 5
2199 5
1068 5
3016 5
1606 5
601 5
704 5
1957 5
258 5
1107 5
1541 5
860 5
309 5
3406 5
3227 5
1082 5
2590 5
3648 5
159 5
5580 5
253 5
222 5
2519 5
833 5
366 5
51 5
1175 5
1002 5
771 5
585 5
2472 5
1164 5
1142 5
558 5
2522 5
610 5
4068 5
362 5
4538 5
5242 5
2189 5
534 5
5856 5
363 5
2021 5
3441 5
2531 5
1392 5
896 5
577 5
3932 5
1320 5
572 5
594 5
1429 5
4170 5
1507 5
801 5
563 5
3003 5
2398 5
1456 5
234 5
2937 5
609 5
3588 5
1299 5
2125 5
828 5
2366 5
1654 5
2357 5
495 5
110 5
1683 5
3737 5
2483 5
2132 5
401 5
734 5
1858 5
3175 5
1116 5
1710 5
9 5
384 5
1546 5
853 5
1926 5
328 5
2298 5
2278 5
1183 5
3246 5
2690 5
634 5
1263 5
1268 5
605 5
2103 5
1677 5
4283 5
1484 5
7063 5
445 5
940 5
3077 5
513 5
568 5
1932 5
1402 5
1221 5
3404 5
805 5
816 5
1290 5
3046 5
2026 5
2856 5
6211 5
1930 5
1031 5
287 5
125 5
8442 5
1605 5
621 5
41 5
731 5
3328 5
121 5
1311 5
3467 5
3569 5
1774 5
3572 5
3048 5
1267 5
808 5
800 5
3029 5
1754 5
2468 5
567 5
2570 5
1670 5
812 5
827 5
1207 5
2530 5
138 5
3032 5
1493 5
897 5
752 5
3470 5
1485 5
1694 5
3174 5
1476 5
586 5
5687 5
427 5
1236 5
2414 5
2876 5
4567 5
578 5
1367 5
2604 5
1883 5
1674 5
598 5
3407 5
7292 5
1634 5
2253 5
3710 5
741 5
1876 5
4090 5
1594 5
105 5
825 5
249 5
626 5
1603 5
742 5
1780 5
3231 5
736 5
3172 5
4474 5
3047 5
1194 5
1868 5
792 5
5329 5
4065 5
622 5
280 5
1219 5
789 5
1782 5
565 5
420 5
936 5
786 5
1027 5
228 5
94 5
2046 5
3535 5
3743 5
764 5
3074 5
1163 5
2505 5
98 5
2274 5
5465 5
316 5
22 5
927 5
2213 5
227 5
454 5
1919 5
706 5
1227 5
620 5
2297 5
218 5
8566 5
2793 5
1870 5
1170 5
2293 5
1597 5
595 5
1187 5
1283 5
221 5
829 5
3565 5
1551 5
175 5
368 5
279 5
2390 5
766 5
277 5
1421 5
1005 5
1403 5
910 5
1426 5
4185 5
2 5
1169 5
3855 5
907 5
5184 5
845 5
559 5
276 5
1235 5
2029 5
163 5
1983 5
1067 5
132 5
3275 5
3435 5
193 5
1427 5
807 5
1884 5
236 5
1656 5
4581 5
1348 5
1212 5
743 5
488 5
4280 5
449 5
1938 5
536 5
1879 5
1847 5
4182 5
2688 5
998 5
893 5
528 5
2695 5
315 5
823 5
890 5
1109 5
232 5
711 5
220 5
1205 5
1271 5
2740 5
2434 5
654 5
201 5
382 5
514 5
157 5
2393 5
1671 5
2163 5
4281 5
3314 5
225 5
817 5
1356 5
923 5
5663 5
135 5
2715 5
120 5
1839 5
1001 5
888 5
911 5
4430 5
840 5
1291 5
1193 5
937 5
2256 5
386 5
184 5
1076 5
921 5
102 5
2325 5
2133 5
582 5
1669 5
38 5
313 5
2527 5
1249 5
3885 5
3735 5
2471 5
908 5
762 5
603 5
4431 5
5046 5
186 5
444 5
581 5
571 5
589 5
1614 5
575 5
617 5
1490 5
2077 5
2304 5
191 5
1160 5
2155 5
3226 5
1000 5
974 5
1011 5
1070 5
1985 5
527 5
1174 5
244 5
1325 5
788 5
1481 5
1882 5
209 5
1857 5
1419 5
1684 5
2478 5
732 5
3 5
1003 5
2078 5
113 5
331 5
619 5
146 5
173 5
794 5
208 5
1009 5
106 5
5185 5
798 5
3035 5
3290 5
1141 5
1359 5
148 5
2470 5
1014 5
127 5
364 5
909 5
137 5
824 5
4003 5
1100 5
207 5
552 5
310 5
1198 5
304 5
4881 5
147 5
311 5
3223 5
2975 5
213 5
447 5
145 5
964 5
2526 5
226 5
561 5
2105 5
942 5
408 5
168 5
550 5
785 5
2536 5
573 5
261 5
189 5
1293 5
1509 5
5 5
49 5
2572 5
699 5
205 5
156 5
1533 5
3224 5
1650 5
223 5
2242 5
206 5
103 5
1099 5
1095 5
52 5
167 5
883 5
751 5
320 5
553 5
1232 5
1217 5
176 5
392 5
134 5
1676 5
1768 5
944 5
1296 5
136 5
4701 5
1244 5
400 5
1770 5
124 5
2020 5
1044 5
116 5
748 5
1511 5
109 5
2332 5
554 5
40 5
179 5
114 5
119 5
318 5
123 5
200 5
215 5
212 5
204 5
398 5
407 5
1948 5
194 5
973 5
143 5
1199 5
3380 5
1162 5
1764 5
397 5
405 5
750 5
564 5
1370 5
1289 5
203 5
99 5
319 5
129 5
139 5
