7085 1
4484 1
4304 1
4385 1
3733 1
2838 1
5310 1
3156 1
6283 1
6908 1
5687 1
3532 1
3660 1
632 1
4368 1
7004 1
5342 1
5578 1
7065 1
6695 1
7202 1
7068 1
7169 1
2790 1
3998 1
6806 1
6927 1
7121 1
4121 1
3787 1
5613 1
5797 1
7025 1
7334 1
4644 1
7239 1
3649 1
6384 1
4787 1
4306 1
5081 1
5476 1
6574 1
2923 1
6587 1
2740 1
6828 1
7032 1
7229 1
4736 1
5720 1
2064 1
2382 1
5362 1
2413 1
3580 1
7347 1
6934 1
5463 1
6948 1
5356 1
1312 1
2289 1
3091 1
4524 1
3296 1
7336 1
6096 1
6610 1
4966 1
6496 1
7234 1
6990 1
6680 1
3953 1
2130 1
6386 1
7366 1
5083 1
3872 1
6897 1
6872 1
5732 1
4679 1
7240 1
4738 1
5043 1
4980 1
68 1
6856 1
7227 1
6766 1
6862 1
7158 1
6535 1
1082 1
4748 1
5364 1
3465 1
5169 1
6250 1
5251 1
3341 1
6956 1
6392 1
5152 1
6801 1
7381 1
5181 1
4720 1
5930 1
6902 1
7368 1
3786 1
2030 1
3772 1
7115 1
4700 1
7247 1
3334 1
4712 1
5240 1
6206 1
1273 1
2750 1
4411 1
6811 1
6911 1
7306 1
4761 1
3450 1
3789 1
4887 1
6373 1
5758 1
6609 1
5859 1
5641 1
1709 1
1862 1
5120 1
6089 1
6781 1
6822 1
7087 1
7090 1
7249 1
5473 1
7204 1
7328 1
5374 1
5091 1
4704 1
7128 1
5639 1
4560 1
6349 1
7264 1
7384 1
4315 1
2019 1
4131 1
4601 1
5051 1
2969 1
7392 1
4212 1
6271 1
5023 1
6341 1
6597 1
7221 1
6604 1
1823 1
2620 1
3878 1
4890 1
7335 1
2055 1
3946 1
4455 1
7069 1
563 1
6033 1
1983 1
5684 1
3292 1
3746 1
4708 1
4955 1
6024 1
5438 1
6513 1
5600 1
6729 1
3460 1
6851 1
6204 1
4758 1
7188 1
3788 1
6571 1
4083 1
6043 1
1885 1
5392 1
7006 1
5399 1
3705 1
5414 1
3420 1
3656 1
5320 1
644 1
6137 1
5370 1
7135 1
1029 1
3899 1
6502 1
6453 1
6477 1
7222 1
5833 1
7225 1
1513 1
4964 1
4735 1
5419 1
1472 1
7147 1
7193 1
6843 1
5055 1
1357 1
3558 1
5352 1
5403 1
5161 1
5541 1
7241 1
3535 1
4046 1
6614 1
6687 1
6808 1
4680 1
5305 1
7223 1
6091 1
6494 1
2561 1
3380 1
4000 1
7067 1
7092 1
5712 1
7138 1
3630 1
3383 1
4252 1
5085 1
2701 1
7339 1
2665 1
4646 1
7153 1
6419 1
6815 1
7089 1
4150 1
55 1
3439 1
5174 1
6103 1
4827 1
3812 1
4147 1
4853 1
5074 1
7331 1
6859 1
4689 1
4818 1
5543 1
4423 1
5029 1
6975 1
3125 1
5487 1
7269 1
6157 1
3826 1
5435 1
4757 1
6146 1
6723 1
6273 1
6893 1
6456 1
3124 1
3783 1
5689 1
5707 1
5873 1
6536 1
7375 1
7043 1
6060 1
6756 1
5323 1
4803 1
5407 1
6782 1
6169 1
7262 1
5137 1
4052 1
6919 1
7304 1
5341 1
7389 1
6162 1
6344 1
6399 1
6439 1
6854 1
6858 1
6886 1
7105 1
7184 1
7329 1
7369 1
5954 1
6883 1
2856 1
3967 1
7292 1
2333 1
7282 1
1270 1
4699 1
3930 1
6949 1
5361 1
3652 1
6528 1
578 1
3358 1
7127 1
4422 1
5741 1
6519 1
4451 1
4004 1
4561 1
6707 1
902 1
1908 1
5436 1
5921 1
7056 1
2658 1
2975 1
1975 1
2825 1
4020 1
4516 1
4747 1
4951 1
5413 1
5500 1
4054 1
6875 1
4661 1
6174 1
5255 1
4876 1
6722 1
2847 1
4682 1
7361 1
4095 1
3694 1
4489 1
4676 1
3671 1
5466 1
3352 1
6850 1
3101 1
4771 1
2820 1
5831 1
7076 1
7112 1
3585 1
6460 1
4430 1
5151 1
6509 1
5790 1
6354 1
6807 1
1515 1
3336 1
4606 1
6918 1
7278 1
5385 1
1686 1
2498 1
4345 1
4713 1
4855 1
6126 1
6172 1
3855 1
6650 1
3807 1
338 1
1322 1
3291 1
5215 1
3468 1
4353 1
3935 1
1601 1
6307 1
5243 1
6760 1
6256 1
7103 1
5788 1
7218 1
5433 1
2757 1
4754 1
7210 1
4032 1
4037 1
4118 1
5223 1
5501 1
7073 1
3392 1
4088 1
4656 1
4883 1
5103 1
5188 1
5266 1
5090 1
1872 1
6451 1
5924 1
3096 1
2015 1
4480 1
7385 1
1793 1
7148 1
2743 1
4775 1
7111 1
6434 1
3284 1
5036 1
106 1
1773 1
5274 1
5253 1
7102 1
7296 1
3710 1
4366 1
6641 1
7100 1
3297 1
6093 1
6547 1
7326 1
7071 1
4625 1
4387 1
5272 1
4763 1
1216 1
6418 1
6615 1
6819 1
6878 1
7055 1
7301 1
3618 1
3835 1
4110 1
4519 1
4698 1
4331 1
4874 1
7353 1
4688 1
2306 1
2098 1
4574 1
814 1
5839 1
7123 1
4743 1
6992 1
5153 1
6446 1
4875 1
4467 1
3526 1
3682 1
4244 1
6362 1
6780 1
6885 1
6971 1
7345 1
6898 1
7322 1
1587 1
1969 1
6223 1
1544 1
4457 1
6588 1
4333 1
5441 1
2699 1
4628 1
4701 1
1490 1
5058 1
5451 1
3735 1
3688 1
6368 1
4038 1
567 1
6410 1
3962 1
5360 1
6895 1
7037 1
5163 1
2538 1
6491 1
5311 1
6314 1
6891 1
7192 1
4866 1
7327 1
3637 1
4094 1
5171 1
5599 1
3941 1
6022 1
6598 1
927 1
4925 1
4963 1
5605 1
7130 1
7170 1
4681 1
5484 1
3516 1
6501 1
6921 1
6982 1
5279 1
1556 1
2719 1
4796 1
5420 1
4154 1
3804 1
3220 1
7072 1
4996 1
5737 1
5876 1
6470 1
1970 1
4872 1
6458 1
7298 1
4731 1
6263 1
6529 1
1102 1
7383 1
3333 1
4329 1
7349 1
5372 1
5981 1
3410 1
6832 1
7346 1
5062 1
6145 1
6182 1
5902 1
7232 1
1265 1
4674 1
6420 1
7277 1
7189 1
6284 1
6746 1
6900 1
7088 1
6379 1
5366 1
2788 1
3232 1
4149 1
4914 1
5248 1
6347 1
5064 1
6726 1
3555 1
5439 1
4091 1
5822 1
1394 1
2281 1
3012 1
3099 1
4931 1
4405 1
5906 1
2795 1
3890 1
5093 1
794 1
7060 1
6581 1
1753 1
4881 1
6842 1
6705 1
2386 1
3868 1
4307 1
5213 1
6138 1
7348 1
610 1
6611 1
6905 1
6667 1
4850 1
5351 1
6430 1
2476 1
6061 1
6733 1
6123 1
6678 1
5211 1
3914 1
5033 1
1581 1
1619 1
3636 1
6269 1
6785 1
233 1
7059 1
7141 1
3695 1
5290 1
6607 1
6099 1
3570 1
6482 1
2086 1
2671 1
5202 1
5446 1
3361 1
5071 1
5373 1
2253 1
5846 1
6285 1
7013 1
7146 1
7357 1
5219 1
6067 1
6356 1
6542 1
5900 1
2909 1
6520 1
6916 1
3607 1
6086 1
6255 1
6672 1
6940 1
7207 1
5133 1
6525 1
6714 1
3302 1
593 1
3006 1
5118 1
1319 1
4334 1
5690 1
6906 1
7001 1
4633 1
5097 1
7364 1
2132 1
3317 1
6361 1
5753 1
7077 1
5882 1
6068 1
3714 1
5621 1
6189 1
5941 1
4844 1
5010 1
7305 1
6289 1
5832 1
7063 1
4871 1
5249 1
5321 1
6702 1
2345 1
2482 1
3587 1
3620 1
5089 1
5099 1
2420 1
3794 1
3384 1
7132 1
1645 1
4139 1
5927 1
7016 1
6662 1
7390 1
5842 1
6116 1
560 1
5368 1
6404 1
6295 1
1914 1
5557 1
6187 1
6926 1
7187 1
5980 1
7356 1
7233 1
6567 1
6864 1
6951 1
5190 1
6472 1
7074 1
7080 1
7270 1
4726 1
4976 1
3829 1
4396 1
5304 1
6952 1
7175 1
7242 1
3344 1
6596 1
3510 1
4250 1
1262 1
5112 1
5327 1
6069 1
2011 1
6357 1
2774 1
6290 1
6476 1
868 1
3175 1
4768 1
4330 1
4975 1
5275 1
6317 1
3610 1
3942 1
4983 1
5098 1
7307 1
4540 1
6270 1
3985 1
5410 1
6681 1
6376 1
7386 1
3925 1
5467 1
7054 1
7272 1
5369 1
7083 1
6991 1
4394 1
4905 1
5664 1
6769 1
6922 1
7255 1
6903 1
7156 1
6759 1
6879 1
5798 1
6041 1
2458 1
4645 1
3725 1
7276 1
6796 1
5496 1
5057 1
6812 1
3665 1
6563 1
6720 1
6747 1
7382 1
2483 1
575 1
4908 1
4079 1
2356 1
227 1
6582 1
2354 1
4369 1
7294 1
7374 1
5477 1
1917 1
4496 1
4677 1
3791 1
7360 1
6888 1
7352 1
6981 1
3833 1
5817 1
6019 1
6775 1
6778 1
6381 1
126 1
2572 1
1732 1
3717 1
2120 1
6976 1
5208 1
7308 1
6011 1
4124 1
5106 1
7042 1
5987 1
6749 1
4426 1
7029 1
1922 1
4474 1
6127 1
6953 1
6974 1
7114 1
2921 1
2871 1
3388 1
5196 1
4143 1
4410 1
5245 1
5505 1
3650 1
2292 1
5443 1
5491 1
6436 1
6622 1
6779 1
7023 1
7274 1
3915 1
5293 1
7362 1
3272 1
3561 1
6996 1
5067 1
5483 1
3122 1
2687 1
6550 1
7237 1
7325 1
7370 1
5618 1
7084 1
4180 1
1260 1
4268 1
4297 1
5389 1
6217 1
6510 1
7020 1
2746 1
3712 1
7182 1
4838 1
7057 1
6837 1
7061 1
3255 1
5830 1
6739 1
7149 1
5659 1
7086 1
7005 1
7053 1
6628 1
6869 1
6904 1
5180 1
6154 1
4665 1
7186 1
5482 1
5770 1
6198 1
6841 1
7119 1
3938 1
1930 1
4265 1
6215 1
6957 1
4229 1
6640 1
2708 1
7179 1
7201 1
176 1
400 1
4464 1
6642 1
2864 1
7256 1
5998 1
7350 1
2008 1
2441 1
4341 1
5226 1
3120 1
7181 1
5527 1
7228 1
2443 1
1348 1
4472 1
4526 1
5187 1
5309 1
6049 1
7022 1
7152 1
2710 1
2974 1
5200 1
487 1
1439 1
2706 1
3339 1
3782 1
6389 1
6580 1
7185 1
7012 1
3602 1
3308 1
4724 1
5507 1
4168 1
98 1
6450 1
6963 1
7030 1
7309 1
3921 1
4211 1
5422 1
4860 1
5432 1
2514 1
982 1
1622 1
2832 1
4075 1
7137 1
7214 1
7224 1
3608 1
6294 1
6713 1
7312 1
4254 1
6238 1
7106 1
6064 1
1211 1
6936 1
3397 1
6558 1
2881 1
4219 1
5905 1
6337 1
7342 1
6443 1
6537 1
6752 1
6955 1
7190 1
7197 1
5140 1
1691 1
5448 1
5658 1
6152 1
6272 1
6825 1
6989 1
7120 1
6794 1
3545 1
6359 1
6401 1
7275 1
5804 1
5759 1
3918 1
5108 1
5979 1
7122 1
5268 1
6605 1
4221 1
6391 1
7378 1
4985 1
2895 1
4977 1
5277 1
5329 1
2336 1
2886 1
3114 1
3126 1
3536 1
4403 1
4668 1
5334 1
3968 1
5612 1
7118 1
4348 1
6507 1
6578 1
6938 1
6961 1
1809 1
5231 1
3756 1
5888 1
7176 1
4078 1
6396 1
6867 1
7377 1
5528 1
1378 1
1405 1
3885 1
5307 1
5358 1
6282 1
6798 1
6855 1
7160 1
3634 1
6074 1
5204 1
135 1
1331 1
1682 1
2208 1
2577 1
2840 1
2926 1
3767 1
4087 1
4164 1
4177 1
4210 1
4323 1
4840 1
4934 1
5138 1
5295 1
5826 1
5889 1
6000 1
6170 1
6237 1
6388 1
6531 1
6564 1
6652 1
6863 1
7136 1
7206 1
7268 1
7340 1
5371 1
6556 1
6342 1
854 1
3209 1
3525 1
2753 1
5771 1
6178 1
6110 1
6655 1
6367 1
6540 1
7162 1
1750 1
3573 1
3803 1
4428 1
6055 1
645 1
2882 1
6813 1
4384 1
6030 1
7333 1
6623 1
4108 1
4882 1
5164 1
5273 1
5079 1
3827 1
7104 1
6844 1
5409 1
7157 1
2896 1
1228 1
2295 1
5355 1
2887 1
6896 1
3409 1
4947 1
5782 1
6037 1
6133 1
6233 1
6634 1
6737 1
7259 1
7324 1
7365 1
7198 1
2087 1
6984 1
6454 1
7177 1
5186 1
6117 1
4745 1
5655 1
5661 1
5944 1
7236 1
7317 1
7376 1
5053 1
5911 1
7380 1
6570 1
5663 1
6382 1
7075 1
7287 1
7300 1
7344 1
4937 1
6191 1
6727 1
6679 1
123 1
1500 1
2355 1
3509 1
4194 1
4275 1
5011 1
5105 1
6397 1
6467 1
150 1
3966 1
3996 1
4186 1
4463 1
5458 1
5800 1
6279 1
6324 1
6398 1
6716 1
6753 1
6829 1
7031 1
4940 1
4189 1
5574 1
4959 1
4226 1
6994 1
7253 1
5228 1
5825 1
7246 1
1549 1
4632 1
5263 1
6805 1
7078 1
4598 1
1459 1
5584 1
7064 1
7199 1
5719 1
6626 1
6620 1
4539 1
7038 1
158 1
2635 1
2860 1
3591 1
3845 1
5166 1
5260 1
5442 1
6479 1
6998 1
990 1
2914 1
3821 1
4660 1
4865 1
5288 1
5434 1
6135 1
6296 1
6332 1
6658 1
4990 1
5115 1
3033 1
5220 1
5929 1
3089 1
2968 1
3201 1
4129 1
4663 1
5795 1
6930 1
7293 1
4425 1
5949 1
2060 1
3964 1
4495 1
7343 1
5953 1
6985 1
7126 1
7359 1
2397 1
3001 1
5354 1
5847 1
6790 1
7019 1
7289 1
6052 1
6442 1
6653 1
2171 1
6693 1
738 1
7033 1
7358 1
3734 1
6939 1
3816 1
7388 1
3736 1
5727 1
6159 1
6484 1
7045 1
7266 1
1015 1
2736 1
4241 1
4583 1
6212 1
6764 1
5444 1
2096 1
4049 1
6980 1
7002 1
7279 1
1562 1
2293 1
5344 1
7303 1
6826 1
5852 1
3900 1
4737 1
4831 1
3950 1
5247 1
5453 1
5508 1
191 1
2614 1
4703 1
7315 1
3106 1
6062 1
1954 1
3018 1
4773 1
5808 1
6035 1
2958 1
3684 1
242 1
2919 1
6821 1
2256 1
4501 1
7081 1
3021 1
2322 1
6630 1
5382 1
5904 1
6870 1
2993 1
5042 1
5121 1
6346 1
7070 1
4780 1
5289 1
6608 1
7316 1
5173 1
5524 1
6428 1
6591 1
2575 1
5340 1
4752 1
7351 1
7244 1
1985 1
5772 1
3017 1
3979 1
7129 1
7191 1
3427 1
7194 1
2097 1
3453 1
3892 1
4140 1
5312 1
5047 1
7079 1
2966 1
3369 1
3515 1
3848 1
5156 1
7091 1
7263 1
5517 1
3363 1
6031 1
5040 1
5947 1
5218 1
4035 1
5165 1
4278 1
6758 1
6793 1
6119 1
6840 1
4461 1
1591 1
4889 1
6839 1
5222 1
5345 1
6518 1
6970 1
6928 1
464 1
6964 2
5031 2
6899 2
1395 2
5411 2
5918 2
6942 2
4116 2
4126 2
5325 2
4792 2
5280 2
3557 2
7155 2
1176 2
3445 2
7311 2
2888 2
1538 2
5063 2
1185 2
7313 2
5082 2
5775 2
3316 2
7154 2
6761 2
3083 2
2400 2
5866 2
5868 2
7048 2
7066 2
4794 2
7314 2
3088 2
3828 2
5230 2
4631 2
5504 2
5823 2
6199 2
6619 2
7124 2
7200 2
5835 2
874 2
2433 2
2490 2
2829 2
3016 2
3191 2
4390 2
5006 2
5195 2
6340 2
7099 2
5660 2
3723 2
1936 2
6712 2
6728 2
1461 2
4943 2
596 2
5412 2
1965 2
608 2
6469 2
6543 2
6595 2
6833 2
4837 2
3869 2
4565 2
5881 2
4203 2
2147 2
5421 2
6736 2
6750 2
7213 2
7363 2
2068 2
6576 2
5986 2
1458 2
1072 2
3977 2
5155 2
5465 2
7387 2
4201 2
6322 2
7015 2
4111 2
4223 2
5176 2
6962 2
6276 2
6572 2
4906 2
6800 2
7267 2
3474 2
4336 2
4342 2
4556 2
6616 2
6136 2
3348 2
6521 2
2656 2
3507 2
3832 2
4671 2
5397 2
7142 2
5563 2
4271 2
5984 2
3047 2
4706 2
6142 2
1339 2
6010 2
7332 2
4066 2
4504 2
6783 2
5935 2
7139 2
1121 2
7196 2
6741 2
4854 2
594 2
4769 2
5319 2
2652 2
3626 2
3506 2
4234 2
4541 2
6383 2
6789 2
7231 2
7280 2
2387 2
5965 2
4649 2
1318 2
3751 2
6415 2
6076 2
4862 2
7355 2
1017 2
3368 2
3475 2
4352 2
4548 2
5728 2
6545 2
6670 2
6988 2
7203 2
7209 2
7258 2
7285 2
7297 2
3376 2
7131 2
5416 2
4571 2
7220 2
2720 2
6677 2
2000 2
6441 2
1308 2
4518 2
4741 2
7110 2
7284 2
2337 2
4587 2
5298 2
5494 2
5778 2
6417 2
6876 2
6958 2
7172 2
5306 2
1759 2
1415 2
3213 2
4755 2
6968 2
1346 2
6433 2
2868 2
4559 2
5878 2
7058 2
7144 2
7373 2
4452 2
5863 2
6834 2
2287 2
6912 2
6715 2
4542 2
7052 2
3840 2
4551 2
5170 2
5357 2
2791 2
3473 2
4799 2
6590 2
5437 2
6246 2
3758 2
4178 2
6412 2
4790 2
5447 2
5197 2
4010 2
6884 2
7371 2
3196 2
3886 2
5457 2
5967 2
7034 2
5313 2
1797 2
2598 2
776 2
6599 2
6947 2
1735 2
6802 2
4795 2
5038 2
5781 2
1468 2
5398 2
1717 2
5383 2
6063 2
5486 2
5803 2
1596 2
4832 2
5962 2
819 2
7010 2
6960 2
6765 2
1925 2
3579 2
6197 2
6185 2
3887 2
4841 2
3960 2
4017 2
4809 2
4822 2
2024 2
3179 2
2353 2
4267 2
6155 2
5264 2
6717 2
3379 2
6455 2
7095 2
7261 2
3542 2
7320 2
2940 2
3300 2
3994 2
3451 2
2781 2
3447 2
3574 2
4359 2
2426 2
3581 2
6523 2
1859 2
4954 2
3205 2
4237 2
5951 2
5549 2
3954 2
105 2
3449 2
6208 2
7245 2
6861 2
6207 2
5792 2
5009 2
3071 2
3834 2
5359 2
5922 2
3057 2
6084 2
4398 2
4973 2
3098 2
5041 2
3706 2
6601 2
6651 2
3322 2
1218 2
4431 2
4553 2
4622 2
6944 2
5653 2
3755 2
2963 2
3697 2
7288 2
5819 2
679 2
5402 2
7238 2
4233 2
6676 2
6708 2
4043 2
6184 2
6281 2
6646 2
7151 2
7195 2
7379 2
4346 2
2695 2
2062 2
5455 2
4746 2
4798 2
6140 2
1187 2
4979 2
5624 2
6267 2
6977 2
6661 2
5513 2
6425 2
1045 2
2596 2
2725 2
1782 2
2574 2
6656 2
5545 2
2084 2
5691 2
1234 2
3708 2
3894 2
976 2
1873 2
5464 2
1311 2
4734 2
7321 2
4379 2
3866 2
3955 2
6933 2
5109 2
2018 2
5229 2
1951 2
6732 2
2873 2
4904 2
5898 2
890 2
6659 2
3726 2
6320 2
3775 2
5339 2
4145 2
4927 2
6165 2
3765 2
5462 2
2324 2
6561 2
6175 2
7165 2
5853 2
6331 2
7098 2
7248 2
6703 2
4635 2
4619 2
6201 2
3264 2
6873 2
6503 2
6429 2
2990 2
883 2
4283 2
5167 2
3271 2
4729 2
4325 2
2052 2
4382 2
7265 2
7150 2
5791 2
6304 2
5973 2
6636 2
3988 2
4687 2
5913 2
6823 2
4057 2
6711 2
4716 2
4509 2
5127 2
4610 2
5004 2
5028 2
6644 2
1523 2
3063 2
2360 2
5224 2
4185 2
7000 2
1620 2
2170 2
2821 2
6038 2
5525 2
4013 2
7166 2
6773 2
6016 2
5301 2
6816 2
3498 2
1441 2
1021 2
5629 2
1133 2
4936 2
2177 2
1911 2
2855 2
6551 2
6125 2
6647 2
3490 2
2478 2
3793 2
4322 2
667 2
795 2
2916 2
7044 2
5225 2
1535 2
7028 2
4618 2
2754 2
3046 2
6827 2
2369 2
4626 2
4097 2
4960 2
4156 2
4071 2
6694 2
4672 2
4470 2
5423 2
2731 2
2219 2
5634 2
5764 2
6224 2
1602 2
3117 2
3010 2
1996 2
6106 2
744 2
3945 2
3951 2
6444 2
2186 2
6122 2
4544 2
2445 2
4778 2
94 2
5206 2
3521 2
5408 2
6907 2
4989 2
350 2
3188 2
4557 2
1103 2
4750 2
2309 2
5645 2
5773 2
286 2
3663 2
2999 2
4302 2
6803 2
3721 2
5241 2
4715 2
3619 2
3928 2
4220 2
4136 2
4482 2
4488 2
1119 2
2500 2
4438 2
7260 2
1820 2
4577 2
4974 2
1013 2
1477 2
3359 2
7047 2
4098 2
6629 2
4291 2
4376 2
4025 2
6219 2
6583 2
2349 2
2088 2
1654 2
4198 2
4417 2
6845 2
6115 2
2224 2
3830 2
5555 2
2565 2
5157 2
6524 2
29 2
5212 2
3867 2
4971 2
4406 2
5683 2
6017 2
4416 2
2862 2
3795 2
4399 2
4641 2
5631 2
3512 2
6526 2
2751 2
5025 2
7250 2
5698 2
6643 2
3215 2
4782 2
5150 2
5376 2
5386 2
5475 2
5562 2
5498 2
7183 2
6227 2
5459 2
1870 2
4917 2
1460 2
6310 2
5950 2
3082 2
1113 2
5865 2
3799 2
5992 2
3413 2
1826 2
5997 2
4319 2
4921 2
3177 2
4793 2
5061 2
4344 2
4409 2
4749 2
6719 2
5075 2
4433 2
6635 2
1712 2
4459 2
6372 2
6853 2
5848 2
5450 2
6638 2
3258 2
1964 2
6786 2
6603 2
6408 2
6065 2
7035 2
4595 2
4356 2
7003 2
7299 2
3948 2
5799 2
2872 2
6549 2
7009 2
6698 2
3068 2
4654 2
3426 2
5723 2
6914 2
6452 2
6301 2
1325 2
2286 2
4702 2
432 2
5743 2
6594 2
6471 2
5674 2
3513 2
7011 2
3113 2
3862 2
4994 2
7319 2
7039 2
6986 2
3212 2
3771 2
3601 2
6109 2
3518 2
2548 2
5656 2
4580 2
5937 2
3910 2
4276 2
4308 2
4785 2
6478 2
6683 2
5185 2
2059 2
6330 2
4115 2
5883 2
6236 2
4942 2
6302 2
3022 2
1607 2
5785 2
5869 2
782 2
2201 2
7167 2
4863 2
6492 2
2432 2
5146 2
1209 2
2972 2
4503 2
3393 2
5867 2
4992 2
3115 2
2234 2
5988 2
3051 2
754 2
6993 2
7109 2
5080 2
5716 2
3748 2
6403 2
633 2
1368 2
6355 2
6809 2
3293 2
3414 2
3860 2
1236 2
6673 2
5548 2
5030 2
5073 2
6489 2
993 2
7174 2
7271 2
4695 2
3037 2
1203 2
3248 2
3276 2
3838 2
4627 2
4637 2
4953 2
7026 2
2308 2
7295 2
5221 2
5956 2
4605 2
7302 2
3204 2
1371 2
6046 2
4730 2
3752 2
3185 2
5452 2
1822 2
4804 2
5776 2
5685 2
6464 2
5183 2
4546 2
3478 2
72 2
4253 2
5708 2
2879 2
1437 2
5824 2
6025 2
2601 2
3760 2
4086 2
84 2
2117 2
6987 2
4929 2
4160 2
2470 2
670 2
3642 2
6954 2
7330 2
4215 2
2383 2
849 2
4879 2
5841 2
4579 2
5217 2
4296 2
3000 2
6660 2
1106 2
5400 2
3118 2
1376 2
4019 2
428 2
2418 2
2917 2
3364 2
6009 2
1841 2
6517 2
3517 2
6498 2
5130 2
6506 2
3691 2
2100 2
1790 2
3981 2
184 2
4456 2
2162 2
3958 2
3562 2
1543 2
2793 2
4965 2
6979 2
3180 2
6868 2
6437 2
1780 2
6852 2
4848 2
3503 2
3909 2
2410 2
7082 2
6613 2
6530 2
2867 2
4202 2
3972 2
5026 2
6817 2
2885 2
6865 2
5021 2
5610 2
2705 2
6097 2
4569 2
363 2
6424 2
936 2
3655 2
6214 2
4490 2
3004 2
6910 2
3443 2
1892 2
3595 2
3131 2
3103 2
885 2
5912 2
6820 2
935 2
1390 2
294 2
2007 2
6298 2
5189 2
4858 2
5470 2
3911 2
5682 2
5991 2
2682 2
6102 2
6448 2
4130 2
1612 2
265 2
3511 2
5587 2
3908 2
1579 2
5975 2
6449 2
5952 2
2657 2
4814 2
3719 2
1145 2
4664 2
1292 2
2422 2
4941 2
4050 2
3148 2
3702 2
4243 2
4332 2
6866 2
4756 2
2179 2
6319 2
3759 2
79 2
2980 2
3624 2
2732 2
3395 2
4393 2
501 2
2807 2
2810 2
4134 2
5077 2
5480 2
5178 2
1304 2
7027 2
5492 2
1897 2
4105 2
5072 2
3622 2
4922 2
5297 2
2712 2
5129 2
6192 2
3639 2
858 2
4135 2
2833 2
5925 2
7281 2
4596 2
6983 2
4651 2
5019 2
5627 2
6881 2
6696 2
1190 2
4112 2
3422 2
3653 2
4477 2
7178 2
7180 2
5490 2
4064 2
5789 2
6004 2
1681 2
3583 2
3912 2
1052 2
6474 2
2424 2
3718 2
6685 2
7391 2
5104 2
2396 2
5693 2
5577 2
5336 2
6633 2
5478 2
7291 2
3919 2
3289 2
734 2
4443 2
2848 2
4420 2
4653 2
6006 2
5454 2
6395 2
5044 2
3768 2
6849 2
4603 2
6495 2
5315 2
210 2
4777 2
5395 2
5468 2
1894 2
3464 2
2949 2
6050 2
6830 2
2403 2
3479 2
6593 2
5994 2
6134 2
2501 2
7049 2
1641 2
2436 2
2557 2
5807 2
4896 2
6654 2
5143 2
5765 2
6339 2
6664 2
5428 2
6259 2
7230 2
440 2
6118 2
3268 2
3690 2
5739 2
6860 2
1745 2
1926 2
4779 2
4240 2
6799 2
3418 2
908 2
5095 2
3360 2
675 2
3576 2
1474 2
2016 2
6882 2
6440 2
6149 2
7014 2
6788 2
3053 2
4247 2
4988 2
2266 2
507 2
3197 2
3564 2
6767 2
6890 2
6143 2
3873 2
4055 2
4894 2
7251 2
3164 2
2280 2
4263 2
1554 2
3312 2
6221 2
1217 2
3266 2
5343 2
4592 2
2580 2
3134 2
2210 2
5554 2
5996 2
5078 2
5059 2
3193 2
2371 2
257 2
3186 2
6901 2
3430 2
5581 2
1882 2
4383 2
3223 2
1429 2
6485 2
3461 2
5417 2
4132 2
4705 2
4547 2
6486 2
6481 2
6776 2
6945 2
2129 2
5149 2
5331 2
5234 2
7217 2
2906 2
7215 2
6690 2
1434 2
5895 2
6131 2
4351 2
6735 2
5142 2
6402 2
4216 2
6179 2
6625 2
5877 2
5932 2
4630 2
6943 2
2822 2
6637 2
1525 2
2674 2
5502 2
4629 2
3854 2
2954 2
6689 2
3435 2
3467 2
4772 2
4597 2
6999 2
4820 2
4913 2
6014 2
7096 2
6323 2
1800 2
2891 2
1886 2
2761 2
6978 2
6104 2
6920 2
4182 2
5000 2
97 2
6406 2
5008 2
773 2
2318 2
6066 2
5755 2
7235 2
7017 2
4823 2
73 2
6797 2
3226 2
3288 2
4590 2
1488 2
7036 2
4030 2
2752 2
6846 2
4138 2
4029 2
3048 2
1700 2
4193 2
5238 2
7101 2
3647 2
5347 2
6044 2
6173 2
7163 2
1825 2
5469 2
4370 2
6791 2
1662 2
6624 2
5583 2
3270 2
4932 2
7283 2
1871 2
5730 2
6889 2
2475 2
2655 2
3776 2
4722 2
4888 2
5936 2
5096 2
4114 2
4915 2
3029 2
5338 2
4957 2
2175 2
6057 2
5175 2
6575 2
5209 2
1202 2
4776 2
4022 2
2168 2
4523 2
6278 2
2533 2
7125 2
6554 2
5330 2
4751 2
5324 2
5191 2
1693 2
6249 2
3436 2
2986 2
6247 2
5989 2
5102 2
7046 2
4617 2
3875 2
1557 2
7007 2
5704 2
312 2
7168 2
3076 2
6186 2
7372 2
3891 2
5837 2
6048 2
7145 2
5601 2
5333 2
3494 2
5005 2
2392 2
6847 2
5056 2
6300 2
5349 2
6244 2
4878 2
4165 2
4507 2
4255 2
6874 2
1496 2
2202 2
4001 2
5060 2
2602 2
2749 2
2947 2
5276 2
4277 2
251 2
2105 2
1418 2
3170 2
5472 2
4084 2
7323 2
7018 2
7318 2
6350 2
5322 2
6935 2
5709 2
6128 2
7208 2
4141 2
2982 2
3244 2
6280 2
5726 2
1817 2
5135 2
3059 2
62 2
6804 2
1251 2
5128 2
7310 2
5086 2
5117 2
821 2
3283 2
4310 2
4693 2
4788 2
7367 2
4710 2
276 2
2523 2
5969 2
4072 2
2017 2
6487 2
3881 2
1648 2
4762 2
2713 2
5269 2
7159 2
6105 2
5537 2
7024 2
3328 2
2789 2
5575 2
2981 2
939 2
3593 2
559 2
7226 2
6353 2
3390 2
5516 2
4753 2
3457 2
6533 2
6810 2
3184 2
2555 2
2764 2
4300 2
6887 2
6193 2
3214 2
4104 2
198 2
5110 2
295 2
4287 2
5303 2
6366 2
1414 2
6795 2
5675 2
6351 2
7212 2
4616 2
4650 2
4505 2
6565 2
4939 2
5460 2
5291 2
5692 2
1336 2
7062 2
6082 2
4835 2
3853 2
6352 2
5553 2
6666 2
5779 2
5999 2
3858 2
2511 2
2526 2
5415 2
2852 2
5632 2
3222 2
6435 2
3008 2
6627 2
4377 2
5390 2
4817 2
532 2
6966 2
6274 2
2650 2
3260 2
7093 2
4239 2
2454 2
488 2
6407 2
5857 2
4142 2
6262 2
7252 2
2520 2
5705 2
4880 2
5132 2
4339 2
7290 2
4362 2
6260 2
7337 2
7140 2
1707 2
1317 2
6218 2
2678 2
5499 2
6710 2
3112 2
1524 2
3983 2
3667 2
5740 2
5177 2
4901 2
6835 2
6261 2
281 2
5405 2
2468 2
3546 2
4249 2
637 2
863 2
1518 2
6969 2
2378 2
6183 2
3600 2
4279 2
4935 2
2744 2
3802 2
5657 2
2258 2
6072 2
1713 2
5101 2
4042 2
4008 2
2823 2
6150 2
4375 2
5126 2
5265 2
2486 2
2473 2
1747 2
6253 2
7094 2
6768 2
2877 2
6075 2
377 2
6287 2
613 2
4093 3
4658 3
1511 3
1358 3
3906 3
2190 3
1746 3
4909 3
4834 3
6475 3
108 3
1255 3
3502 3
3559 3
1702 3
7219 3
2613 3
1417 3
3299 3
6265 3
6312 3
6602 3
3123 3
6303 3
3971 3
2837 3
395 3
3763 3
3277 3
3590 3
7341 3
2351 3
1116 3
5013 3
2291 3
6427 3
6562 3
4725 3
2721 3
4709 3
433 3
2841 3
2988 3
445 3
7108 3
6743 3
5282 3
2924 3
3421 3
6516 3
4327 3
4555 3
478 3
1688 3
2576 3
1229 3
4808 3
2384 3
5520 3
6814 3
2379 3
357 3
3764 3
5418 3
1540 3
3831 3
5107 3
1214 3
3687 3
3142 3
5495 3
6245 3
4285 3
4719 3
6877 3
1846 3
2835 3
2662 3
3893 3
954 3
4821 3
6348 3
6697 3
2435 3
7161 3
6724 3
5934 3
3310 3
1248 3
3332 3
5568 3
5283 3
4251 3
152 3
4128 3
2022 3
300 3
6913 3
4899 3
4462 3
3638 3
5724 3
7273 3
4949 3
3588 3
6156 3
4667 3
5746 3
6483 3
917 3
1369 3
3135 3
5393 3
6463 3
2069 3
6892 3
1042 3
4123 3
6511 3
7107 3
3221 3
6465 3
2451 3
1332 3
1725 3
3119 3
4208 3
3070 3
3923 3
543 3
2696 3
4081 3
4639 3
1186 3
3044 3
4538 3
2388 3
6792 3
6151 3
3403 3
6027 3
6541 3
3254 3
3279 3
6566 3
3975 3
4442 3
3572 3
995 3
3611 3
4205 3
1254 3
4367 3
6200 3
6995 3
3064 3
4815 3
6254 3
4946 3
3139 3
4593 3
3992 3
6358 3
3243 3
2495 3
722 3
467 3
4517 3
7243 3
5813 3
6231 3
4486 3
4861 3
5923 3
6731 3
2661 3
7133 3
5024 3
4466 3
4998 3
2073 3
959 3
5718 3
4407 3
3880 3
4076 3
6539 3
2552 3
4424 3
3144 3
2067 3
3027 3
1785 3
1240 3
3693 3
1742 3
4281 3
4533 3
439 3
5976 3
7143 3
7254 3
3441 3
6770 3
3813 3
2679 3
4870 3
2359 3
6148 3
4857 3
5893 3
3081 3
3567 3
4843 3
6095 3
3218 3
1631 3
256 3
4528 3
3263 3
342 3
6514 3
5933 3
7051 3
200 3
4061 3
3262 3
5194 3
172 3
3810 3
4103 3
6965 3
6973 3
3670 3
6369 3
7257 3
4684 3
1884 3
4806 3
4836 3
2707 3
4454 3
4970 3
5834 3
5884 3
2920 3
264 3
1140 3
1566 3
6754 3
2512 3
2776 3
5885 3
3970 3
2518 3
2874 3
591 3
1937 3
6555 3
6762 3
5677 3
7286 3
1760 3
1683 3
6663 3
121 3
6924 3
4554 3
4537 3
2556 3
6275 3
2157 3
5680 3
2827 3
2883 3
2189 3
3648 3
1842 3
3715 3
3922 3
2314 3
4469 3
3680 3
5493 3
2537 3
4235 3
4056 3
4685 3
3278 3
4568 3
3340 3
2174 3
2048 3
4760 3
5594 3
2641 3
4829 3
5016 3
2995 3
1324 3
6100 3
626 3
3888 3
3654 3
6445 3
3566 3
7008 3
4209 3
5974 3
5497 3
3957 3
6292 3
3423 3
5903 3
3584 3
3149 3
5236 3
2762 3
897 3
6838 3
4717 3
777 3
6327 3
6515 3
7171 3
2934 3
5774 3
6772 3
5387 3
3669 3
5198 3
4051 3
4499 3
4218 3
2645 3
5035 3
5560 3
411 3
2581 3
7097 3
3902 3
4305 3
6378 3
2830 3
1024 3
4445 3
4191 3
4535 3
5348 3
3482 3
6085 3
1960 3
5054 3
5717 3
6268 3
1915 3
2536 3
1910 3
6617 3
1928 3
3251 3
2229 3
82 3
3686 3
6229 3
1305 3
4636 3
4447 3
2846 3
3241 3
2247 3
335 3
1004 3
4062 3
2587 3
5769 3
6409 3
4816 3
6787 3
3183 3
6500 3
3168 3
5535 3
2079 3
3703 3
4892 3
6040 3
4510 3
4563 3
6333 3
1786 3
3598 3
2438 3
1352 3
247 3
987 3
3651 3
5020 3
6013 3
4581 3
2892 3
4157 3
876 3
6748 3
2550 3
3563 3
2492 3
4354 3
3528 3
6 3
4659 3
4102 3
6721 3
6909 3
4395 3
555 3
5538 3
5123 3
3861 3
3819 3
7021 3
2290 3
6929 3
1994 3
4003 3
183 3
3178 3
4961 3
3233 3
1344 3
6686 3
3889 3
5022 3
5552 3
3632 3
6421 3
2637 3
134 3
1548 3
5012 3
2051 3
2315 3
3901 3
6894 3
1705 3
5015 3
5087 3
3675 3
1342 3
6631 3
2640 3
6240 3
2897 3
4232 3
6718 3
6107 3
6447 3
6318 3
1142 3
2816 3
3365 3
5509 3
3969 3
6915 3
5394 3
6242 3
2317 3
6008 3
6972 3
4802 3
5046 3
6584 3
3314 3
3485 3
466 3
2244 3
5299 3
1063 3
3323 3
6228 3
1589 3
5942 3
1466 3
6657 3
4258 3
6586 3
6225 3
5815 3
571 3
2138 3
6098 3
3933 3
3301 3
3182 3
3501 3
243 3
6124 3
2095 3
3698 3
3398 3
3797 3
4355 3
6266 3
6277 3
4172 3
1617 3
6405 3
1223 3
1847 3
4171 3
4500 3
3739 3
5669 3
4246 3
2913 3
3459 3
4986 3
4895 3
3692 3
4478 3
3353 3
2727 3
4893 3
3400 3
4690 3
5139 3
1534 3
5854 3
5461 3
4851 3
3936 3
3470 3
431 3
6923 3
6394 3
4169 3
6573 3
5039 3
4207 3
6925 3
4591 3
5427 3
3007 3
4483 3
4347 3
6639 3
4512 3
6755 3
6579 3
2590 3
6504 3
1844 3
749 3
5858 3
6216 3
1657 3
6505 3
852 3
4570 3
3533 3
4662 3
4028 3
2582 3
1749 3
2688 3
4634 3
3569 3
7164 3
6674 3
3672 3
3347 3
2902 3
798 3
2937 3
3743 3
668 3
4582 3
1955 3
1832 3
922 3
5425 3
2992 3
3549 3
3560 3
6774 3
5471 3
4714 3
4647 3
7113 3
2142 3
1671 3
6692 3
618 3
6129 3
4200 3
2504 3
1625 3
3092 3
763 3
2738 3
612 3
4711 3
3337 3
6053 3
7338 3
5856 3
1913 3
6546 3
5162 3
4167 3
4432 3
6512 3
6286 3
5526 3
2845 3
2257 3
1289 3
2766 3
5850 3
63 3
6675 3
5262 3
2419 3
3974 3
3727 3
3094 3
1932 3
7354 3
2597 3
352 3
4498 3
1545 3
4912 3
4117 3
3757 3
3273 3
2484 3
6002 3
4184 3
5567 3
5713 3
6818 3
3326 3
4900 3
699 3
1384 3
1565 3
2726 3
3349 3
1505 3
5124 3
5207 3
2506 3
6745 3
4349 3
1605 3
3978 3
1424 3
3108 3
4340 3
5396 3
4602 3
6740 3
4284 3
521 3
3325 3
2792 3
4401 3
4566 3
11 3
5314 3
4389 3
4058 3
1138 3
3463 3
5302 3
1852 3
6699 3
1973 3
5254 3
5114 3
2243 3
4950 3
2979 3
6161 3
6438 3
2532 3
2237 3
5836 3
3442 3
6180 3
3174 3
1583 3
5242 3
3801 3
1372 3
5964 3
2474 3
1351 3
1940 3
1164 3
5748 3
6871 3
4096 3
1484 3
3825 3
2393 3
302 3
6668 3
4412 3
4360 3
1708 3
4492 3
6059 3
3493 3
419 3
5003 3
4471 3
4897 3
6682 3
2853 3
3491 3
2839 3
5777 3
5761 3
3668 3
5113 3
1135 3
2161 3
6222 3
3374 3
2003 3
2691 3
6497 3
3343 3
4125 3
1666 3
6592 3
3780 3
4122 3
4918 3
139 3
2819 3
4800 3
1909 3
5052 3
5622 3
2748 3
3904 3
2941 3
6468 3
958 3
3351 3
3419 3
1986 3
1987 3
202 3
6508 3
4127 3
3731 3
6621 3
316 3
606 3
1984 3
4361 3
6585 3
6360 3
2049 3
3402 3
6190 3
122 3
2154 3
4257 3
4732 3
3741 3
4873 3
5768 3
1877 3
3905 3
2489 3
5271 3
4984 3
6671 3
2756 3
4067 3
6387 3
4413 3
6090 3
6047 3
2032 3
2328 3
465 3
5100 3
3145 3
167 3
6742 3
5667 3
6734 3
930 3
1798 3
6311 3
5449 3
3907 3
1588 3
5076 3
6114 3
2541 3
5147 3
148 3
5686 3
5316 3
5643 3
2377 3
3412 3
2797 3
6534 3
2113 3
4404 3
4525 3
2609 3
4826 3
6003 3
4380 3
1044 3
4576 3
2226 3
5007 3
5573 3
1231 3
5766 3
1791 3
4158 3
5760 3
3604 3
988 3
6560 3
6480 3
3824 3
3224 3
1729 3
6139 3
4245 3
643 3
1171 3
1165 3
2227 3
2894 3
2718 3
4670 3
589 3
6202 3
6177 3
5210 3
6329 3
2799 3
2618 3
4742 3
5752 3
6168 3
845 3
2715 3
4248 3
3318 3
1314 3
2584 3
6234 3
3060 3
4520 3
650 3
1995 3
2960 3
6426 3
4313 3
2233 3
4584 3
4475 3
5257 3
6557 3
4320 3
3932 3
2232 3
981 3
7173 3
7205 3
4789 3
1253 3
3107 3
6081 3
5363 3
5145 3
4967 3
1652 3
6669 3
6364 3
4002 3
1828 3
4572 3
5946 3
2654 3
6113 3
2722 3
4386 3
3172 3
6163 3
6422 3
5205 3
6522 3
2122 3
1247 3
4294 3
710 3
2755 3
2964 3
2998 3
1779 3
3661 3
5227 3
6457 3
4997 3
505 3
3371 3
4968 3
4534 3
2608 3
5985 3
3203 3
4819 3
6959 3
7216 3
5088 3
903 3
4811 3
5630 3
7211 3
3407 3
2834 3
5647 3
6880 3
2063 3
2772 3
4514 3
3547 3
3477 3
6946 3
3500 3
4982 3
6313 3
6080 3
6345 3
6416 3
4262 3
1261 3
1706 3
3769 3
700 3
4833 3
4011 3
1731 3
6606 3
6490 3
1808 3
2531 3
4343 3
2311 3
867 3
4238 3
3633 3
3225 3
6618 3
4007 3
4259 3
421 3
527 3
5184 3
6196 3
4624 3
3699 3
6393 3
3959 3
2039 3
4733 3
2481 3
2477 3
901 3
409 3
4222 3
2348 3
1761 3
6931 3
5367 3
3609 3
4666 3
4683 3
2235 3
853 3
3897 3
3628 3
351 3
4337 3
110 3
2903 3
1115 3
3202 3
5239 3
3480 3
5094 3
1719 3
1110 3
1365 3
767 3
3773 3
1699 3
5734 3
1028 3
6600 3
1220 3
3965 3
3274 3
6645 3
3839 3
4620 3
4522 3
3375 3
3990 3
4082 3
5602 3
5539 3
5593 3
4335 3
5287 3
6226 3
6158 3
2370 3
5806 3
3246 3
5158 3
4807 3
3499 3
2361 3
1979 3
3062 3
4190 3
812 3
3550 3
6343 3
5489 3
5982 3
2849 3
2273 3
1944 3
4531 3
2806 3
4175 3
1714 3
2036 3
3753 3
4187 3
6836 3
3280 3
2005 3
4436 3
3539 3
4274 3
3489 3
802 3
4397 3
5840 3
5456 3
7040 3
509 3
5512 3
684 3
5122 3
4371 3
2453 3
3761 3
3504 3
3105 3
280 3
3408 3
1495 3
880 3
5111 3
6194 3
2818 3
1400 3
588 3
5252 3
554 3
3530 3
5762 3
2093 3
6665 3
6210 3
3207 3
3997 3
1387 3
5233 3
2421 3
2447 3
4419 3
5328 3
3896 3
3011 3
2861 3
6706 3
3592 3
434 3
6709 3
6462 3
5845 3
4476 3
983 3
6147 3
6848 3
6568 3
4119 3
2259 3
314 3
1355 3
1296 3
2729 3
4418 3
3980 3
4045 3
4280 3
1494 3
39 3
5763 3
6763 3
4744 3
2796 3
6257 3
1552 3
4828 3
6363 3
1796 3
964 3
6334 3
6941 3
4615 3
5179 3
1582 3
898 3
2394 3
4675 3
1055 3
165 3
4173 3
4923 3
305 3
2222 3
1801 3
961 3
2402 3
3304 3
6771 3
2562 3
4549 3
3689 3
3627 3
561 3
2044 3
5731 3
6326 3
1676 3
913 3
2479 3
6950 3
3984 3
2010 3
1320 3
3613 3
1259 3
1763 3
4869 3
6029 3
3173 3
2456 3
6648 3
3056 3
6203 3
4864 3
1080 3
1480 3
3396 3
5640 3
6315 3
4227 3
1874 3
4213 3
923 3
2423 3
5972 3
4885 3
5977 3
6701 3
2357 3
1653 3
3666 3
3544 3
6370 3
5892 3
5285 3
4449 3
5694 3
3623 3
4437 3
6917 3
4133 3
494 3
5119 3
3074 3
1976 3
2284 3
1663 3
3676 3
515 3
4506 3
4179 3
3837 3
3476 3
2128 3
4614 3
3166 3
1532 3
3943 3
2166 3
5317 3
3519 3
1851 3
4192 3
24 3
1991 3
3722 3
5488 3
6153 3
6015 3
2808 3
2803 3
598 3
4468 3
7116 3
712 3
3136 3
6309 3
625 3
6160 3
5522 3
1151 3
6612 3
2405 3
5294 3
3644 3
1835 3
4721 3
6120 3
2347 3
5332 3
4623 3
4801 3
5654 3
5424 3
5017 3
4358 3
3239 3
6252 3
4529 3
4414 3
2367 3
6527 3
2466 3
2546 3
4697 3
4090 3
6054 3
1570 3
1062 3
6021 3
2242 3
2957 3
4311 3
2700 3
5296 3
137 3
2457 3
3230 3
2187 3
3589 3
7050 3
4303 3
6488 3
1610 3
5308 3
5429 3
2507 3
3211 3
2904 3
6012 3
4930 3
6023 3
3704 3
5961 3
3843 3
6130 3
3163 3
5681 3
3541 3
3307 3
5533 3
1031 3
5957 3
1257 3
3085 3
1071 3
4373 3
3217 3
13 3
3104 3
828 3
3294 3
2261 3
843 3
4740 3
5812 3
4272 3
1181 3
5958 3
948 3
1572 3
1597 3
3087 3
4446 3
2285 3
5214 3
5638 3
892 3
1998 3
5671 3
5668 3
3245 3
3158 3
3111 3
2858 3
4600 3
6777 3
4786 3
793 3
4805 3
5963 3
5235 3
2076 3
2805 3
2332 3
5136 3
4586 3
5160 3
3949 3
4444 3
4321 3
2928 3
5258 3
3568 3
2824 3
4204 3
5070 3
4781 3
2362 3
38 3
5721 3
3917 3
6306 3
5596 3
5651 3
4016 3
5066 3
5270 3
3701 3
4288 3
6112 3
1159 3
4317 3
2126 3
6220 3
4197 3
1175 3
1530 3
1449 3
3055 3
5237 3
6688 3
1201 3
1905 3
2310 3
2463 3
550 3
6335 3
2551 3
408 3
4077 3
3673 3
5579 3
5259 3
5406 3
4421 3
5350 3
2880 3
1723 3
4392 3
26 3
3646 3
1283 3
2636 3
1282 3
3805 3
1784 3
5931 3
3013 3
2996 3
558 3
1958 3
3373 3
4033 3
5620 3
4217 3
2106 3
3635 3
1016 3
3677 3
45 3
6297 3
1002 3
4372 3
6264 3
6499 3
5862 3
5943 3
2283 3
4652 3
1604 3
4604 3
7134 3
2094 3
4694 3
2326 3
1829 3
4638 3
6967 3
6141 3
1451 3
6725 3
2505 3
746 3
4069 3
4924 3
3859 3
2530 3
2549 3
695 3
147 3
6548 3
3728 3
1195 3
4487 3
6121 3
248 3
6308 3
5286 3
6377 3
5346 3
6577 3
1403 3
4552 3
1933 3
3452 3
871 3
2675 3
955 3
1916 4
2517 4
4993 4
2583 4
179 4
1950 4
6077 4
4945 4
2605 4
3054 4
2164 4
1048 4
5391 4
4148 4
5938 4
5745 4
1902 4
652 4
2784 4
3961 4
1600 4
3681 4
4962 4
4849 4
1812 4
1023 4
4225 4
3963 4
3181 4
3929 4
3161 4
1787 4
3285 4
1711 4
5032 4
3582 4
2612 4
6432 4
4479 4
3937 4
2101 4
3187 4
3227 4
4902 4
2528 4
5894 4
1520 4
2066 4
2279 4
4599 4
2107 4
1244 4
4585 4
5203 4
6251 4
1768 4
4228 4
4314 4
1467 4
4113 4
5378 4
3014 4
2183 4
3151 4
4036 4
4318 4
2340 4
5971 4
5193 4
1367 4
1794 4
4907 4
3040 4
154 4
5216 4
4891 4
4120 4
4691 4
1144 4
1558 4
2341 4
4774 4
2133 4
5970 4
4195 4
6411 4
5388 4
1225 4
3256 4
3240 4
1988 4
5617 4
5901 4
297 4
3335 4
1982 4
5960 4
3286 4
3534 4
1789 4
2539 4
4101 4
2554 4
5914 4
4301 4
6248 4
3606 4
1008 4
6423 4
4859 4
424 4
3599 4
3050 4
5530 4
2385 4
5597 4
5635 4
2927 4
3514 4
3879 4
1837 4
5864 4
4564 4
1347 4
2802 4
5144 4
3433 4
5168 4
2508 4
4830 4
3015 4
375 4
615 4
3730 4
3849 4
1275 4
3796 4
4357 4
3399 4
3777 4
6473 4
4673 4
4759 4
4378 4
6291 4
952 4
1961 4
6034 4
3150 4
2006 4
3713 4
5246 4
3345 4
3781 4
2844 4
1875 4
1945 4
5084 4
2091 4
2983 4
1734 4
6232 4
3505 4
5642 4
3190 4
3537 4
3815 4
1720 4
1084 4
6073 4
3065 4
1690 4
2865 4
2775 4
3315 4
2215 4
5744 4
5736 4
2299 4
33 4
5529 4
2364 4
6299 4
3338 4
4450 4
3612 4
2119 4
2666 4
676 4
1427 4
3486 4
4493 4
3157 4
5595 4
49 4
3141 4
4391 4
2319 4
3841 4
2304 4
5379 4
4309 4
1733 4
2742 4
611 4
2737 4
2496 4
3321 4
1416 4
6413 4
3895 4
6932 4
1294 4
2399 4
3038 4
1999 4
3152 4
2801 4
2683 4
2228 4
3385 4
4295 4
5855 4
6039 4
979 4
2363 4
4350 4
2270 4
3792 4
324 4
3238 4
3920 4
3939 4
800 4
3884 4
2929 4
3275 4
3305 4
325 4
182 4
5945 4
3189 4
4657 4
5506 4
1150 4
4944 4
5244 4
534 4
6078 4
4558 4
1805 4
2591 4
6071 4
6205 4
3415 4
3808 4
765 4
2262 4
5125 4
698 4
2014 4
4014 4
2945 4
3079 4
3132 4
3577 4
1584 4
4408 4
5531 4
2338 4
1507 4
4783 4
4316 4
6365 4
1819 4
2173 4
1802 4
3987 4
850 4
4707 4
1923 4
6730 4
6111 4
2644 4
6385 4
416 4
6459 4
6079 4
6857 4
5607 4
704 4
2381 4
6209 4
1799 4
173 4
3236 4
4163 4
4765 4
1577 4
4956 4
4926 4
5644 4
6375 4
2515 4
2763 4
4137 4
1675 4
1188 4
2316 4
4511 4
2693 4
4159 4
4928 4
2616 4
2730 4
929 4
1827 4
6132 4
6293 4
6937 4
5479 4
6589 4
2800 4
5474 4
3058 4
3738 4
3234 4
5637 4
4766 4
6070 4
6088 4
2092 4
692 4
2563 4
5874 4
3045 4
1059 4
6744 4
3913 4
4298 4
3658 4
540 4
6001 4
4048 4
5267 4
4012 4
2649 4
5633 4
785 4
2619 4
5440 4
3737 4
3121 4
3324 4
3003 4
5148 4
1684 4
6374 4
3999 4
2907 4
4106 4
1767 4
2061 4
2564 4
6230 4
3382 4
6649 4
91 4
4206 4
2527 4
3745 4
480 4
2931 4
6028 4
4999 4
1264 4
4640 4
18 4
4739 4
3020 4
2046 4
3026 4
1438 4
2540 4
2987 4
962 4
3522 4
2428 4
4550 4
2956 4
4230 4
4381 4
4162 4
1085 4
5899 4
5281 4
5049 4
2814 4
4188 4
6824 4
1018 4
6700 4
5757 4
757 4
2499 4
4021 4
5521 4
5920 4
379 4
2890 4
5710 4
4852 4
6241 4
271 4
4527 4
4041 4
4434 4
1673 4
2787 4
1482 4
1362 4
714 4
3747 4
4273 4
4978 4
3471 4
2777 4
3716 4
4678 4
4080 4
2409 4
3874 4
3700 4
914 4
3924 4
6005 4
3709 4
3629 4
4440 4
1863 4
3269 4
1569 4
5141 4
3823 4
888 4
6305 4
3851 4
938 4
1452 4
2692 4
3355 4
4458 4
5626 4
3817 4
1287 4
5955 4
4312 4
3198 4
4073 4
5636 4
2944 4
2615 4
629 4
5700 4
3428 4
5784 4
30 4
3800 4
6757 4
3944 4
4608 4
3137 4
5092 4
657 4
1710 4
4536 4
5426 4
4643 4
1237 4
344 4
2778 4
5701 4
4903 4
6171 4
216 4
5990 4
3078 4
3140 4
1397 4
2632 4
4611 4
5814 4
947 4
2090 4
1163 4
3818 4
426 4
4023 4
4018 4
1041 4
1698 4
2207 4
2961 4
284 4
3863 4
640 4
3228 4
3811 4
4270 4
4174 4
3265 4
1172 4
3086 4
2439 4
4024 4
1966 4
5069 4
859 4
1388 4
2012 4
3346 4
2009 4
2638 4
6181 4
1694 4
6738 4
3523 4
2209 4
2158 4
3176 4
816 4
2859 4
1026 4
4261 4
2684 4
2782 4
1326 4
1246 4
2206 4
1412 4
1440 4
4328 4
1864 4
523 4
1046 4
5966 4
642 4
3926 4
4260 4
2629 4
4441 4
1857 4
5571 4
2 4
4144 4
4886 4
4686 4
5909 4
1463 4
3192 4
2139 4
1595 4
2631 4
1865 4
2634 4
6051 4
825 4
6211 4
5172 4
2870 4
1392 4
2043 4
2733 4
3809 4
3806 4
5908 4
3005 4
2196 4
728 4
5250 4
3852 4
1316 4
3982 4
2193 4
2943 4
4224 4
1833 4
3947 4
3440 4
3497 4
2395 4
3448 4
1091 4
919 4
5860 4
3237 4
1860 4
2544 4
1126 4
2783 4
6042 4
4155 4
6321 4
1777 4
2271 4
1656 4
2603 4
3664 4
422 4
1057 4
1039 4
6036 4
2639 4
5551 4
1701 4
4696 4
574 4
703 4
1592 4
3042 4
3487 4
1453 4
2078 4
6058 4
4214 4
1920 4
3976 4
4845 4
5870 4
3586 4
5515 4
4920 4
3683 4
1635 4
4784 4
2251 4
1129 4
3034 4
1054 4
3253 4
3662 4
6632 4
204 4
3146 4
3993 4
5750 4
731 4
4727 4
6784 4
2698 4
240 4
5558 4
4460 4
1977 4
326 4
2622 4
5519 4
1971 4
2305 4
2585 4
3916 4
2685 4
5131 4
292 4
5588 4
2110 4
3531 4
1043 4
6751 4
6007 4
5742 4
2150 4
2681 4
3940 4
4107 4
6553 4
2633 4
2542 4
190 4
1528 4
2200 4
1553 4
3030 4
2994 4
2991 4
5978 4
1020 4
2769 4
5154 4
4063 4
1942 4
3147 4
6704 4
3257 4
1972 4
792 4
3035 4
3090 4
5256 4
1435 4
131 4
7117 4
6431 4
1208 4
5939 4
4152 4
3520 4
3603 4
4429 4
809 4
5886 4
6239 4
6997 4
5589 4
1537 4
525 4
6559 4
912 4
5628 4
1757 4
5050 4
727 4
3052 4
4448 4
5968 4
6176 4
824 4
2567 4
2617 4
2127 4
830 4
1212 4
1755 4
5678 4
474 4
1626 4
1898 4
620 4
3032 4
2942 4
3678 4
2716 4
4589 4
3394 4
4092 4
2312 4
4856 4
1470 4
2268 4
3615 4
6390 4
6258 4
697 4
4545 4
4176 4
2462 4
3438 4
1967 4
1189 4
2070 4
6018 4
15 4
4987 4
2680 4
3679 4
2141 4
3162 4
5002 4
2301 4
403 4
3267 4
1941 4
3194 4
940 4
2414 4
3417 4
4060 4
537 4
2455 4
479 4
2955 4
3548 4
3927 4
1233 4
1088 4
1011 4
636 4
3219 4
3143 4
2191 4
4485 4
447 4
4199 4
2050 4
2669 4
6243 4
1585 4
1743 4
1454 4
6538 4
133 4
2898 4
1727 4
2809 4
2407 4
3575 4
6532 4
730 4
402 4
6552 4
4839 4
1422 4
3785 4
3327 4
6569 4
590 4
2948 4
5983 4
347 4
6691 4
2125 4
584 4
3770 4
3846 4
3281 4
2724 4
3354 4
6400 4
1492 4
3169 4
2031 4
194 4
3049 4
3556 4
3754 4
1547 4
2780 4
5037 4
2108 4
5518 4
5722 4
627 4
5569 4
4513 4
3685 4
2965 4
5875 4
1509 4
4868 4
3488 4
5381 4
6213 4
5729 4
701 4
1136 4
5838 4
5652 4
2967 4
5696 4
2594 4
1297 4
3 4
155 4
5844 4
1433 4
3116 4
1428 4
3696 4
926 4
2180 4
3077 4
1814 4
1423 4
2494 4
4764 4
585 4
1903 4
1771 4
1030 4
1154 4
4047 4
1077 4
2653 4
6338 4
2694 4
624 4
602 4
2112 4
5337 4
1722 4
4718 4
2444 4
1573 4
953 4
5880 4
380 4
5564 4
5544 4
5673 4
5879 4
2264 4
1379 4
3416 4
4669 4
2446 4
5670 4
1047 4
1603 4
5065 4
3822 4
3762 4
1404 4
609 4
711 4
4242 4
5665 4
6380 4
6831 4
5001 4
5749 4
296 4
2745 4
4196 4
4910 4
623 4
2962 4
2869 4
2374 4
3778 4
4374 4
4613 4
5735 4
1990 4
1380 4
6371 4
3774 4
5706 4
4005 4
3362 4
1132 4
1210 4
1199 4
3481 4
2878 4
4497 4
1193 4
4767 4
4161 4
1252 4
88 4
5887 4
2368 4
5794 4
1866 4
5380 4
1493 4
2124 4
5725 4
689 4
520 4
2773 4
5796 4
6032 4
1568 4
1919 4
2569 4
5747 4
6087 4
5278 4
386 4
5907 4
3311 4
1373 4
5604 4
1455 4
759 4
2329 4
490 4
5910 4
3377 4
5919 4
1756 4
333 4
4948 4
469 4
4810 4
3282 4
404 4
5896 4
3432 4
1775 4
2566 4
5871 4
2412 4
6684 4
818 4
2083 4
522 4
5810 4
1401 4
1858 4
641 4
1350 4
5703 4
2334 4
1889 4
1803 4
5811 4
3009 4
2925 4
1754 4
1078 4
1927 4
6092 4
4958 4
1522 4
1174 4
2600 4
2739 4
4231 4
2734 4
5561 4
1298 4
3366 4
4299 4
2714 4
103 4
1758 4
673 4
4109 4
690 4
2951 4
4919 4
353 4
595 4
2350 4
1155 4
1345 4
5326 4
3411 4
833 4
1843 4
323 4
3483 4
3287 4
2939 4
2978 4
1309 4
5445 4
3424 4
5711 4
458 4
3657 4
1563 4
942 4
4074 4
5353 4
3934 4
2114 4
2817 4
2621 4
760 4
3814 4
827 4
5384 4
508 4
4326 4
943 4
6056 4
2513 4
86 4
6094 4
5284 4
2404 4
393 4
2646 4
904 4
5697 4
4521 4
19 4
4824 4
5793 4
4363 4
3973 4
272 4
729 4
1337 4
3250 4
3350 4
4146 4
2689 4
568 4
808 4
1239 4
3200 4
2804 4
569 4
1329 4
1127 4
3991 4
144 4
1853 4
949 4
1878 4
3495 4
205 4
5027 4
3617 4
1504 4
4439 4
2826 4
1025 4
911 4
4655 4
5430 4
1981 4
5787 4
1696 4
4916 4
2624 4
2664 4
5401 4
5917 4
1526 4
3553 4
1256 4
4040 4
2429 4
3434 4
2241 4
2352 4
1695 4
3711 4
2952 4
1050 4
873 4
3551 4
1521 4
401 4
1117 4
3437 4
1076 4
1687 4
4365 4
1776 4
1599 4
2779 4
2690 4
4099 4
2932 4
4642 4
1738 4
1845 4
2155 4
2651 4
2510 4
6020 4
2663 4
2672 4
17 4
721 4
619 4
2529 4
2971 4
3455 4
804 4
4952 4
5365 4
3621 4
5995 4
3865 4
4812 4
2236 4
3093 4
5646 4
2072 4
1095 4
2786 4
83 4
857 4
2366 4
2984 4
6144 4
309 4
3484 4
2082 4
1447 4
5014 4
5890 4
536 4
3097 4
3790 4
376 4
6164 4
2595 4
274 4
47 4
1374 4
3138 4
4031 4
2140 4
1931 4
4027 4
1529 4
2146 4
1546 4
3571 4
2109 4
1643 4
2973 4
2884 4
3391 4
195 4
4388 4
3073 4
1010 4
5820 4
175 4
1094 4
1677 4
1158 4
2592 4
646 4
2057 4
5034 4
3031 4
3625 4
3538 4
2901 4
2485 4
2085 4
332 4
2667 4
3210 4
2160 4
3857 4
3643 4
1850 4
4044 4
483 4
928 4
884 4
291 4
4770 4
1184 4
2331 4
934 4
5780 4
2850 4
661 4
2642 4
6045 4
37 4
3067 4
358 4
2027 4
2330 4
336 4
4324 4
2547 4
799 4
261 4
2831 4
2502 4
5481 4
2265 4
5615 4
3342 4
3041 4
2866 4
4692 4
228 4
3750 4
3749 4
1959 4
5662 4
1726 4
2686 4
1783 4
2771 4
2503 4
3261 4
2647 4
4068 4
2628 4
368 4
2111 4
3742 4
1409 4
5159 4
4621 4
1112 4
3159 4
3784 4
1724 4
2343 4
4877 4
6316 4
5116 4
5948 4
1421 4
70 4
1824 4
3023 4
1703 4
1551 4
1836 4
5611 4
327 4
1340 4
3456 4
1361 4
5818 4
1816 4
5134 4
2028 4
1191 4
2417 4
932 4
499 4
1512 4
5536 4
3372 4
1444 4
3160 4
44 4
46 4
6288 4
945 4
1992 4
1278 4
1198 4
2677 4
1108 4
774 4
2767 4
2252 4
1665 4
2558 4
3043 4
1623 4
1609 4
2375 4
1153 4
1689 4
4015 4
1934 4
3235 4
791 4
249 4
1299 4
6166 4
5582 4
978 4
2918 4
1359 4
2216 4
3903 4
1502 4
1313 4
654 4
389 4
4256 4
3024 4
1436 4
2376 4
2899 4
5547 4
2434 4
3102 4
2626 4
894 4
3259 4
1323 4
2741 4
6235 4
2380 4
6461 4
5192 4
2274 4
1166 4
2863 4
2045 4
4415 4
5586 4
4053 4
435 4
113 4
59 4
3130 4
171 4
1661 4
5738 4
3707 4
1943 4
1633 4
5182 4
834 4
3129 4
196 4
459 4
66 4
1542 4
789 4
3404 4
4100 4
5861 4
4151 4
6108 4
269 4
971 4
3357 4
3128 4
1664 4
85 4
3469 4
2448 4
1267 4
2573 4
1838 4
4543 4
5805 4
1356 4
977 4
235 4
511 4
855 4
5754 4
76 4
2545 4
2167 4
815 4
5827 4
2023 4
2245 4
2223 4
969 4
2398 4
570 4
497 4
6195 4
4170 4
2516 4
3356 4
960 4
1007 4
2922 4
1413 4
140 4
3986 4
3744 4
2041 4
1432 4
6544 4
5616 4
21 4
4933 4
337 4
4286 4
3303 4
164 4
4594 4
577 4
2912 4
5510 4
2627 4
1571 4
2002 4
999 4
1774 4
1861 4
4491 4
787 4
4009 4
3472 4
3956 4
2137 4
861 4
2935 4
2033 5
1506 5
974 5
1092 5
1473 5
2339 5
1485 5
3659 5
495 5
1197 5
1947 5
2735 5
2159 5
4573 5
3640 5
2459 5
3842 5
1644 5
260 5
835 5
1131 5
2593 5
3431 5
984 5
3429 5
1399 5
7 5
74 5
1295 5
1087 5
1307 5
321 5
3720 5
40 5
1213 5
775 5
484 5
5851 5
115 5
1730 5
696 5
5614 5
2153 5
2238 5
5816 5
1334 5
2843 5
839 5
268 5
356 5
2578 5
1000 5
159 5
2765 5
1160 5
3331 5
2836 5
5580 5
597 5
1533 5
2282 5
1580 5
2815 5
2643 5
2604 5
369 5
218 5
7041 5
1555 5
2195 5
2798 5
4338 5
4607 5
6493 5
1333 5
3019 5
418 5
2121 5
528 5
1769 5
909 5
2908 5
1848 5
1343 5
5843 5
1815 5
127 5
1974 5
442 5
2013 5
1232 5
3298 5
4236 5
1300 5
1266 5
3378 5
6026 5
2811 5
2851 5
3025 5
996 5
3295 5
5751 5
374 5
1291 5
1736 5
1099 5
3389 5
407 5
124 5
3836 5
1487 5
1288 5
4402 5
1321 5
875 5
2225 5
1274 5
6101 5
1594 5
486 5
2275 5
1949 5
2812 5
3798 5
4006 5
1615 5
4427 5
185 5
1353 5
658 5
3216 5
4995 5
2461 5
1448 5
3320 5
796 5
3729 5
381 5
4847 5
5377 5
3540 5
1744 5
3249 5
1728 5
5993 5
566 5
2303 5
14 5
2427 5
2813 5
2889 5
3931 5
5959 5
425 5
1614 5
1739 5
3565 5
263 5
1450 5
254 5
3405 5
2497 5
2148 5
547 5
1660 5
1118 5
119 5
1658 5
3319 5
2054 5
5048 5
2254 5
3732 5
2607 5
2543 5
1067 5
473 5
1035 5
1948 5
2136 5
1590 5
5018 5
1089 5
2415 5
1751 5
504 5
6466 5
2185 5
1606 5
2342 5
1360 5
1935 5
2623 5
2323 5
565 5
1963 5
2493 5
998 5
1575 5
3492 5
397 5
1012 5
3110 5
965 5
423 5
2723 5
420 5
1349 5
1956 5
924 5
2035 5
539 5
836 5
5829 5
102 5
5404 5
1446 5
4791 5
1536 5
4435 5
531 5
387 5
2488 5
2081 5
2588 5
2056 5
2249 5
2184 5
1672 5
517 5
674 5
6167 5
742 5
997 5
4825 5
4269 5
1993 5
2676 5
6336 5
2875 5
1849 5
556 5
1491 5
2390 5
1839 5
2074 5
1806 5
3458 5
2163 5
472 5
4502 5
5232 5
1856 5
1519 5
107 5
2711 5
1097 5
3242 5
482 5
1051 5
3109 5
2217 5
2089 5
4026 5
301 5
371 5
994 5
2521 5
813 5
1049 5
502 5
5849 5
3072 5
343 5
3844 5
4532 5
1173 5
290 5
1122 5
2029 5
462 5
5045 5
2568 5
255 5
1469 5
3231 5
3208 5
1194 5
607 5
866 5
3952 5
3127 5
1464 5
1457 5
5767 5
1114 5
2042 5
3989 5
1306 5
1907 5
526 5
6414 5
3154 5
678 5
42 5
308 5
1178 5
5603 5
1646 5
1479 5
4453 5
5940 5
4089 5
3309 5
5897 5
1179 5
2123 5
1268 5
477 5
180 5
2278 5
3876 5
2728 5
3724 5
1382 5
2077 5
2192 5
31 5
1003 5
3329 5
581 5
5650 5
882 5
20 5
781 5
348 5
542 5
651 5
910 5
4481 5
1795 5
2659 5
1762 5
1912 5
1895 5
2298 5
2452 5
4292 5
1938 5
6188 5
177 5
1123 5
573 5
3527 5
1034 5
1737 5
4494 5
1929 5
635 5
887 5
2985 5
2950 5
1788 5
4293 5
429 5
212 5
1818 5
93 5
732 5
1560 5
452 5
4972 5
129 5
2020 5
1766 5
2611 5
1868 5
3330 5
3462 5
899 5
1226 5
1242 5
67 5
2144 5
4264 5
3069 5
656 5
6083 5
5514 5
3100 5
820 5
219 5
5199 5
3075 5
130 5
933 5
1286 5
2970 5
6325 5
669 5
2401 5
3444 5
5292 5
1148 5
1402 5
3871 5
2001 5
1005 5
745 5
1813 5
648 5
143 5
2709 5
1748 5
4070 5
250 5
872 5
3466 5
399 5
4059 5
2893 5
604 5
2910 5
252 5
686 5
1770 5
1946 5
2989 5
362 5
206 5
1510 5
2231 5
2704 5
178 5
36 5
4969 5
2176 5
1476 5
1616 5
1867 5
826 5
1586 5
583 5
4609 5
5540 5
2854 5
724 5
5566 5
2946 5
4364 5
3508 5
5523 5
968 5
653 5
2156 5
5915 5
600 5
334 5
1430 5
413 5
4039 5
1241 5
1206 5
877 5
5534 5
599 5
1019 5
5786 5
1398 5
2717 5
1618 5
5649 5
2768 5
1559 5
970 5
1669 5
748 5
2977 5
491 5
3529 5
1888 5
2670 5
3367 5
10 5
1431 5
5688 5
786 5
245 5
2040 5
1497 5
572 5
1489 5
1514 5
1840 5
4938 5
1301 5
1096 5
3386 5
832 5
1128 5
5821 5
1904 5
3306 5
3229 5
1101 5
96 5
2313 5
4183 5
2471 5
621 5
2365 5
5609 5
1238 5
5619 5
5565 5
1899 5
1880 5
1854 5
5598 5
1263 5
576 5
117 5
189 5
3877 5
751 5
1659 5
5872 5
718 5
370 5
1285 5
2440 5
444 5
0 5
2525 5
3061 5
109 5
2296 5
2519 5
687 5
1040 5
3779 5
92 5
2358 5
1821 5
694 5
1564 5
4085 5
2255 5
2372 5
5261 5
5676 5
345 5
3631 5
1364 5
4508 5
622 5
2198 5
3578 5
736 5
275 5
1224 5
806 5
32 5
1366 5
4648 5
946 5
1697 5
1498 5
5783 5
1704 5
617 5
41 5
740 5
2307 5
2272 5
3155 5
1876 5
906 5
1541 5
2703 5
2391 5
4575 5
810 5
1561 5
372 5
5335 5
895 5
4813 5
4 5
161 5
735 5
1483 5
1064 5
57 5
3171 5
5375 5
856 5
4065 5
3605 5
5648 5
1978 5
1953 5
3641 5
3594 5
2472 5
1952 5
5503 5
4723 5
241 5
2104 5
87 5
229 5
3080 5
1792 5
1668 5
638 5
430 5
2145 5
2214 5
4867 5
170 5
985 5
2930 5
1721 5
1638 5
1090 5
5485 5
5431 5
1627 5
1765 5
2416 5
318 5
341 5
2857 5
1169 5
1093 5
4612 5
2102 5
719 5
2599 5
579 5
5801 5
4846 5
1855 5
4797 5
2571 5
823 5
437 5
1383 5
2300 5
5756 5
1834 5
2465 5
2559 5
3645 5
1692 5
860 5
2794 5
5318 5
770 5
2058 5
893 5
1391 5
3597 5
2524 5
1462 5
2246 5
1804 5
769 5
3381 5
2267 5
1177 5
753 5
2480 5
1389 5
427 5
3674 5
259 5
1161 5
217 5
1918 5
5714 5
5592 5
758 5
1640 5
3995 5
2406 5
864 5
2660 5
2437 5
2487 5
193 5
1107 5
1831 5
1900 5
5715 5
4473 5
5926 5
881 5
58 5
685 5
5828 5
3596 5
2065 5
1406 5
288 5
2134 5
3446 5
132 5
2151 5
1070 5
1276 5
2509 5
364 5
1501 5
647 5
529 5
900 5
1139 5
1647 5
1227 5
475 5
181 5
1531 5
931 5
90 5
2344 5
2037 5
5556 5
451 5
1471 5
963 5
3425 5
5679 5
287 5
470 5
801 5
891 5
3167 5
448 5
1235 5
5591 5
2570 5
516 5
838 5
1310 5
1481 5
1408 5
3002 5
412 5
1486 5
2535 5
1881 5
1968 5
5300 5
1499 5
5511 5
519 5
4728 5
5542 5
3847 5
862 5
972 5
5699 5
493 5
3028 5
1649 5
1204 5
706 5
4884 5
655 5
1883 5
54 5
552 5
1146 5
2411 5
1279 5
3614 5
237 5
69 5
225 5
3766 5
1143 5
3153 5
1105 5
1639 5
869 5
1157 5
2673 5
1997 5
417 5
822 5
1033 5
918 5
3199 5
415 5
1328 5
1281 5
2250 5
879 5
230 5
975 5
639 5
680 5
691 5
1630 5
1222 5
192 5
725 5
5809 5
1608 5
803 5
713 5
3882 5
2625 5
100 5
886 5
2026 5
1628 5
1303 5
1277 5
2828 5
2263 5
4991 5
313 5
3406 5
1182 5
1407 5
1442 5
2188 5
601 5
1924 5
716 5
715 5
671 5
2181 5
221 5
4981 5
1420 5
1037 5
2785 5
778 5
683 5
1219 5
244 5
1036 5
89 5
1069 5
1957 5
1611 5
1205 5
693 5
2212 5
659 5
708 5
349 5
80 5
2976 5
797 5
1125 5
3454 5
5590 5
2118 5
2115 5
4290 5
1022 5
1989 5
1375 5
1141 5
4400 5
354 5
586 5
5201 5
1667 5
2221 5
1341 5
1906 5
1807 5
811 5
980 5
1419 5
3740 5
4266 5
160 5
1674 5
378 5
6328 5
226 5
2842 5
2213 5
1327 5
2103 5
3524 5
2075 5
359 5
2460 5
2491 5
441 5
310 5
4562 5
64 5
2327 5
398 5
1921 5
2938 5
3165 5
1290 5
628 5
788 5
1576 5
4034 5
5666 5
553 5
27 5
3401 5
2959 5
5916 5
702 5
1156 5
5572 5
2606 5
446 5
492 5
1081 5
168 5
2169 5
783 5
5702 5
1598 5
752 5
2431 5
733 5
1550 5
1196 5
95 5
1130 5
1243 5
841 5
530 5
2408 5
549 5
2071 5
2297 5
5802 5
2905 5
688 5
283 5
2047 5
2335 5
4567 5
1764 5
1634 5
2373 5
3247 5
5625 5
2053 5
1315 5
1083 5
766 5
2759 5
1632 5
941 5
2131 5
1678 5
99 5
306 5
764 5
1215 5
1567 5
2269 5
390 5
485 5
2534 5
755 5
2758 5
2389 5
1032 5
761 5
4588 5
2953 5
5928 5
2080 5
5733 5
4465 5
1475 5
116 5
1650 5
1280 5
120 5
889 5
1370 5
541 5
780 5
1272 5
1621 5
2630 5
846 5
1891 5
35 5
2589 5
847 5
1624 5
331 5
665 5
77 5
514 5
396 5
1411 5
616 5
548 5
1124 5
114 5
5559 5
2900 5
1162 5
1137 5
231 5
1074 5
2197 5
4289 5
1443 5
2936 5
498 5
3066 5
2203 5
289 5
2276 5
279 5
224 5
5672 5
136 5
3039 5
360 5
1478 5
2277 5
1170 5
1167 5
1269 5
1578 5
677 5
723 5
1636 5
709 5
1060 5
3290 5
500 5
322 5
238 5
666 5
142 5
373 5
2135 5
2467 5
557 5
3496 5
5623 5
78 5
299 5
2034 5
2442 5
101 5
5891 5
384 5
3084 5
2320 5
1740 5
1396 5
2004 5
4911 5
1887 5
1098 5
3554 5
405 5
564 5
2165 5
4530 5
5532 5
307 5
449 5
2450 5
937 5
385 5
3036 5
223 5
1651 5
2218 5
870 5
973 5
2747 5
2697 5
957 5
111 5
391 5
1896 5
630 5
2239 5
2702 5
4282 5
986 5
382 5
2038 5
1629 5
2204 5
329 5
605 5
3856 5
2760 5
1772 5
1393 5
5576 5
3387 5
146 5
1778 5
1009 5
1061 5
4181 5
1338 5
5068 5
1056 5
5695 5
1574 5
582 5
346 5
2610 5
1249 5
2178 5
2248 5
772 5
3870 5
1014 5
3252 5
2346 5
361 5
1192 5
16 5
1381 5
614 5
1508 5
1593 5
726 5
1058 5
457 5
454 5
851 5
328 5
991 5
23 5
664 5
1503 5
4898 5
580 5
3850 5
1230 5
1330 5
1385 5
1939 5
151 5
535 5
1539 5
3370 5
2579 5
5608 5
1893 5
1716 5
1068 5
2220 5
2199 5
61 5
2522 5
510 5
1426 5
681 5
496 5
476 5
199 5
1335 5
220 5
1134 5
394 5
2149 5
682 5
1073 5
1445 5
320 5
2099 5
262 5
1962 5
1027 5
43 5
518 5
303 5
463 5
3206 5
737 5
1386 5
524 5
157 5
921 5
2430 5
672 5
1456 5
1258 5
2648 5
1980 5
1168 5
2294 5
2425 5
388 5
1038 5
2911 5
2211 5
1149 5
5546 5
366 5
705 5
293 5
266 5
5570 5
4842 5
1890 5
317 5
3313 5
1079 5
2325 5
2464 5
3552 5
3095 5
461 5
562 5
282 5
513 5
2205 5
3898 5
546 5
414 5
48 5
392 5
1741 5
512 5
967 5
304 5
187 5
3195 5
51 5
2302 5
2152 5
750 5
453 5
9 5
920 5
53 5
443 5
4166 5
460 5
166 5
273 5
339 5
211 5
1680 5
950 5
925 5
52 5
355 5
1250 5
468 5
156 5
837 5
538 5
1120 5
817 5
747 5
503 5
1147 5
5606 5
1006 5
436 5
1425 5
2182 5
3864 5
2915 5
1053 5
1527 5
896 5
2469 5
720 5
4515 5
1152 5
2230 5
533 5
50 5
162 5
277 5
1781 5
410 5
112 5
944 5
1245 5
2586 5
741 5
771 5
118 5
1284 5
634 5
1718 5
790 5
4578 5
916 5
592 5
311 5
2876 5
1830 5
1111 5
234 5
587 5
340 5
258 5
1901 5
5585 5
1001 5
2449 5
1075 5
71 5
3820 5
1180 5
1715 5
544 5
481 5
848 5
1065 5
2553 5
438 5
2770 5
104 5
1811 5
1221 5
145 5
3883 5
1465 5
1354 5
1517 5
842 5
2260 5
989 5
966 5
128 5
2240 5
2997 5
232 5
631 5
807 5
865 5
3133 5
22 5
1109 5
1 5
270 5
188 5
1642 5
215 5
2668 5
1363 5
768 5
756 5
1200 5
1613 5
2560 5
915 5
506 5
739 5
663 5
779 5
367 5
840 5
717 5
992 5
1810 5
545 5
2288 5
1086 5
1302 5
406 5
2025 5
1207 5
649 5
56 5
163 5
471 5
8 5
878 5
315 5
456 5
278 5
2116 5
805 5
831 5
1100 5
1516 5
246 5
1655 5
784 5
956 5
1066 5
3616 5
213 5
125 5
3543 5
1183 5
365 5
762 5
65 5
28 5
169 5
81 5
1679 5
222 5
207 5
907 5
197 5
551 5
236 5
186 5
141 5
844 5
201 5
1869 5
455 5
2021 5
743 5
319 5
2194 5
951 5
1104 5
34 5
2172 5
1752 5
2933 5
2143 5
489 5
829 5
209 5
450 5
2321 5
285 5
1879 5
660 5
174 5
1637 5
1685 5
12 5
253 5
1271 5
4153 5
153 5
149 5
1377 5
239 5
5550 5
905 5
25 5
1670 5
1293 5
383 5
603 5
5 5
138 5
267 5
203 5
1410 5
75 5
208 5
330 5
60 5
298 5
707 5
214 5
662 5
