1386 1
1044 1
197 1
142 1
159 1
161 1
2417 1
1354 1
2172 1
740 1
1276 1
1278 1
1301 1
1867 1
1484 1
1304 1
1305 1
577 1
585 1
1245 1
1347 1
1782 1
1783 1
1784 1
875 1
2675 1
1581 1
1921 1
1897 1
1902 1
1903 1
2168 1
2169 1
1422 1
2522 1
1818 1
2109 1
1735 1
762 1
792 1
798 1
857 1
303 1
2611 1
2559 1
2117 1
1308 1
906 1
1728 1
2184 1
2185 1
2186 1
548 1
1798 1
430 1
432 1
433 1
438 1
439 1
442 1
453 1
455 1
460 1
462 1
464 1
466 1
606 1
2317 1
1612 1
958 1
2382 1
1665 1
2448 1
1949 1
1092 1
1096 1
1152 1
472 1
478 1
1826 1
2152 1
2034 1
1739 1
1957 1
2471 1
1952 1
2545 1
2304 1
2202 1
2158 1
1623 1
2562 1
2343 1
2344 1
1703 1
1959 1
2209 1
952 1
1850 1
1321 1
2023 1
2180 1
1971 1
2641 1
2445 1
2485 1
2516 1
1963 1
2430 1
2563 1
1570 1
1756 1
1143 1
1144 1
1145 1
1146 1
2513 1
2236 1
1279 1
2176 1
2177 1
950 1
951 1
2425 1
1421 1
518 1
1525 1
2451 1
2208 1
2388 1
1918 1
2399 1
1726 1
2446 1
1670 1
2464 1
2401 1
2270 1
1680 1
2346 1
1174 1
2506 1
1772 1
1749 1
1859 1
1973 1
2250 1
2197 1
2087 1
2088 1
1738 1
2546 1
2554 1
2154 1
2364 1
2286 1
1523 1
2679 1
2178 1
1956 1
2329 1
2429 1
1531 1
170 1
2400 1
1776 1
2112 1
2370 1
1309 1
1996 1
1814 1
2482 1
1592 1
1594 1
1595 1
1598 1
1599 1
1600 1
1601 1
1602 1
1604 1
1605 1
1606 1
2195 1
1447 1
2449 1
1349 1
2043 1
1746 1
2054 1
2666 1
2300 1
249 1
2198 1
2199 1
1927 1
2689 1
2347 1
2463 1
2175 1
973 1
1486 1
1274 1
2469 1
1193 1
1194 1
1624 1
2452 1
2453 1
2285 1
1719 1
2526 1
2542 1
2348 1
2306 1
2461 1
2321 1
2543 1
2228 1
1318 1
1324 1
2240 1
2116 1
2465 1
2251 1
2252 1
2310 1
2693 1
2605 1
2579 1
2705 1
2536 1
347 1
1218 1
2253 1
2091 1
2599 1
2566 1
255 1
1425 1
1456 1
2255 1
2597 1
2677 1
261 1
2307 1
2308 1
2312 1
2200 1
2268 1
2269 1
1766 1
1767 1
2129 1
2411 1
2412 1
2415 1
2416 1
1554 1
2056 1
1676 1
1476 1
2483 1
2183 1
1654 1
1655 1
1748 1
2406 1
2378 1
2618 1
1377 1
2493 1
2055 1
2670 1
2325 1
2450 1
2524 1
1322 1
2539 1
2682 1
1932 1
1933 1
1471 1
2194 1
1878 1
2328 1
1031 1
209 1
2500 1
2100 1
177 1
2256 1
2447 1
633 1
213 1
1527 1
2354 1
2484 1
1678 1
2523 1
1073 1
1022 1
2540 1
180 1
2617 1
1967 1
196 1
2078 1
280 1
933 1
143 1
1947 1
2669 1
1036 1
1778 1
224 1
1733 1
2478 1
2457 1
2556 1
2287 1
1965 1
1935 1
2207 1
2279 1
1017 1
2460 1
1037 1
2678 1
2065 1
83 1
89 1
136 1
146 1
836 1
1430 1
151 1
105 1
645 1
2210 1
1008 1
827 1
389 1
396 1
437 1
1732 1
2291 1
18 1
620 1
1205 1
1917 1
664 1
1848 1
750 1
2139 1
2140 1
1883 1
1886 1
118 1
124 1
157 1
162 1
1255 1
399 1
167 1
490 1
2164 1
2479 1
2284 1
2229 1
145 1
1759 1
1038 1
1344 1
1079 1
752 1
658 1
2547 1
1209 1
2235 1
828 1
422 1
715 1
613 1
1734 1
254 1
92 1
1002 1
2362 1
1674 1
982 1
716 1
463 1
115 1
747 1
1915 1
835 1
2468 1
63 1
935 1
2214 1
922 1
1763 1
1048 1
1689 1
1989 1
31 1
893 1
2044 1
2125 1
1120 1
272 1
838 1
1149 1
1211 1
1138 1
2613 1
138 1
1545 1
1025 1
2163 1
846 1
636 1
2017 1
546 1
294 1
913 1
2392 1
1843 1
599 1
602 1
1551 1
1227 1
327 1
1110 1
2622 1
907 1
1241 1
1926 1
193 1
203 1
2358 1
435 1
445 1
1951 1
1260 1
2394 1
834 1
2391 1
2005 1
2573 1
2574 1
1858 1
1536 1
2189 1
1669 1
434 1
457 1
459 1
467 1
310 1
1866 1
506 1
321 1
1097 1
2297 1
1051 1
1053 1
1054 1
212 1
2067 1
156 1
1316 1
2008 1
1530 1
1682 1
559 1
418 1
2656 1
1630 1
1631 1
1633 1
458 1
737 1
665 1
2503 1
2436 1
2438 1
2625 1
2626 1
332 1
386 1
1257 1
2432 1
726 1
735 1
2114 1
545 1
1691 1
1704 1
2212 1
1683 1
1721 1
1345 1
1567 1
485 1
1524 1
1132 1
876 1
1277 1
802 1
444 1
1616 1
2276 1
2277 1
2278 1
1161 1
2201 1
847 1
49 1
1688 1
2070 1
879 1
1988 1
758 1
1559 1
1543 1
1326 1
896 1
881 1
1328 1
803 1
804 1
882 1
87 1
95 1
107 1
155 1
318 1
1779 1
1338 1
2627 1
2634 1
2635 2
2629 2
236 2
1159 2
2403 2
1562 2
563 2
2024 2
1213 2
2204 2
1182 2
1914 2
2696 2
1395 2
325 2
452 2
1706 2
2012 2
2167 2
1673 2
1736 2
1451 2
1812 2
1307 2
2544 2
592 2
1232 2
1509 2
2529 2
941 2
2477 2
1717 2
801 2
499 2
2489 2
1363 2
2051 2
2298 2
2366 2
1838 2
1839 2
1711 2
1712 2
1722 2
954 2
2363 2
2476 2
701 2
2680 2
2640 2
2002 2
2040 2
2127 2
1564 2
1236 2
1237 2
1407 2
1718 2
2367 2
1532 2
2179 2
1107 2
714 2
2233 2
1085 2
1617 2
888 2
2303 2
2062 2
2355 2
2159 2
1890 2
2621 2
2104 2
530 2
2661 2
2558 2
2381 2
521 2
522 2
1642 2
895 2
2147 2
2237 2
962 2
2156 2
2157 2
1285 2
408 2
2433 2
1418 2
1813 2
2265 2
2512 2
1877 2
1288 2
1469 2
696 2
2155 2
1998 2
1508 2
903 2
302 2
316 2
1786 2
1494 2
2322 2
2630 2
2548 2
2022 2
450 2
1388 2
679 2
497 2
1768 2
1393 2
407 2
447 2
1111 2
1953 2
1972 2
2106 2
1490 2
948 2
1667 2
800 2
2151 2
2150 2
867 2
427 2
1979 2
1978 2
2241 2
1384 2
1822 2
971 2
938 2
993 2
806 2
2170 2
1359 2
1405 2
1771 2
693 2
2402 2
1574 2
147 2
1419 2
2632 2
2295 2
914 2
2288 2
795 2
2094 2
2085 2
1538 2
1976 2
475 2
470 2
1713 2
1662 2
2037 2
2038 2
2249 2
154 2
998 2
1348 2
1286 2
1287 2
2025 2
2188 2
210 2
892 2
2371 2
623 2
1770 2
2571 2
282 2
2281 2
2282 2
1221 2
2407 2
1945 2
1962 2
2296 2
1032 2
1034 2
1024 2
1557 2
2061 2
584 2
630 2
2530 2
1961 2
1519 2
629 2
631 2
1919 2
2707 2
632 2
1640 2
2565 2
2564 2
2383 2
2384 2
2517 2
1039 2
2205 2
799 2
2126 2
1030 2
2330 2
1027 2
1752 2
1958 2
1907 2
1399 2
794 2
1075 2
2031 2
992 2
1740 2
939 2
1445 2
276 2
1495 2
1653 2
2422 2
1891 2
2688 2
1750 2
915 2
320 2
904 2
58 2
449 2
1816 2
2369 2
621 2
2405 2
1352 2
1282 2
2377 2
2219 2
2221 2
1061 2
46 2
1580 2
348 2
986 2
2145 2
2293 2
130 2
2301 2
1192 2
1787 2
1730 2
2313 2
1353 2
221 2
1398 2
387 2
2053 2
2624 2
392 2
2636 2
158 2
2462 2
398 2
2345 2
2537 2
1210 2
125 2
1223 2
181 2
38 2
2033 2
2413 2
1705 2
2103 2
8 2
86 2
1461 2
2390 2
102 2
1042 2
2439 2
1801 2
1802 2
649 2
2534 2
1244 2
739 2
627 2
109 2
110 2
1920 2
113 2
116 2
37 2
1520 2
830 2
1246 2
1254 2
979 2
2153 2
824 2
1474 2
2336 2
2338 2
2331 2
2333 2
912 2
2217 2
244 2
384 2
2324 2
2375 2
436 2
1845 2
1983 2
1708 2
1230 2
1250 2
1251 2
1021 2
454 2
111 2
150 2
395 2
1408 2
1076 2
322 2
890 2
2389 2
98 2
650 2
1819 2
749 2
1064 2
1065 2
1066 2
1067 2
1118 2
260 2
441 2
1873 2
2063 2
972 2
1014 2
2047 2
1397 2
1743 2
711 2
741 2
707 2
67 2
1203 2
7 2
131 2
1423 2
55 2
2165 2
1701 2
2552 2
2553 2
1140 2
2110 2
2019 2
2549 2
709 2
2518 2
1863 2
1240 2
1117 2
833 2
2238 2
2495 2
2511 2
2659 2
388 2
397 2
2144 2
489 2
1679 2
2376 2
920 2
1745 2
744 2
2414 2
1785 2
1793 2
2124 2
874 2
1687 2
2211 2
385 2
2623 2
1575 2
1576 2
668 2
663 2
1560 2
905 2
1478 2
1632 2
47 2
2039 2
582 2
1788 2
1789 2
1790 2
225 2
1905 2
918 2
404 2
754 2
1884 2
429 2
2393 2
1074 2
1275 2
1824 2
1825 2
1924 2
1001 2
2649 2
2606 2
2365 2
2466 2
547 2
638 2
1900 2
2267 2
431 2
241 2
1737 2
1517 2
1518 2
742 2
710 2
326 2
721 2
2520 2
596 2
1071 2
32 2
2408 2
335 2
831 2
883 2
2143 2
534 2
496 2
983 2
1864 2
393 2
1614 2
729 2
1466 2
1468 2
59 2
1155 2
1202 2
1208 2
1385 2
305 2
1672 2
1939 2
1940 2
308 2
1045 2
373 2
1709 2
1470 2
93 2
425 2
1925 2
2052 2
1955 2
797 2
1207 2
858 2
69 2
591 2
610 2
377 2
1052 2
1837 2
1841 2
821 2
553 2
319 2
323 2
1375 2
1568 2
989 2
1389 2
2075 2
690 2
2074 2
350 2
886 2
657 2
536 2
1695 2
786 2
640 2
1108 2
1109 2
520 2
75 2
2652 2
2653 2
1946 2
1610 2
297 2
2099 2
2035 2
2036 2
1215 2
356 2
357 2
1666 2
1810 2
927 2
1899 2
1526 2
887 2
2046 2
2048 2
2142 2
1365 2
1366 2
648 2
1380 2
2015 2
956 2
1454 2
2098 2
572 2
2589 2
2590 3
2645 3
2646 3
1725 3
295 3
1511 3
1854 3
732 3
849 3
500 3
292 3
2073 3
2232 3
2525 3
1164 3
1262 3
1263 3
2326 3
2419 3
2421 3
2467 3
1593 3
1550 3
1339 3
2190 3
476 3
1862 3
1180 3
1181 3
1151 3
1156 3
1794 3
756 3
1809 3
1836 3
486 3
779 3
2315 3
2316 3
451 3
852 3
285 3
2501 3
1797 3
1264 3
965 3
1320 3
2676 3
1072 3
1267 3
1796 3
1922 3
2220 3
868 3
1694 3
661 3
796 3
1012 3
1013 3
508 3
2230 3
829 3
866 3
2609 3
2610 3
1047 3
1882 3
594 3
1503 3
495 3
1629 3
1383 3
1645 3
2080 3
1206 3
2203 3
2050 3
1861 3
1340 3
1342 3
687 3
2227 3
1807 3
208 3
1242 3
589 3
579 3
1364 3
1840 3
2231 3
1992 3
2115 3
2372 3
619 3
1023 3
848 3
1635 3
2557 3
1868 3
214 3
2187 3
1761 3
290 3
1661 3
468 3
994 3
2608 3
861 3
2472 3
1063 3
1762 3
1720 3
2387 3
1603 3
1139 3
1760 3
190 3
1777 3
947 3
651 3
1820 3
1671 3
1005 3
1095 3
969 3
286 3
1105 3
2093 3
275 3
2555 3
2454 3
207 3
205 3
967 3
2458 3
206 3
560 3
2135 3
531 3
532 3
1412 3
1549 3
1803 3
2030 3
1944 3
1597 3
1934 3
2280 3
1692 3
917 3
446 3
2459 3
1507 3
1150 3
1488 3
1994 3
1995 3
1698 3
2475 3
583 3
1615 3
1514 3
1515 3
573 3
2695 3
2361 3
1758 3
976 3
977 3
1026 3
1741 3
581 3
250 3
2528 3
1103 3
1441 3
1442 3
192 3
1443 3
2193 3
1811 3
700 3
1229 3
2502 3
1148 3
1716 3
1668 3
529 3
2662 3
2398 3
686 3
1070 3
140 3
745 3
1644 3
1394 3
2090 3
421 3
456 3
1960 3
1860 3
891 3
1522 3
1828 3
1835 3
727 3
1710 3
1356 3
119 3
1176 3
2341 3
2342 3
2131 3
2134 3
1975 3
1325 3
160 3
163 3
168 3
2166 3
42 3
76 3
19 3
482 3
2120 3
684 3
860 3
1186 3
1190 3
1163 3
2601 3
1081 3
975 3
2283 3
1541 3
1542 3
1727 3
844 3
68 3
2113 3
1371 3
1413 3
362 3
1681 3
793 3
2174 3
683 3
682 3
2260 3
1639 3
88 3
96 3
222 3
424 3
1028 3
865 3
1416 3
382 3
1089 3
1003 3
211 3
1731 3
957 3
595 3
580 3
1289 3
1290 3
1293 3
1035 3
763 3
2560 3
807 3
808 3
809 3
1238 3
1637 3
673 3
924 3
204 3
149 3
963 3
1435 3
128 3
403 3
1690 3
103 3
77 3
220 3
656 3
660 3
662 3
817 3
1369 3
108 3
641 3
1954 3
980 3
126 3
1901 3
1498 3
600 3
2455 3
2492 3
2010 3
501 3
2004 3
1649 3
2018 3
776 3
144 3
314 3
934 3
692 3
1243 3
165 3
628 3
2633 3
1303 3
346 3
2130 3
137 3
1521 3
1199 3
2223 3
1879 3
2006 3
2258 3
1281 3
695 3
1911 3
66 3
417 3
1487 3
1467 3
1165 3
2428 3
1872 3
112 3
1881 3
1114 3
1715 3
85 3
2014 3
2604 3
379 3
1381 3
1387 3
1162 3
1489 3
712 3
1970 3
1775 3
634 3
1169 3
1628 3
1569 3
597 3
2660 3
856 3
1491 3
1684 3
17 3
2418 3
1049 3
694 3
2302 3
842 3
71 3
120 3
141 3
2686 3
2003 3
122 3
104 3
1228 3
2598 3
1127 3
1084 3
2359 3
2292 3
2084 3
2111 3
1885 3
843 3
2456 3
755 3
2395 3
1401 3
871 3
1675 3
1429 3
410 3
1792 3
730 3
1834 3
391 3
1062 3
242 3
878 3
805 3
588 3
1337 3
1483 3
333 3
2009 3
2076 3
267 3
936 3
733 3
734 3
1136 3
100 3
699 3
133 3
381 3
274 3
1650 3
526 3
1539 3
474 3
1336 3
2257 3
2424 3
571 3
542 3
1424 3
725 3
412 3
785 3
2373 3
1191 3
270 3
1641 3
2531 3
428 3
1335 3
1512 3
1312 3
851 3
423 3
443 3
420 3
1742 3
2294 3
2423 3
940 3
537 3
789 3
2216 3
706 3
2311 3
1938 3
334 3
1239 3
885 3
2305 3
1685 3
1361 3
1561 3
777 3
2137 3
311 3
854 3
11 3
411 3
825 3
1222 3
1609 3
611 3
2335 3
1501 3
1355 3
2431 3
919 3
1256 3
625 3
1059 3
1697 3
183 3
1291 3
2160 3
916 3
859 3
1657 3
186 3
1179 3
1908 3
1910 3
873 3
41 3
29 3
889 3
2692 3
271 3
2182 3
2602 3
2069 3
2444 3
304 3
839 3
358 3
1477 3
1558 3
2083 3
1204 3
558 3
644 3
202 3
1544 3
201 3
2437 3
1587 3
287 3
1112 3
2442 3
897 3
1147 3
1647 3
1699 3
20 3
264 3
782 3
1332 3
1434 3
2561 3
1141 3
488 3
898 3
367 3
1577 3
1578 3
1579 3
256 3
2148 3
626 3
2192 3
2410 3
968 3
2612 3
1460 3
1426 3
607 4
1876 4
1217 4
480 4
187 4
2089 4
1455 4
262 4
338 4
1154 4
746 4
191 4
791 4
301 4
309 4
1800 4
751 4
1475 4
79 4
2173 4
608 4
1502 4
2254 4
336 4
1196 4
1414 4
345 4
1664 4
188 4
689 4
1459 4
1171 4
1439 4
2607 4
826 4
2527 4
1849 4
2066 4
1929 4
360 4
361 4
639 4
622 4
1170 4
781 4
1634 4
1133 4
910 4
1183 4
1396 4
1646 4
2488 4
2487 4
1135 4
1411 4
1033 4
279 4
234 4
1440 4
440 4
2101 4
1552 4
1006 4
426 4
106 4
2360 4
1855 4
1856 4
1069 4
1874 4
778 4
1950 4
567 4
1751 4
200 4
2261 4
1020 4
908 4
909 4
1166 4
1167 4
1528 4
1529 4
1773 4
1774 4
1893 4
1894 4
1936 4
1937 4
1941 4
1942 4
1968 4
1969 4
1980 4
1981 4
1984 4
1985 4
1986 4
1987 4
2041 4
2042 4
2057 4
2058 4
2118 4
2119 4
2242 4
2243 4
2244 4
2245 4
2246 4
2247 4
2262 4
2263 4
2271 4
2272 4
2273 4
2289 4
2290 4
2318 4
2319 4
2320 4
2350 4
2351 4
2352 4
2353 4
2379 4
2380 4
2385 4
2386 4
2426 4
2427 4
2434 4
2435 4
2440 4
2441 4
2473 4
2474 4
2480 4
2481 4
2490 4
2491 4
2496 4
2497 4
2498 4
2499 4
2504 4
2505 4
2507 4
2508 4
2514 4
2515 4
2532 4
2533 4
2567 4
2568 4
2569 4
2570 4
2575 4
2576 4
2577 4
2578 4
2580 4
2581 4
2582 4
2583 4
2584 4
2585 4
2591 4
2592 4
2593 4
2594 4
2595 4
2596 4
2614 4
2615 4
2616 4
2637 4
2638 4
2647 4
2648 4
2650 4
2651 4
2654 4
2655 4
2657 4
2658 4
2663 4
2664 4
2665 4
2667 4
2668 4
2671 4
2672 4
2673 4
2674 4
2683 4
2684 4
2690 4
2691 4
2697 4
2698 4
2699 4
2700 4
2701 4
2702 4
2703 4
2704 4
1780 4
884 4
1648 4
1018 4
769 4
394 4
862 4
1231 4
2128 4
966 4
1724 4
1007 4
832 4
134 4
2226 4
132 4
2519 4
524 4
1553 4
642 4
135 4
556 4
281 4
872 4
523 4
1465 4
1821 4
1613 4
2026 4
2027 4
899 4
223 4
139 4
2550 4
2551 4
1638 4
465 4
291 4
921 4
1555 4
2138 4
1755 4
1463 4
484 4
365 4
248 4
1432 4
1472 4
604 4
937 4
62 4
498 4
2706 4
448 4
1707 4
166 4
1374 4
680 4
1409 4
461 4
2146 4
1296 4
1300 4
65 4
1313 4
1314 4
2181 4
2541 4
288 4
1082 4
1757 4
1916 4
1295 4
1298 4
955 4
780 4
1134 4
1747 4
771 4
990 4
991 4
1249 4
117 4
1997 4
1415 4
1137 4
894 4
1499 4
1302 4
123 4
235 4
1906 4
307 4
2694 4
43 4
1219 4
1343 4
268 4
2001 4
1198 4
1643 4
988 4
153 4
374 4
576 4
2639 4
2681 4
578 4
1370 4
2323 4
2072 4
731 4
670 4
21 4
1966 4
1099 4
148 4
2443 4
513 4
50 4
164 4
1431 4
2587 4
2588 4
2642 4
2644 4
1172 4
127 4
315 4
481 4
1280 4
1187 4
176 4
2096 4
666 4
121 4
1473 4
352 4
1311 4
1479 4
505 4
1270 4
1268 4
2123 4
845 4
1200 4
1306 4
1895 4
2162 4
713 4
1360 4
1535 4
2215 4
1880 4
1896 4
1273 4
312 4
1016 4
2224 4
928 4
94 4
1974 4
1121 4
339 4
949 4
1094 4
575 4
601 4
1131 4
1448 4
1119 4
1391 4
772 4
1702 4
1977 4
1846 4
981 4
788 4
757 4
2161 4
277 4
1621 4
152 4
1833 4
1990 4
1993 4
1212 4
51 4
289 4
2136 4
1373 4
561 4
1851 4
278 4
813 4
344 4
12 4
2631 4
232 4
901 4
353 4
64 4
688 4
811 4
1284 4
1224 4
510 4
1999 4
169 4
1904 4
230 4
53 4
728 4
659 4
2020 4
1400 4
598 4
44 4
517 4
1080 4
1842 4
2081 4
1582 4
1909 4
605 4
770 4
405 4
2225 4
1510 4
2213 4
2 4
1029 4
1453 4
2016 4
390 4
1815 4
923 4
2374 4
219 4
1677 4
27 4
479 4
2102 4
198 4
413 4
1292 4
477 4
543 4
855 4
376 4
1620 4
246 4
1043 4
299 4
1446 4
2234 4
194 4
646 4
1433 4
81 4
671 4
1341 4
748 4
718 4
229 4
616 4
1556 4
507 4
2538 4
419 4
902 4
512 4
298 4
1258 4
840 4
672 4
1769 4
129 4
363 4
189 4
78 4
1586 4
401 4
612 4
2122 4
1892 4
1068 4
787 4
2107 4
2299 4
1437 4
900 4
174 4
593 4
1011 4
1462 4
2687 4
1390 4
549 4
2196 4
1123 4
1362 4
2068 4
2071 4
341 4
340 4
1857 4
1346 4
2521 4
1330 4
1083 4
1266 4
1329 4
2274 4
1765 4
2082 4
674 4
2149 4
2339 4
2340 4
2132 4
2133 4
359 4
1799 4
569 4
1496 4
566 4
313 4
1272 4
1823 4
1964 4
1225 4
1853 4
1015 4
1351 4
1283 5
342 5
483 5
1622 5
1808 5
1088 5
697 5
337 5
1116 5
416 5
471 5
317 5
2349 5
997 5
91 5
2064 5
1493 5
2206 5
1563 5
1804 5
1368 5
1357 5
1611 5
1928 5
759 5
175 5
1607 5
691 5
1626 5
1458 5
1618 5
2086 5
1700 5
1847 5
784 5
1253 5
1115 5
380 5
2007 5
985 5
1404 5
258 5
1912 5
1869 5
974 5
324 5
820 5
987 5
654 5
2092 5
1175 5
351 5
1898 5
1930 5
1220 5
306 5
2029 5
880 5
1428 5
293 5
57 5
1358 5
814 5
269 5
1323 5
1333 5
1173 5
1913 5
26 5
1040 5
1658 5
2396 5
1573 5
2171 5
783 5
1214 5
1058 5
850 5
652 5
2059 5
1566 5
624 5
2248 5
2077 5
2337 5
114 5
717 5
685 5
1125 5
959 5
73 5
550 5
1046 5
1126 5
1420 5
1636 5
961 5
354 5
1506 5
2239 5
2494 5
2509 5
2510 5
1870 5
823 5
1160 5
552 5
528 5
1830 5
2045 5
1982 5
257 5
1547 5
1124 5
1693 5
1714 5
720 5
1158 5
1315 5
618 5
1168 5
1723 5
1923 5
1452 5
1189 5
2619 5
2191 5
415 5
1534 5
1583 5
226 5
82 5
2218 5
864 5
48 5
743 5
2356 5
1142 5
564 5
1444 5
1805 5
540 5
557 5
1540 5
1378 5
1585 5
964 5
99 5
765 5
1248 5
1091 5
926 5
9 5
2314 5
1943 5
199 5
719 5
1235 5
723 5
266 5
1406 5
570 5
1492 5
790 5
753 5
74 5
999 5
61 5
1093 5
1795 5
819 5
609 5
944 5
331 5
647 5
669 5
2572 5
2586 5
2643 5
1106 5
2309 5
1060 5
1513 5
1651 5
995 5
775 5
511 5
52 5
1436 5
179 5
1100 5
10 5
1660 5
1482 5
1087 5
60 5
1588 5
1382 5
414 5
84 5
1659 5
1948 5
2535 5
525 5
195 5
1350 5
773 5
39 5
1449 5
1177 5
2404 5
551 5
487 5
1178 5
329 5
101 5
1991 5
1591 5
473 5
1252 5
1195 5
942 5
1844 5
245 5
1367 5
766 5
1931 5
30 5
1480 5
372 5
1403 5
54 5
2486 5
173 5
1791 5
738 5
366 5
28 5
527 5
72 5
1831 5
2470 5
841 5
503 5
816 5
960 5
2049 5
233 5
1505 5
171 5
587 5
1310 5
2334 5
1410 5
1871 5
1754 5
369 5
1261 5
2327 5
2420 5
1438 5
1827 5
273 5
1299 5
300 5
2028 5
378 5
2060 5
24 5
2222 5
1533 5
1379 5
1128 5
1226 5
1596 5
1619 5
1392 5
943 5
2368 5
708 5
555 5
1608 5
1457 5
25 5
1319 5
1055 5
1153 5
2108 5
519 5
2259 5
218 5
1781 5
767 5
402 5
1086 5
1696 5
515 5
837 5
239 5
565 5
637 5
2397 5
1832 5
568 5
1234 5
574 5
1516 5
764 5
2332 5
1589 5
1216 5
343 5
1627 5
984 5
283 5
1852 5
409 5
2620 5
877 5
1233 5
371 5
643 5
2141 5
1887 5
182 5
1565 5
1077 5
681 5
509 5
911 5
2264 5
178 5
635 5
45 5
2013 5
2600 5
1417 5
1098 5
676 5
259 5
1130 5
2095 5
1590 5
2097 5
1271 5
1464 5
2266 5
5 5
97 5
1269 5
1197 5
929 5
869 5
1247 5
1481 5
330 5
2011 5
328 5
2685 5
1497 5
946 5
931 5
870 5
970 5
1817 5
2079 5
863 5
514 5
1888 5
36 5
1729 5
13 5
978 5
1485 5
590 5
1019 5
1104 5
554 5
1057 5
383 5
1184 5
822 5
1041 5
1806 5
1188 5
1402 5
1548 5
1113 5
1050 5
251 5
2032 5
263 5
2000 5
1000 5
1652 5
996 5
370 5
724 5
1327 5
240 5
535 5
1372 5
2275 5
1010 5
541 5
544 5
1334 5
375 5
516 5
1450 5
364 5
90 5
703 5
1764 5
1865 5
406 5
2021 5
296 5
1537 5
2121 5
1571 5
491 5
1122 5
1185 5
2357 5
1663 5
1090 5
677 5
768 5
1427 5
231 5
1572 5
2105 5
932 5
1157 5
243 5
533 5
675 5
184 5
40 5
1294 5
80 5
1317 5
538 5
704 5
1331 5
247 5
945 5
1009 5
761 5
355 5
1753 5
667 5
1101 5
34 5
1744 5
349 5
16 5
70 5
1686 5
1376 5
253 5
539 5
1875 5
2628 5
1625 5
217 5
185 5
1656 5
1078 5
953 5
853 5
4 5
1129 5
1265 5
15 5
698 5
238 5
1889 5
1546 5
14 5
1102 5
603 5
504 5
23 5
2409 5
655 5
1829 5
22 5
494 5
2603 5
722 5
56 5
812 5
215 5
237 5
1504 5
617 5
35 5
1500 5
614 5
774 5
1201 5
702 5
653 5
818 5
265 5
3 5
493 5
736 5
705 5
6 5
586 5
469 5
930 5
502 5
252 5
1297 5
1259 5
815 5
33 5
925 5
1056 5
1 5
615 5
216 5
227 5
1584 5
678 5
562 5
368 5
1004 5
810 5
172 5
492 5
284 5
228 5
760 5
400 5
0 5
