908 1
909 1
1166 1
1167 1
1528 1
1529 1
1773 1
1774 1
1893 1
1894 1
1936 1
1937 1
1941 1
1942 1
1968 1
1969 1
1980 1
1981 1
1984 1
1985 1
1986 1
1987 1
2041 1
2042 1
2057 1
2058 1
2118 1
2119 1
2242 1
2243 1
2244 1
2245 1
2246 1
2247 1
2262 1
2263 1
2289 1
2290 1
2379 1
2380 1
2385 1
2386 1
2426 1
2427 1
2434 1
2435 1
2440 1
2441 1
2473 1
2474 1
2480 1
2481 1
2490 1
2491 1
2496 1
2497 1
2498 1
2499 1
2504 1
2505 1
2507 1
2508 1
2514 1
2515 1
2532 1
2533 1
2567 1
2568 1
2569 1
2570 1
2575 1
2576 1
2577 1
2578 1
2580 1
2581 1
2582 1
2583 1
2584 1
2585 1
2591 1
2592 1
2593 1
2594 1
2595 1
2596 1
2637 1
2638 1
2647 1
2648 1
2650 1
2651 1
2654 1
2655 1
2657 1
2658 1
2667 1
2668 1
2671 1
2672 1
2673 1
2674 1
2683 1
2684 1
2690 1
2691 1
2697 1
2698 1
2699 1
2700 1
2701 1
2702 1
2703 1
2704 1
1262 1
1263 1
2326 1
2419 1
2421 1
2467 1
1261 1
2327 1
2420 1
2238 1
2495 1
2511 1
2659 1
2239 1
2494 1
2509 1
2510 1
2271 1
2272 1
2273 1
2318 1
2319 1
2320 1
2614 1
2615 1
2616 1
2663 1
2664 1
2665 1
2489 1
2487 1
2488 1
2486 1
941 1
2477 1
1196 1
942 1
1195 1
2131 1
2134 1
2341 1
2342 1
2132 1
2133 1
2339 1
2340 1
1994 1
1995 1
1992 1
1990 1
1993 1
1991 1
2645 1
2646 1
2589 1
2590 1
2642 1
2644 1
2587 1
2588 1
2643 1
2586 1
2350 1
2351 1
2352 1
2353 1
2670 1
1218 1
356 1
357 1
1397 1
1396 1
1217 1
1223 1
1220 1
1219 1
1699 1
354 1
358 1
2579 1
1222 1
1216 1
1312 1
2399 1
355 1
1221 1
2444 1
1311 1
2398 1
2030 1
1313 1
1314 1
1315 1
2443 1
2026 1
2027 1
2396 1
2397 1
2029 1
2028 1
1445 1
1443 1
1441 1
1442 1
1440 1
1439 1
1437 1
1444 1
1438 1
2061 1
1433 1
1678 1
2147 1
2627 1
2634 1
2635 1
2629 1
1432 1
2540 1
2212 1
2539 1
261 1
1654 1
1655 1
2113 1
1677 1
260 1
1193 1
1194 1
2146 1
2287 1
1192 1
1186 1
1190 1
1187 1
2099 1
2628 1
1434 1
2538 1
2137 1
1191 1
1189 1
2096 1
2536 1
2529 1
1514 1
1515 1
1679 1
2535 1
262 1
257 1
258 1
2180 1
2295 1
2537 1
2534 1
1662 1
1359 1
1651 1
1653 1
1532 1
2179 1
2310 1
1185 1
1184 1
2084 1
2080 1
2082 1
2081 1
2098 1
2097 1
1559 1
2605 1
2617 1
2633 1
2618 1
2597 1
1435 1
2599 1
2136 1
2632 1
2331 1
2333 1
2336 1
2338 1
2335 1
2332 1
2527 1
2334 1
1513 1
2680 1
2604 1
2358 1
2631 1
259 1
2363 1
1661 1
2073 1
2074 1
2630 1
1658 1
2071 1
2598 1
1660 1
1652 1
1360 1
1657 1
1659 1
2276 1
2277 1
2278 1
2297 1
2394 1
1536 1
2378 1
1533 1
2138 1
1188 1
2484 1
2079 1
2523 1
2478 1
1349 1
2512 1
2543 1
2541 1
2070 1
1558 1
2636 1
2100 1
2611 1
1891 1
1456 1
2602 1
1503 1
1511 1
2601 1
2065 1
1436 1
1502 1
2479 1
2068 1
1501 1
2337 1
2608 1
2609 1
2610 1
2621 1
2619 1
2607 1
2622 1
2612 1
2219 1
2221 1
1965 1
2623 1
636 1
2017 1
1889 1
2207 1
1476 1
1890 1
2620 1
1509 1
1508 1
1507 1
2460 1
2528 1
2228 1
2613 1
1843 1
2606 1
1656 1
2362 1
2360 1
2220 1
2279 1
2705 1
2354 1
1257 1
2274 1
2359 1
2356 1
2261 1
1459 1
2154 1
1952 1
2693 1
2365 1
2656 1
2682 1
2139 1
2140 1
1512 1
1983 1
2442 1
1676 1
1510 1
1554 1
1506 1
2275 1
1947 1
1505 1
2124 1
1713 1
1062 1
2231 1
2233 1
1425 1
1715 1
2556 1
1967 1
1063 1
2366 1
1818 1
952 1
950 1
951 1
2395 1
1939 1
1940 1
1778 1
1051 1
1053 1
1054 1
1534 1
2309 1
2227 1
2211 1
2284 1
2129 1
2370 1
2689 1
2046 1
2048 1
1838 1
1839 1
958 1
956 1
2369 1
957 1
2083 1
2688 1
948 1
2286 1
1854 1
1835 1
2483 1
2387 1
2392 1
1350 1
1301 1
954 1
2400 1
2125 1
2175 1
2675 1
1709 1
1461 1
2281 1
2282 1
1399 1
2069 1
2506 1
2188 1
2391 1
2301 1
2686 1
2368 1
668 1
1989 1
2669 1
2600 1
2471 1
2056 1
2687 1
2240 1
1892 1
1556 1
2115 1
1447 1
2389 1
1887 1
1458 1
969 1
2122 1
2312 1
2388 1
1522 1
1766 1
1767 1
2020 1
1834 1
2603 1
1455 1
1842 1
701 1
1500 1
2485 1
2222 1
2064 1
700 1
1163 1
1230 1
967 1
1504 1
2367 1
2436 1
2438 1
1111 1
2019 1
2218 1
1539 1
1830 1
1988 1
1918 1
1570 1
1922 1
1935 1
2232 1
2461 1
2183 1
1964 1
2187 1
2204 1
917 1
1393 1
955 1
2678 1
2307 2
2308 2
1623 2
2155 2
1814 2
2123 2
2189 2
1474 2
1460 2
634 2
1169 2
2135 2
1472 2
1924 2
1475 2
2547 2
1274 2
2103 2
1541 2
1542 2
1798 2
1716 2
2044 2
867 2
2101 2
2459 2
2234 2
2625 2
2626 2
2087 2
2088 2
1132 2
1361 2
1853 2
1796 2
2072 2
2067 2
1267 2
1797 2
1852 2
1776 2
2357 2
714 2
1782 2
1783 2
1784 2
2280 2
2121 2
2303 2
620 2
1786 2
2437 2
1391 2
2142 2
1256 2
2329 2
1264 2
1794 2
1471 2
2194 2
2345 2
949 2
2086 2
697 2
715 2
2260 2
2047 2
1152 2
633 2
1799 2
1394 2
2374 2
693 2
1555 2
2250 2
2526 2
236 2
517 2
1868 2
2085 2
2531 2
1131 2
1117 2
1844 2
2692 2
1318 2
1324 2
1837 2
1841 2
1761 2
695 2
548 2
973 2
2321 2
2216 2
2681 2
1404 2
947 2
1833 2
2373 2
1303 2
632 2
2063 2
1831 2
2178 2
360 2
361 2
1448 2
711 2
670 2
623 2
710 2
1405 2
2236 2
2166 2
1295 2
1298 2
1785 2
1296 2
1300 2
699 2
2197 2
1401 2
1279 2
1711 2
1712 2
696 2
1463 2
717 2
2158 2
1714 2
1710 2
712 2
862 2
1553 2
1760 2
2513 2
1486 2
1488 2
2078 2
1321 2
1932 2
1933 2
2114 2
1963 2
1703 2
1720 2
2148 2
1328 2
1705 2
972 2
1816 2
1332 2
2156 2
2157 2
1836 2
2464 2
1616 2
1061 2
619 2
1060 2
1927 2
1421 2
2296 2
968 2
1738 2
1495 2
2200 2
2432 2
1121 2
2406 2
2205 2
2159 2
2401 2
2270 2
2149 2
1215 2
1073 2
2255 2
1726 2
1426 2
2018 2
1962 2
1326 2
1907 2
249 2
2237 2
1612 2
2555 2
2195 2
1708 2
246 2
692 2
2023 2
1484 2
1323 2
1848 2
1849 2
1473 2
1817 2
946 2
1151 2
1156 2
661 2
1465 2
945 2
1958 2
1805 2
1337 2
1878 2
1050 2
1777 2
2405 2
1535 2
2022 2
1159 2
1114 2
362 2
1959 2
1161 2
1182 2
1355 2
1400 2
1139 2
2695 2
2525 2
2624 2
658 2
2328 2
2045 2
1807 2
1915 2
2283 2
965 2
2288 2
2128 2
1260 2
2241 2
521 2
522 2
1138 2
1174 2
2095 2
1483 2
1820 2
1829 2
1692 2
2685 2
688 2
1135 2
1917 2
1266 2
1795 2
665 2
513 2
1299 2
1748 2
698 2
865 2
1809 2
975 2
1908 2
1910 2
657 2
1911 2
1480 2
1141 2
509 2
1406 2
1912 2
1998 2
2251 2
2252 2
1909 2
2256 2
2447 2
650 2
1913 2
1870 2
648 2
1938 2
1617 2
1560 2
1976 2
2408 2
861 2
1803 2
1347 2
2298 2
1348 2
1140 2
644 2
1614 2
2439 2
1294 2
1914 2
1338 2
1168 2
1107 2
2035 2
2036 2
713 2
645 2
1106 2
1538 2
1346 2
2285 2
1481 2
654 2
1143 2
1144 2
1145 2
1146 2
1916 2
2465 2
2371 2
666 2
1085 2
1340 2
1342 2
1592 2
1594 2
1595 2
1598 2
1599 2
1600 2
1601 2
1602 2
1604 2
1605 2
1606 2
638 2
706 2
2226 2
498 2
938 2
1142 2
976 2
977 2
937 2
627 2
1615 2
1888 2
1635 2
641 2
1871 2
1694 2
1960 2
1345 2
2676 2
1395 2
2677 2
703 2
2343 2
2344 2
621 2
2472 2
906 2
1478 2
1116 2
630 2
629 2
631 2
904 2
899 2
664 2
2126 2
2492 2
1596 2
2127 2
1675 2
640 2
1228 2
628 2
642 2
1446 2
1154 2
1704 2
1070 2
651 2
1115 2
1527 2
1781 2
1702 2
1552 2
1793 2
626 2
1982 2
1646 2
1540 2
1229 2
1905 2
2446 2
622 2
659 2
935 2
1966 2
497 2
660 2
662 2
709 2
656 2
1112 2
1757 2
964 2
1613 2
727 2
963 2
1162 2
625 2
1212 2
1765 2
2661 2
616 2
624 2
618 2
1479 2
652 2
617 2
1815 2
2411 2
2412 2
2415 2
2416 2
1364 2
2093 2
2482 2
1119 2
1292 2
2390 2
649 2
2322 2
898 2
2364 2
740 2
1808 2
1365 2
1366 2
1482 2
756 2
1648 2
545 2
905 2
2662 2
1071 2
750 2
1356 2
1357 2
2094 2
2696 2
496 2
1136 2
1545 2
721 2
1183 2
518 2
1549 2
726 2
735 2
1362 2
1363 2
2694 2
1693 2
510 2
1695 2
1392 2
643 2
897 2
1934 2
2463 2
1133 2
1597 2
757 2
2462 2
2055 2
2106 2
365 2
2414 2
1622 2
1873 2
1493 2
1137 2
2181 2
903 2
846 2
1134 2
900 2
2291 2
1128 2
2225 2
1961 2
1921 2
1330 2
1113 2
2666 2
1130 2
499 2
2502 2
606 2
2501 2
2264 2
1354 2
708 2
543 2
1618 2
680 2
2145 2
1819 2
1464 2
1285 2
1424 2
677 2
663 2
1551 2
2120 2
614 2
1284 2
635 2
1920 2
2182 2
982 2
1074 2
1286 2
1287 2
864 2
1281 2
1949 2
936 2
1127 2
752 2
1084 2
667 2
1787 2
694 2
1543 2
1288 2
2530 2
1265 2
347 2
971 2
346 2
742 2
748 3
1557 3
1173 3
966 3
1728 3
286 3
744 3
1273 3
839 3
1550 3
1339 3
1548 3
2404 3
679 3
933 3
1177 3
2660 3
2429 3
1449 3
2566 3
2407 3
1906 3
1123 3
2300 3
927 3
1683 3
2524 3
1322 3
560 3
1120 3
1325 3
1919 3
1719 3
577 3
585 3
682 3
683 3
584 3
1682 3
989 3
2224 3
745 3
1840 3
1690 3
1634 3
1756 3
1302 3
1869 3
716 3
1689 3
2223 3
2410 3
609 3
1075 3
1718 3
511 3
1670 3
702 3
1732 3
1457 3
1867 3
2361 3
979 3
1344 3
2306 3
546 3
556 3
1297 3
2573 3
2574 3
557 3
579 3
1103 3
1105 3
1691 3
1832 3
2209 3
857 3
2141 3
583 3
858 3
689 3
1373 3
939 3
676 3
2257 3
1466 3
1468 3
758 3
738 3
2456 3
572 3
753 3
922 3
1680 3
2346 3
2258 3
472 3
478 3
854 3
516 3
1665 3
747 3
2259 3
1727 3
1341 3
1643 3
1098 3
1610 3
1469 3
1214 3
1309 3
508 3
1673 3
1148 3
2198 3
2199 3
470 3
475 3
1667 3
1150 3
235 3
484 3
1149 3
2190 3
483 3
691 3
1895 3
474 3
582 3
2451 3
2143 3
1089 3
684 3
1155 3
1681 3
505 3
540 3
1316 3
731 3
1758 3
1587 3
1333 3
2040 3
1674 3
481 3
2173 3
1583 3
1335 3
1826 3
2152 3
1603 3
690 3
2265 3
1319 3
981 3
1258 3
902 3
639 3
1672 3
538 3
2452 3
2453 3
970 3
1700 3
1586 3
542 3
363 3
1462 3
2215 3
2706 3
855 3
248 3
1402 3
359 3
1876 3
2192 3
2025 3
1329 3
842 3
607 3
1343 3
1153 3
1647 3
1491 3
559 3
1687 3
841 3
719 3
1866 3
1088 3
1282 3
1390 3
473 3
2150 3
2151 3
637 3
875 3
1403 3
1069 3
931 3
2092 3
685 3
1896 3
2450 3
555 3
1492 3
847 3
980 3
1590 3
728 3
983 3
934 3
2402 3
520 3
1236 3
1237 3
923 3
1280 3
1525 3
2649 3
1730 3
1717 3
1352 3
1569 3
2171 3
1865 3
1470 3
612 3
868 3
1588 3
944 3
1059 3
1122 3
563 3
953 3
1175 3
239 3
852 3
1241 3
1336 3
733 3
734 3
1283 3
866 3
1547 3
1092 3
1096 3
749 3
918 3
921 3
1485 3
610 3
1242 3
515 3
1317 3
1199 3
1931 3
873 3
1620 3
2500 3
1058 3
2193 3
1164 3
604 3
541 3
741 3
482 3
1977 3
928 3
924 3
571 3
754 3
919 3
1451 3
2542 3
1897 3
1902 3
1903 3
874 3
1157 3
1095 3
1100 3
2191 3
1923 3
367 3
1666 3
1750 3
1621 3
2202 3
1975 3
1804 3
1974 3
1467 3
570 3
1180 3
1181 3
1664 3
1420 3
746 3
990 3
991 3
523 3
1413 3
1752 3
1374 3
1308 3
341 3
536 3
743 3
1641 3
339 3
2381 3
1875 3
737 3
849 3
1751 3
2431 3
1523 3
1178 3
2116 3
2144 3
1232 3
1327 3
1996 3
2302 3
1724 3
1822 3
1585 3
1997 3
338 3
1800 3
2707 3
1899 3
1806 3
1725 3
1477 3
1351 3
1072 3
2254 3
1723 3
1650 3
653 3
1307 3
2130 3
576 3
1639 3
2253 3
1900 3
725 3
2652 3
2653 3
1454 3
1160 3
1901 3
1792 3
974 3
1649 3
245 3
1453 3
1213 3
1638 3
255 3
1240 3
1057 3
574 3
962 3
1331 3
1637 3
613 3
1452 3
1772 3
729 3
1791 3
1768 3
1450 3
2054 3
1971 3
704 3
480 3
1068 3
1489 3
843 3
732 3
1847 3
1904 3
1235 3
1239 3
1611 3
848 3
1731 3
575 3
1289 3
1290 3
1293 3
655 3
1770 3
534 3
1052 3
2304 3
961 3
1129 3
1864 3
1821 3
568 3
552 3
1970 3
1898 3
2033 3
1097 3
1487 3
569 3
1872 3
1544 3
959 3
1197 3
2206 3
1118 3
240 3
1950 3
1047 3
1645 3
1640 3
535 3
573 3
1147 3
929 3
1861 3
705 3
1099 3
1688 3
2347 3
1158 3
907 3
883 3
888 3
1684 3
1669 3
1788 3
1789 3
1790 3
895 3
2112 3
1310 3
1769 3
514 3
863 3
1801 3
1802 3
2503 3
2043 3
578 3
707 3
1685 3
1172 3
1198 3
2305 3
547 3
878 3
1171 3
503 3
876 3
987 3
1087 3
879 3
988 3
887 3
896 3
985 3
233 3
241 3
881 3
893 3
1747 3
892 3
1863 3
2403 3
889 3
718 3
669 3
920 3
877 3
1083 3
1165 3
495 3
850 3
755 3
882 3
500 3
886 3
1093 3
880 3
303 3
615 3
901 3
885 3
2571 3
319 3
323 3
320 3
1978 3
1979 3
301 3
891 3
960 3
312 3
611 3
840 3
925 3
926 3
2102 3
539 3
302 3
316 3
318 3
325 3
295 3
322 3
1668 3
1015 3
292 3
305 3
290 3
494 3
285 3
237 3
1619 3
1697 3
491 3
678 3
1179 3
1276 3
1278 3
1012 3
1013 3
298 3
751 3
309 3
890 3
1124 3
327 3
1231 4
1537 4
1275 4
1581 4
1636 4
1580 4
1608 4
1574 4
1170 4
304 4
1126 4
291 4
544 4
493 4
321 4
1530 4
1749 4
1079 4
287 4
894 4
871 4
2105 4
1526 4
647 4
2062 4
1546 4
2210 4
1764 4
1571 4
722 4
549 4
289 4
313 4
844 4
307 4
1577 4
1578 4
1579 4
1494 4
1862 4
2208 4
1642 4
1233 4
1499 4
2457 4
2091 4
687 4
2268 4
2269 4
1775 4
943 4
2267 4
476 4
1698 4
589 4
1497 4
2348 4
1644 4
2469 4
2325 4
2409 4
940 4
591 4
595 4
1520 4
283 4
1593 4
1521 4
2425 4
592 4
984 4
1575 4
1576 4
512 4
601 4
599 4
602 4
686 4
736 4
297 4
594 4
1277 4
2552 4
2553 4
608 4
306 4
2563 4
1519 4
2107 4
1735 4
1925 4
1125 4
588 4
294 4
2184 4
2185 4
2186 4
675 4
1780 4
254 4
1517 4
1518 4
348 4
238 4
2053 4
593 4
1369 4
1877 4
519 4
1407 4
293 4
1422 4
581 4
1238 4
1370 4
1706 4
1874 4
1412 4
315 4
1739 4
2117 4
1409 4
1951 4
1857 4
596 4
336 4
1490 4
332 4
1203 4
1498 4
1973 4
587 4
600 4
244 4
1207 4
1746 4
1582 4
1209 4
1734 4
1860 4
334 4
364 4
851 4
2293 4
331 4
337 4
366 4
1008 4
1729 4
674 4
1211 4
1371 4
1110 4
243 4
225 4
1707 4
2249 4
1055 4
1496 4
2516 4
2075 4
314 4
1419 4
1206 4
681 4
1076 4
603 4
673 4
1334 4
671 4
1855 4
1856 4
1771 4
845 4
1078 4
1108 4
1109 4
1202 4
1208 4
1423 4
224 4
537 4
324 4
2517 4
1561 4
597 4
1562 4
837 4
590 4
723 4
1204 4
1368 4
1733 4
501 4
1609 4
1200 4
1002 4
1948 4
580 4
251 4
1671 4
1064 4
1065 4
1066 4
1067 4
856 4
554 4
1410 4
343 4
1516 4
932 4
870 4
1091 4
1850 4
2217 4
2377 4
1234 4
1824 4
1825 4
567 4
1858 4
1624 4
2564 4
2565 4
646 4
566 4
1810 4
1945 4
1398 4
1811 4
2422 4
1686 4
2424 4
1014 4
565 4
1851 4
1859 4
2455 4
1584 4
1320 4
2561 4
1813 4
525 4
2299 4
388 4
397 4
386 4
724 4
562 4
526 4
250 4
1589 4
1086 4
373 4
2423 4
2548 4
1418 4
1104 4
394 4
1755 4
1591 4
930 4
170 4
430 4
432 4
433 4
438 4
439 4
442 4
453 4
455 4
460 4
462 4
464 4
466 4
374 4
2174 4
436 4
450 4
299 4
230 4
391 4
1225 4
1376 4
449 4
1416 4
384 4
424 4
1291 4
393 4
422 4
415 4
222 4
441 4
381 4
385 4
1759 4
416 4
1007 4
414 4
1812 4
759 4
461 4
2572 4
2050 4
407 4
447 4
408 4
2375 4
403 4
369 4
372 4
853 4
1358 4
458 4
1259 4
2641 4
370 4
383 4
418 4
226 4
340 4
1408 4
427 4
469 4
2558 4
1017 4
220 4
1663 4
452 4
1953 4
1972 4
1201 4
377 4
1003 4
425 4
1011 4
978 4
333 4
2294 4
2313 4
389 4
396 4
2170 4
428 4
288 4
379 4
2355 4
410 4
310 4
1001 4
376 4
1304 4
1305 4
435 4
445 4
2201 4
1572 4
838 4
296 4
1272 4
1823 4
1049 4
197 4
1048 4
171 4
2317 4
404 4
204 4
1607 4
872 4
859 4
2560 4
401 4
1737 4
564 4
1415 4
730 4
193 4
203 4
1226 4
308 4
247 4
1080 4
2433 4
221 4
212 4
440 4
2024 4
326 4
252 4
2066 4
1176 4
869 4
550 4
2383 4
2384 4
558 4
378 4
479 4
833 4
598 4
423 4
2640 4
553 4
2203 4
835 4
739 4
1696 4
402 4
196 4
831 4
1082 4
834 4
181 4
419 4
1567 4
444 4
829 4
1081 4
720 4
826 4
406 4
380 4
395 4
1205 4
177 4
811 4
180 4
1253 4
828 4
1306 4
830 4
1090 4
1210 4
502 4
814 4
533 4
463 4
827 4
1955 4
821 4
390 4
825 4
2037 4
2038 4
1044 4
823 4
1269 4
1742 4
818 4
211 4
1043 4
209 4
1041 4
398 4
997 4
399 4
2330 4
2109 4
816 4
551 4
253 4
762 4
792 4
798 4
797 4
794 4
802 4
806 4
801 4
800 4
799 4
791 4
803 4
804 4
788 4
836 4
785 4
763 4
777 4
771 4
775 4
779 4
805 4
783 4
790 4
824 4
242 4
1630 4
1631 4
1633 4
471 4
769 4
796 4
820 4
795 4
477 4
782 4
1046 4
2034 4
786 4
2031 4
781 4
256 4
787 4
1077 4
789 4
223 4
768 4
913 4
776 4
300 4
772 4
817 4
213 4
190 4
1006 4
392 4
911 4
1040 4
317 4
774 4
832 4
807 4
808 4
809 4
780 4
819 4
912 4
784 4
1626 4
999 4
1255 4
234 4
770 4
2229 4
2230 4
813 4
174 4
382 4
437 4
434 5
457 5
459 5
467 5
417 5
492 5
429 5
793 5
1629 5
186 5
860 5
1954 5
1042 5
766 5
205 5
345 5
431 5
405 5
884 5
413 5
375 5
411 5
992 5
1565 5
764 5
409 5
199 5
1568 5
284 5
1009 5
214 5
765 5
351 5
2248 5
1632 5
1740 5
815 5
182 5
1004 5
2014 5
986 5
1038 5
1026 5
454 5
1036 5
1025 5
1377 5
2493 5
822 5
2376 5
2090 5
1531 5
421 5
456 5
1779 5
1957 5
2445 5
1227 5
1016 5
1037 5
1372 5
1021 5
530 5
529 5
2449 5
2679 5
531 5
532 5
2413 5
426 5
527 5
1956 5
528 5
2430 5
1031 5
1019 5
767 5
2554 5
2176 5
2177 5
2562 5
2545 5
1375 5
2051 5
1030 5
605 5
586 5
2458 5
1039 5
1224 5
2382 5
2089 5
2266 5
2546 5
335 5
1736 5
506 5
1022 5
2428 5
2324 5
2349 5
2470 5
1035 5
2323 5
1722 5
2448 5
1411 5
1027 5
344 5
1024 5
1028 5
1564 5
2314 5
1023 5
998 5
1245 5
2557 5
210 5
215 5
175 5
446 5
451 5
1353 5
1566 5
1020 5
218 5
1414 5
1018 5
330 5
2002 5
1926 5
1524 5
192 5
2372 5
1102 5
1762 5
1032 5
1034 5
1367 5
206 5
2049 5
191 5
2104 5
229 5
2292 5
200 5
465 5
2559 5
188 5
328 5
2522 5
232 5
2549 5
1033 5
2639 5
178 5
915 5
387 5
2315 5
2316 5
1249 5
207 5
2550 5
2551 5
342 5
202 5
504 5
1029 5
350 5
1268 5
1270 5
2476 5
2052 5
561 5
420 5
443 5
1056 5
208 5
1271 5
914 5
183 5
187 5
1248 5
2196 5
1000 5
773 5
1005 5
329 5
412 5
910 5
448 5
2039 5
1045 5
2544 5
507 5
2003 5
2015 5
993 5
194 5
1883 5
1886 5
2077 5
371 5
1882 5
353 5
2161 5
1563 5
2168 5
2169 5
2167 5
2012 5
2008 5
1946 5
996 5
1745 5
189 5
994 5
468 5
812 5
2214 5
1246 5
1254 5
1701 5
1743 5
1244 5
916 5
219 5
173 5
1386 5
2004 5
672 5
2311 5
2076 5
778 5
2011 5
1999 5
2417 5
2001 5
272 5
1741 5
278 5
275 5
269 5
198 5
270 5
1243 5
1385 5
524 5
179 5
267 5
2110 5
995 5
1944 5
2235 5
1101 5
2172 5
1430 5
280 5
231 5
1721 5
485 5
2454 5
1845 5
271 5
185 5
352 5
1429 5
1628 5
368 5
1828 5
2000 5
2005 5
1417 5
176 5
266 5
2393 5
195 5
400 5
169 5
2475 5
311 5
2165 5
761 5
268 5
2466 5
217 5
1753 5
2468 5
1943 5
2518 5
2519 5
201 5
1884 5
2213 5
1881 5
2059 5
2521 5
276 5
1250 5
1251 5
2060 5
2016 5
1380 5
281 5
2164 5
1929 5
277 5
1763 5
274 5
1885 5
1252 5
282 5
265 5
486 5
1247 5
2009 5
2111 5
1384 5
1573 5
490 5
2010 5
264 5
172 5
1627 5
489 5
2163 5
1754 5
273 5
1383 5
2520 5
1431 5
1930 5
2153 5
1428 5
1389 5
1880 5
2006 5
810 5
1846 5
1094 5
1879 5
1388 5
263 5
2418 5
2007 5
1382 5
487 5
184 5
1379 5
349 5
1010 5
216 5
2013 5
1381 5
1387 5
1378 5
488 5
1625 5
2160 5
2108 5
227 5
279 5
1744 5
760 5
1827 5
1928 5
2032 5
2021 5
2162 5
1427 5
228 5
142 5
159 5
161 5
7 5
131 5
154 5
156 5
92 5
49 5
145 5
27 5
69 5
61 5
138 5
79 5
143 5
133 5
48 5
31 5
167 5
41 5
98 5
20 5
135 5
32 5
101 5
100 5
4 5
144 5
87 5
95 5
107 5
155 5
88 5
115 5
18 5
128 5
119 5
47 5
105 5
63 5
116 5
78 5
125 5
75 5
19 5
39 5
9 5
152 5
139 5
122 5
59 5
53 5
140 5
36 5
106 5
91 5
151 5
11 5
42 5
76 5
118 5
124 5
157 5
162 5
62 5
104 5
134 5
8 5
66 5
165 5
46 5
2 5
58 5
153 5
103 5
83 5
89 5
136 5
146 5
65 5
52 5
114 5
127 5
94 5
130 5
147 5
51 5
102 5
55 5
126 5
29 5
37 5
60 5
111 5
150 5
12 5
30 5
67 5
93 5
71 5
141 5
109 5
110 5
85 5
44 5
96 5
50 5
164 5
21 5
149 5
158 5
26 5
5 5
97 5
123 5
113 5
81 5
10 5
17 5
117 5
86 5
120 5
43 5
108 5
74 5
38 5
22 5
112 5
148 5
121 5
54 5
24 5
73 5
84 5
77 5
129 5
57 5
166 5
137 5
99 5
160 5
163 5
168 5
72 5
82 5
132 5
68 5
45 5
64 5
28 5
15 5
80 5
90 5
13 5
25 5
16 5
23 5
40 5
14 5
34 5
70 5
6 5
3 5
1 5
56 5
35 5
33 5
0 5
