0 5
1 5
2 5
3 5
4 5
5 5
6 5
7 5
8 5
9 5
10 5
11 5
12 5
13 5
14 5
15 5
16 5
17 5
18 5
19 5
20 5
21 5
22 5
23 5
24 5
25 5
26 5
27 5
28 5
29 5
30 5
31 5
32 5
33 5
34 5
35 5
36 5
37 5
38 5
39 5
40 5
41 5
42 5
43 5
44 5
45 5
46 5
47 5
48 5
49 5
50 5
51 5
52 5
53 5
54 5
55 5
56 5
57 5
58 5
59 5
60 5
61 5
62 5
63 5
64 5
65 5
66 5
67 5
68 5
69 5
70 5
71 5
72 5
73 5
74 5
75 5
76 5
77 5
78 5
79 5
80 5
81 5
82 5
83 5
84 5
85 5
86 5
87 5
88 5
89 5
90 5
91 5
92 5
93 5
94 5
95 5
96 5
97 5
98 5
99 5
100 5
101 5
102 5
103 5
104 5
105 5
106 5
107 5
108 5
109 5
110 5
111 5
112 5
113 5
114 5
115 5
116 5
117 5
118 5
119 5
120 5
121 5
122 5
123 5
124 5
125 5
126 5
127 5
128 5
129 5
130 5
131 5
132 5
133 5
134 5
135 5
136 5
137 5
138 5
139 5
140 5
141 5
142 5
143 5
144 5
145 5
146 5
147 5
148 5
149 5
150 5
151 5
152 5
153 5
154 5
155 5
156 5
157 5
158 5
159 5
160 5
161 5
162 5
163 5
164 5
165 5
166 5
167 5
168 5
169 4
170 2
171 4
172 5
173 5
174 4
175 5
176 5
177 4
178 5
179 5
180 4
181 4
182 5
183 5
184 5
185 5
186 4
187 5
188 5
189 5
190 4
191 5
192 5
193 3
194 5
195 5
196 4
197 3
198 5
199 4
200 5
201 5
202 5
203 3
204 4
205 5
206 5
207 5
208 5
209 4
210 5
211 4
212 4
213 4
214 5
215 5
216 5
217 5
218 5
219 5
220 4
221 5
222 4
223 5
224 3
225 3
226 4
227 5
228 5
229 5
230 3
231 5
232 5
233 3
234 5
235 3
236 2
237 4
238 4
239 3
240 4
241 3
242 5
243 4
244 4
245 4
246 2
247 5
248 4
249 2
250 5
251 4
252 5
253 5
254 4
255 1
256 3
257 1
258 1
259 2
260 1
261 1
262 1
263 5
264 5
265 5
266 5
267 5
268 5
269 5
270 5
271 5
272 5
273 5
274 5
275 5
276 5
277 5
278 5
279 5
280 5
281 5
282 5
283 5
284 5
285 4
286 3
287 5
288 5
289 5
290 4
291 4
292 4
293 5
294 5
295 4
296 5
297 4
298 4
299 5
300 5
301 4
302 4
303 4
304 5
305 4
306 4
307 5
308 5
309 5
310 5
311 5
312 4
313 4
314 5
315 4
316 4
317 5
318 4
319 4
320 4
321 4
322 4
323 4
324 5
325 4
326 5
327 5
328 4
329 4
330 4
331 3
332 3
333 3
334 3
335 4
336 3
337 3
338 2
339 1
340 3
341 2
342 4
343 3
344 4
345 5
346 1
347 1
348 2
349 5
350 4
351 3
352 4
353 4
354 1
355 1
356 1
357 1
358 1
359 2
360 1
361 1
362 2
363 3
364 4
365 3
366 4
367 4
368 5
369 5
370 5
371 5
372 5
373 5
374 5
375 5
376 5
377 5
378 5
379 5
380 5
381 5
382 5
383 5
384 5
385 5
386 5
387 5
388 5
389 5
390 5
391 5
392 5
393 5
394 5
395 5
396 5
397 5
398 5
399 5
400 5
401 5
402 5
403 4
404 5
405 5
406 5
407 4
408 4
409 5
410 5
411 5
412 5
413 5
414 4
415 4
416 4
417 5
418 4
419 5
420 5
421 5
422 4
423 5
424 4
425 5
426 5
427 4
428 4
429 5
430 4
431 5
432 4
433 4
434 5
435 5
436 4
437 5
438 4
439 4
440 5
441 4
442 4
443 5
444 5
445 5
446 5
447 4
448 5
449 4
450 4
451 5
452 5
453 4
454 5
455 4
456 5
457 5
458 5
459 5
460 4
461 5
462 4
463 5
464 4
465 5
466 4
467 5
468 5
469 5
470 3
471 5
472 3
473 4
474 3
475 3
476 4
477 4
478 3
479 5
480 4
481 3
482 4
483 3
484 3
485 4
486 4
487 4
488 4
489 4
490 4
491 5
492 5
493 5
494 5
495 4
496 3
497 3
498 3
499 3
500 4
501 5
502 5
503 4
504 5
505 3
506 4
507 5
508 3
509 3
510 3
511 2
512 3
513 2
514 2
515 2
516 2
517 1
518 1
519 3
520 2
521 2
522 2
523 2
524 4
525 3
526 3
527 4
528 4
529 4
530 4
531 4
532 4
533 4
534 2
535 2
536 2
537 3
538 4
539 4
540 4
541 4
542 4
543 4
544 4
545 3
546 3
547 4
548 2
549 4
550 5
551 5
552 3
553 4
554 4
555 3
556 2
557 2
558 4
559 2
560 2
561 5
562 5
563 3
564 5
565 5
566 4
567 4
568 4
569 3
570 3
571 3
572 3
573 4
574 4
575 4
576 4
577 3
578 4
579 3
580 5
581 4
582 3
583 3
584 3
585 3
586 5
587 5
588 4
589 3
590 5
591 4
592 3
593 4
594 4
595 4
596 4
597 5
598 4
599 4
600 4
601 3
602 4
603 4
604 4
605 4
606 2
607 4
608 3
609 3
610 3
611 5
612 3
613 4
614 3
615 4
616 3
617 2
618 3
619 2
620 2
621 3
622 3
623 2
624 3
625 3
626 3
627 3
628 3
629 3
630 3
631 3
632 2
633 2
634 1
635 3
636 1
637 3
638 3
639 3
640 3
641 3
642 3
643 3
644 3
645 3
646 4
647 4
648 3
649 3
650 3
651 3
652 3
653 4
654 2
655 3
656 2
657 3
658 2
659 3
660 2
661 2
662 2
663 3
664 2
665 2
666 2
667 3
668 1
669 4
670 2
671 3
672 4
673 3
674 3
675 4
676 3
677 2
678 4
679 3
680 2
681 4
682 3
683 3
684 3
685 2
686 3
687 3
688 1
689 2
690 2
691 2
692 2
693 1
694 2
695 1
696 2
697 3
698 3
699 3
700 2
701 2
702 4
703 3
704 4
705 4
706 3
707 5
708 4
709 3
710 3
711 3
712 3
713 3
714 3
715 3
716 4
717 2
718 4
719 3
720 5
721 3
722 4
723 4
724 5
725 3
726 3
727 3
728 3
729 3
730 5
731 3
732 3
733 4
734 4
735 3
736 4
737 3
738 3
739 5
740 3
741 3
742 3
743 4
744 3
745 3
746 3
747 3
748 3
749 4
750 3
751 4
752 3
753 3
754 3
755 5
756 3
757 3
758 2
759 4
760 5
761 5
762 5
763 5
764 5
765 5
766 5
767 5
768 5
769 5
770 5
771 5
772 5
773 5
774 5
775 5
776 5
777 5
778 5
779 5
780 5
781 5
782 5
783 5
784 5
785 5
786 5
787 5
788 5
789 5
790 5
791 5
792 5
793 5
794 5
795 5
796 5
797 5
798 5
799 5
800 5
801 5
802 5
803 5
804 5
805 5
806 5
807 5
808 5
809 5
810 5
811 4
812 5
813 5
814 4
815 5
816 5
817 5
818 5
819 5
820 5
821 5
822 5
823 5
824 5
825 5
826 5
827 4
828 5
829 4
830 4
831 5
832 5
833 4
834 5
835 4
836 4
837 3
838 4
839 2
840 4
841 4
842 4
843 4
844 3
845 5
846 3
847 3
848 4
849 4
850 3
851 4
852 3
853 5
854 3
855 3
856 5
857 3
858 3
859 5
860 5
861 2
862 2
863 2
864 2
865 2
866 3
867 1
868 3
869 5
870 4
871 5
872 5
873 3
874 4
875 3
876 4
877 4
878 4
879 4
880 5
881 4
882 4
883 4
884 5
885 5
886 4
887 4
888 4
889 5
890 5
891 5
892 4
893 4
894 5
895 4
896 4
897 3
898 3
899 3
900 3
901 4
902 4
903 3
904 3
905 3
906 3
907 4
908 1
909 1
910 5
911 5
912 5
913 5
914 5
915 5
916 5
917 2
918 3
919 3
920 4
921 3
922 3
923 3
924 4
925 4
926 5
927 3
928 3
929 4
930 5
931 3
932 5
933 3
934 3
935 3
936 3
937 3
938 3
939 3
940 4
941 1
942 1
943 4
944 3
945 2
946 2
947 2
948 1
949 2
950 1
951 1
952 1
953 5
954 2
955 2
956 2
957 2
958 2
959 3
960 3
961 3
962 3
963 2
964 3
965 2
966 3
967 2
968 2
969 2
970 2
971 3
972 1
973 1
974 3
975 2
976 2
977 2
978 5
979 3
980 3
981 3
982 3
983 3
984 4
985 4
986 5
987 4
988 4
989 3
990 4
991 4
992 4
993 5
994 5
995 5
996 5
997 4
998 5
999 4
1000 5
1001 4
1002 3
1003 5
1004 5
1005 5
1006 4
1007 4
1008 3
1009 5
1010 5
1011 3
1012 3
1013 3
1014 4
1015 3
1016 5
1017 3
1018 5
1019 5
1020 5
1021 5
1022 5
1023 5
1024 5
1025 5
1026 5
1027 5
1028 5
1029 5
1030 5
1031 5
1032 5
1033 5
1034 5
1035 5
1036 5
1037 5
1038 5
1039 5
1040 5
1041 5
1042 5
1043 5
1044 5
1045 5
1046 4
1047 3
1048 5
1049 4
1050 1
1051 1
1052 3
1053 1
1054 1
1055 4
1056 5
1057 3
1058 3
1059 3
1060 2
1061 2
1062 1
1063 1
1064 4
1065 4
1066 4
1067 4
1068 3
1069 3
1070 2
1071 2
1072 2
1073 1
1074 2
1075 3
1076 2
1077 4
1078 4
1079 3
1080 4
1081 4
1082 4
1083 4
1084 3
1085 3
1086 4
1087 3
1088 3
1089 3
1090 4
1091 4
1092 2
1093 4
1094 5
1095 3
1096 2
1097 3
1098 3
1099 4
1100 4
1101 5
1102 5
1103 2
1104 4
1105 3
1106 2
1107 2
1108 4
1109 4
1110 4
1111 2
1112 3
1113 3
1114 3
1115 3
1116 3
1117 2
1118 3
1119 3
1120 4
1121 3
1122 4
1123 3
1124 4
1125 4
1126 3
1127 3
1128 3
1129 3
1130 3
1131 2
1132 2
1133 3
1134 3
1135 2
1136 3
1137 3
1138 2
1139 2
1140 2
1141 2
1142 3
1143 2
1144 2
1145 2
1146 2
1147 3
1148 3
1149 3
1150 3
1151 2
1152 2
1153 3
1154 2
1155 3
1156 2
1157 4
1158 4
1159 3
1160 4
1161 2
1162 3
1163 2
1164 3
1165 4
1166 1
1167 1
1168 3
1169 1
1170 4
1171 3
1172 3
1173 3
1174 2
1175 3
1176 4
1177 2
1178 3
1179 3
1180 2
1181 2
1182 1
1183 2
1184 1
1185 1
1186 1
1187 1
1188 1
1189 1
1190 1
1191 1
1192 1
1193 1
1194 1
1195 1
1196 1
1197 4
1198 4
1199 4
1200 5
1201 5
1202 4
1203 4
1204 4
1205 5
1206 4
1207 4
1208 4
1209 4
1210 5
1211 4
1212 3
1213 3
1214 3
1215 2
1216 1
1217 1
1218 1
1219 1
1220 1
1221 1
1222 1
1223 1
1224 5
1225 4
1226 4
1227 4
1228 2
1229 3
1230 1
1231 4
1232 2
1233 5
1234 5
1235 4
1236 3
1237 3
1238 4
1239 3
1240 4
1241 3
1242 2
1243 4
1244 4
1245 4
1246 4
1247 4
1248 4
1249 4
1250 4
1251 4
1252 4
1253 3
1254 4
1255 3
1256 1
1257 1
1258 3
1259 5
1260 2
1261 1
1262 1
1263 1
1264 2
1265 3
1266 2
1267 2
1268 4
1269 3
1270 4
1271 4
1272 2
1273 2
1274 1
1275 4
1276 3
1277 4
1278 3
1279 2
1280 3
1281 3
1282 3
1283 4
1284 3
1285 2
1286 2
1287 2
1288 2
1289 4
1290 4
1291 4
1292 3
1293 4
1294 3
1295 2
1296 2
1297 4
1298 2
1299 3
1300 2
1301 2
1302 3
1303 2
1304 4
1305 4
1306 5
1307 3
1308 3
1309 3
1310 4
1311 1
1312 1
1313 1
1314 1
1315 1
1316 3
1317 3
1318 1
1319 3
1320 3
1321 2
1322 2
1323 2
1324 1
1325 3
1326 2
1327 4
1328 2
1329 3
1330 2
1331 4
1332 2
1333 3
1334 4
1335 3
1336 3
1337 2
1338 3
1339 3
1340 3
1341 4
1342 3
1343 4
1344 3
1345 3
1346 3
1347 3
1348 3
1349 1
1350 2
1351 4
1352 3
1353 5
1354 2
1355 2
1356 2
1357 3
1358 4
1359 1
1360 1
1361 2
1362 3
1363 2
1364 2
1365 3
1366 3
1367 5
1368 5
1369 3
1370 3
1371 4
1372 4
1373 3
1374 3
1375 5
1376 5
1377 4
1378 5
1379 5
1380 5
1381 5
1382 5
1383 5
1384 5
1385 5
1386 4
1387 5
1388 5
1389 5
1390 3
1391 2
1392 3
1393 2
1394 2
1395 2
1396 1
1397 1
1398 4
1399 1
1400 2
1401 2
1402 3
1403 4
1404 2
1405 2
1406 3
1407 4
1408 4
1409 2
1410 2
1411 4
1412 2
1413 1
1414 4
1415 2
1416 2
1417 4
1418 2
1419 4
1420 4
1421 2
1422 3
1423 3
1424 2
1425 1
1426 2
1427 4
1428 4
1429 4
1430 4
1431 4
1432 1
1433 1
1434 1
1435 1
1436 2
1437 1
1438 1
1439 1
1440 1
1441 1
1442 1
1443 1
1444 1
1445 1
1446 3
1447 1
1448 2
1449 2
1450 3
1451 2
1452 3
1453 4
1454 3
1455 2
1456 1
1457 4
1458 1
1459 1
1460 1
1461 2
1462 3
1463 2
1464 3
1465 2
1466 3
1467 4
1468 3
1469 3
1470 3
1471 2
1472 2
1473 2
1474 2
1475 2
1476 1
1477 3
1478 2
1479 3
1480 3
1481 3
1482 3
1483 3
1484 2
1485 3
1486 1
1487 3
1488 1
1489 3
1490 3
1491 2
1492 3
1493 2
1494 3
1495 2
1496 4
1497 3
1498 4
1499 3
1500 2
1501 2
1502 2
1503 2
1504 2
1505 2
1506 2
1507 2
1508 2
1509 2
1510 2
1511 2
1512 2
1513 1
1514 1
1515 1
1516 3
1517 3
1518 3
1519 3
1520 3
1521 3
1522 2
1523 3
1524 4
1525 2
1526 3
1527 1
1528 1
1529 1
1530 3
1531 4
1532 1
1533 1
1534 1
1535 2
1536 1
1537 5
1538 3
1539 2
1540 3
1541 2
1542 2
1543 2
1544 4
1545 3
1546 4
1547 4
1548 3
1549 3
1550 3
1551 3
1552 3
1553 2
1554 1
1555 2
1556 2
1557 2
1558 1
1559 1
1560 3
1561 3
1562 3
1563 4
1564 4
1565 4
1566 4
1567 3
1568 3
1569 3
1570 1
1571 4
1572 5
1573 5
1574 4
1575 4
1576 4
1577 4
1578 4
1579 4
1580 4
1581 4
1582 4
1583 4
1584 5
1585 4
1586 2
1587 2
1588 2
1589 4
1590 3
1591 3
1592 2
1593 4
1594 2
1595 2
1596 3
1597 3
1598 2
1599 2
1600 2
1601 2
1602 2
1603 3
1604 2
1605 2
1606 2
1607 5
1608 4
1609 3
1610 3
1611 4
1612 2
1613 2
1614 2
1615 2
1616 2
1617 2
1618 3
1619 4
1620 4
1621 4
1622 3
1623 1
1624 3
1625 5
1626 3
1627 4
1628 4
1629 3
1630 3
1631 3
1632 3
1633 3
1634 2
1635 1
1636 4
1637 4
1638 4
1639 4
1640 4
1641 3
1642 3
1643 2
1644 3
1645 3
1646 2
1647 3
1648 2
1649 3
1650 2
1651 1
1652 2
1653 1
1654 1
1655 1
1656 2
1657 1
1658 1
1659 1
1660 1
1661 1
1662 1
1663 5
1664 4
1665 2
1666 4
1667 3
1668 3
1669 3
1670 2
1671 4
1672 4
1673 3
1674 3
1675 3
1676 1
1677 1
1678 1
1679 1
1680 2
1681 4
1682 4
1683 4
1684 4
1685 4
1686 5
1687 4
1688 4
1689 4
1690 4
1691 3
1692 2
1693 3
1694 2
1695 3
1696 4
1697 3
1698 3
1699 1
1700 3
1701 5
1702 3
1703 2
1704 3
1705 3
1706 3
1707 4
1708 2
1709 2
1710 2
1711 2
1712 2
1713 1
1714 2
1715 1
1716 2
1717 2
1718 2
1719 1
1720 2
1721 4
1722 4
1723 3
1724 4
1725 3
1726 2
1727 3
1728 2
1729 4
1730 3
1731 3
1732 3
1733 3
1734 4
1735 3
1736 4
1737 4
1738 1
1739 3
1740 4
1741 4
1742 4
1743 4
1744 5
1745 4
1746 4
1747 3
1748 2
1749 3
1750 3
1751 2
1752 2
1753 5
1754 4
1755 4
1756 2
1757 3
1758 3
1759 3
1760 2
1761 2
1762 4
1763 4
1764 4
1765 3
1766 1
1767 1
1768 3
1769 3
1770 3
1771 3
1772 3
1773 1
1774 1
1775 4
1776 1
1777 2
1778 1
1779 4
1780 3
1781 3
1782 2
1783 2
1784 2
1785 2
1786 2
1787 3
1788 4
1789 4
1790 4
1791 3
1792 3
1793 2
1794 2
1795 2
1796 2
1797 2
1798 2
1799 2
1800 3
1801 3
1802 3
1803 3
1804 4
1805 2
1806 3
1807 2
1808 2
1809 2
1810 3
1811 4
1812 4
1813 4
1814 2
1815 2
1816 2
1817 3
1818 2
1819 1
1820 2
1821 3
1822 3
1823 2
1824 2
1825 2
1826 1
1827 4
1828 4
1829 2
1830 1
1831 2
1832 3
1833 2
1834 1
1835 1
1836 2
1837 2
1838 1
1839 1
1840 2
1841 2
1842 1
1843 1
1844 1
1845 4
1846 4
1847 3
1848 1
1849 1
1850 3
1851 3
1852 2
1853 2
1854 2
1855 4
1856 4
1857 4
1858 4
1859 2
1860 4
1861 3
1862 4
1863 3
1864 3
1865 3
1866 3
1867 3
1868 2
1869 3
1870 2
1871 2
1872 3
1873 2
1874 4
1875 3
1876 3
1877 3
1878 2
1879 4
1880 4
1881 4
1882 4
1883 4
1884 4
1885 4
1886 4
1887 2
1888 3
1889 2
1890 2
1891 2
1892 2
1893 1
1894 1
1895 2
1896 2
1897 2
1898 3
1899 3
1900 3
1901 3
1902 2
1903 2
1904 3
1905 3
1906 3
1907 2
1908 2
1909 2
1910 2
1911 3
1912 3
1913 3
1914 3
1915 2
1916 2
1917 2
1918 2
1919 3
1920 2
1921 2
1922 1
1923 3
1924 1
1925 3
1926 4
1927 2
1928 4
1929 4
1930 4
1931 2
1932 1
1933 1
1934 2
1935 1
1936 1
1937 1
1938 2
1939 1
1940 1
1941 1
1942 1
1943 4
1944 4
1945 3
1946 4
1947 1
1948 4
1949 2
1950 4
1951 4
1952 1
1953 2
1954 3
1955 3
1956 4
1957 4
1958 2
1959 2
1960 3
1961 2
1962 3
1963 1
1964 1
1965 1
1966 2
1967 1
1968 1
1969 1
1970 3
1971 3
1972 2
1973 2
1974 1
1975 1
1976 1
1977 1
1978 3
1979 3
1980 1
1981 1
1982 3
1983 1
1984 1
1985 1
1986 1
1987 1
1988 1
1989 2
1990 1
1991 1
1992 1
1993 1
1994 1
1995 1
1996 3
1997 3
1998 2
1999 4
2000 4
2001 4
2002 4
2003 4
2004 4
2005 4
2006 5
2007 4
2008 4
2009 4
2010 4
2011 4
2012 4
2013 4
2014 3
2015 4
2016 4
2017 1
2018 2
2019 2
2020 2
2021 5
2022 2
2023 2
2024 3
2025 2
2026 1
2027 1
2028 1
2029 1
2030 1
2031 2
2032 4
2033 2
2034 2
2035 2
2036 2
2037 2
2038 2
2039 4
2040 2
2041 1
2042 1
2043 1
2044 1
2045 2
2046 1
2047 2
2048 1
2049 4
2050 4
2051 4
2052 4
2053 2
2054 3
2055 2
2056 1
2057 1
2058 1
2059 4
2060 5
2061 1
2062 3
2063 2
2064 1
2065 1
2066 4
2067 2
2068 2
2069 2
2070 1
2071 1
2072 2
2073 1
2074 1
2075 4
2076 4
2077 4
2078 1
2079 1
2080 1
2081 1
2082 1
2083 2
2084 1
2085 2
2086 2
2087 2
2088 2
2089 4
2090 4
2091 3
2092 3
2093 3
2094 3
2095 2
2096 1
2097 1
2098 1
2099 1
2100 1
2101 2
2102 4
2103 1
2104 4
2105 4
2106 2
2107 3
2108 4
2109 3
2110 4
2111 4
2112 3
2113 1
2114 2
2115 1
2116 2
2117 3
2118 1
2119 1
2120 2
2121 2
2122 2
2123 2
2124 1
2125 2
2126 2
2127 1
2128 2
2129 1
2130 3
2131 1
2132 1
2133 1
2134 1
2135 1
2136 1
2137 1
2138 1
2139 1
2140 1
2141 3
2142 2
2143 3
2144 3
2145 2
2146 1
2147 1
2148 2
2149 2
2150 3
2151 3
2152 1
2153 4
2154 1
2155 2
2156 2
2157 3
2158 2
2159 3
2160 4
2161 4
2162 4
2163 4
2164 4
2165 4
2166 2
2167 4
2168 4
2169 4
2170 4
2171 2
2172 4
2173 2
2174 3
2175 2
2176 4
2177 4
2178 1
2179 1
2180 1
2181 2
2182 2
2183 1
2184 3
2185 3
2186 3
2187 2
2188 2
2189 1
2190 3
2191 3
2192 3
2193 3
2194 2
2195 2
2196 4
2197 1
2198 2
2199 2
2200 1
2201 3
2202 2
2203 2
2204 1
2205 2
2206 3
2207 1
2208 3
2209 2
2210 2
2211 1
2212 1
2213 4
2214 4
2215 2
2216 1
2217 3
2218 2
2219 1
2220 2
2221 1
2222 2
2223 2
2224 2
2225 2
2226 2
2227 2
2228 1
2229 3
2230 3
2231 2
2232 2
2233 2
2234 2
2235 4
2236 1
2237 2
2238 1
2239 1
2240 2
2241 2
2242 1
2243 1
2244 1
2245 1
2246 1
2247 1
2248 3
2249 2
2250 1
2251 2
2252 2
2253 2
2254 1
2255 1
2256 2
2257 2
2258 3
2259 3
2260 2
2261 1
2262 1
2263 1
2264 2
2265 3
2266 4
2267 2
2268 2
2269 2
2270 2
2271 1
2272 1
2273 1
2274 2
2275 1
2276 1
2277 1
2278 1
2279 1
2280 1
2281 1
2282 1
2283 2
2284 1
2285 1
2286 1
2287 1
2288 2
2289 1
2290 1
2291 2
2292 4
2293 2
2294 2
2295 1
2296 2
2297 1
2298 2
2299 3
2300 1
2301 2
2302 3
2303 1
2304 4
2305 3
2306 2
2307 1
2308 1
2309 1
2310 1
2311 4
2312 1
2313 2
2314 4
2315 4
2316 4
2317 3
2318 1
2319 1
2320 1
2321 2
2322 3
2323 4
2324 4
2325 2
2326 1
2327 1
2328 2
2329 2
2330 2
2331 1
2332 2
2333 1
2334 1
2335 1
2336 1
2337 1
2338 1
2339 1
2340 1
2341 1
2342 1
2343 2
2344 2
2345 2
2346 2
2347 3
2348 2
2349 4
2350 1
2351 1
2352 1
2353 1
2354 1
2355 4
2356 1
2357 2
2358 1
2359 1
2360 1
2361 2
2362 1
2363 1
2364 1
2365 1
2366 1
2367 1
2368 2
2369 2
2370 1
2371 2
2372 4
2373 1
2374 2
2375 2
2376 4
2377 2
2378 1
2379 1
2380 1
2381 2
2382 4
2383 2
2384 2
2385 1
2386 1
2387 1
2388 1
2389 2
2390 1
2391 2
2392 2
2393 4
2394 1
2395 1
2396 1
2397 1
2398 1
2399 1
2400 1
2401 2
2402 2
2403 2
2404 1
2405 2
2406 1
2407 3
2408 2
2409 3
2410 2
2411 1
2412 1
2413 4
2414 1
2415 1
2416 1
2417 4
2418 4
2419 1
2420 1
2421 1
2422 3
2423 3
2424 3
2425 3
2426 1
2427 1
2428 4
2429 1
2430 4
2431 2
2432 1
2433 3
2434 1
2435 1
2436 1
2437 2
2438 1
2439 2
2440 1
2441 1
2442 1
2443 1
2444 1
2445 4
2446 2
2447 2
2448 4
2449 4
2450 2
2451 3
2452 2
2453 2
2454 4
2455 3
2456 3
2457 2
2458 4
2459 1
2460 1
2461 1
2462 2
2463 2
2464 2
2465 2
2466 4
2467 1
2468 4
2469 2
2470 4
2471 2
2472 2
2473 1
2474 1
2475 4
2476 4
2477 1
2478 1
2479 1
2480 1
2481 1
2482 2
2483 1
2484 1
2485 1
2486 1
2487 1
2488 1
2489 1
2490 1
2491 1
2492 2
2493 4
2494 1
2495 1
2496 1
2497 1
2498 1
2499 1
2500 1
2501 2
2502 2
2503 3
2504 1
2505 1
2506 1
2507 1
2508 1
2509 1
2510 1
2511 1
2512 2
2513 2
2514 1
2515 1
2516 2
2517 3
2518 4
2519 4
2520 4
2521 4
2522 4
2523 1
2524 2
2525 2
2526 1
2527 1
2528 1
2529 1
2530 3
2531 2
2532 1
2533 1
2534 1
2535 1
2536 1
2537 1
2538 1
2539 1
2540 1
2541 1
2542 2
2543 1
2544 4
2545 4
2546 4
2547 2
2548 2
2549 4
2550 4
2551 4
2552 2
2553 2
2554 4
2555 2
2556 1
2557 4
2558 2
2559 4
2560 2
2561 2
2562 4
2563 2
2564 2
2565 2
2566 1
2567 1
2568 1
2569 1
2570 1
2571 1
2572 2
2573 1
2574 1
2575 1
2576 1
2577 1
2578 1
2579 1
2580 1
2581 1
2582 1
2583 1
2584 1
2585 1
2586 1
2587 1
2588 1
2589 1
2590 1
2591 1
2592 1
2593 1
2594 1
2595 1
2596 1
2597 1
2598 1
2599 1
2600 2
2601 2
2602 2
2603 2
2604 1
2605 1
2606 2
2607 2
2608 2
2609 1
2610 1
2611 1
2612 2
2613 2
2614 1
2615 1
2616 1
2617 1
2618 1
2619 2
2620 2
2621 2
2622 2
2623 2
2624 2
2625 1
2626 1
2627 1
2628 1
2629 1
2630 1
2631 1
2632 1
2633 1
2634 1
2635 1
2636 1
2637 1
2638 1
2639 4
2640 2
2641 2
2642 1
2643 1
2644 1
2645 1
2646 1
2647 1
2648 1
2649 1
2650 1
2651 1
2652 2
2653 2
2654 1
2655 1
2656 1
2657 1
2658 1
2659 1
2660 3
2661 2
2662 2
2663 1
2664 1
2665 1
2666 2
2667 1
2668 1
2669 1
2670 1
2671 1
2672 1
2673 1
2674 1
2675 2
2676 2
2677 2
2678 1
2679 4
2680 1
2681 2
2682 1
2683 1
2684 1
2685 2
2686 1
2687 1
2688 1
2689 1
2690 1
2691 1
2692 2
2693 1
2694 3
2695 2
2696 3
2697 1
2698 1
2699 1
2700 1
2701 1
2702 1
2703 1
2704 1
2705 1
2706 2
2707 3
