0 3 
1 3 
2 3 
3 4 
4 5 
5 5 
6 5 
7 5 
8 5 
9 5 
10 5 
11 5 
12 5 
13 4 
14 4 
15 5 
16 5 
17 5 
18 5 
19 5 
20 5 
21 5 
22 5 
23 5 
24 5 
25 5 
26 5 
27 5 
28 4 
29 5 
30 5 
31 5 
32 5 
33 5 
34 5 
35 5 
36 5 
37 5 
38 5 
39 3 
40 5 
41 4 
42 3 
43 5 
44 4 
45 5 
46 1 
47 4 
48 5 
49 4 
50 5 
51 5 
52 5 
53 5 
54 5 
55 5 
56 5 
57 4 
58 5 
59 5 
60 4 
61 5 
62 5 
63 5 
64 4 
65 5 
66 4 
67 4 
68 5 
69 5 
70 5 
71 5 
72 4 
73 5 
74 4 
75 3 
76 5 
77 5 
78 5 
79 4 
80 5 
81 4 
82 4 
83 4 
84 3 
85 4 
86 3 
87 4 
88 5 
89 3 
90 4 
91 4 
92 5 
93 3 
94 5 
95 4 
96 4 
97 5 
98 4 
99 4 
100 3 
101 2 
102 3 
103 4 
104 4 
105 2 
106 2 
107 3 
108 2 
109 3 
110 2 
111 3 
112 2 
113 5 
114 4 
115 5 
116 3 
117 4 
118 4 
119 2 
120 4 
121 4 
122 5 
123 5 
124 4 
125 3 
126 3 
127 3 
128 4 
129 4 
130 4 
131 4 
132 4 
133 4 
134 4 
135 5 
136 5 
137 3 
138 5 
139 5 
140 4 
141 3 
142 3 
143 2 
144 4 
145 4 
146 4 
147 4 
148 4 
149 4 
150 4 
151 2 
152 3 
153 4 
154 3 
155 2 
156 4 
157 4 
158 3 
159 3 
160 3 
161 2 
162 2 
163 2 
164 2 
165 5 
166 5 
167 4 
168 4 
169 3 
170 4 
171 5 
172 5 
173 4 
174 4 
175 4 
176 4 
177 2 
178 2 
179 3 
180 4 
181 4 
182 4 
183 3 
184 3 
185 2 
186 4 
187 5 
188 3 
189 2 
190 4 
191 3 
192 3 
193 3 
194 4 
195 5 
196 3 
197 4 
198 4 
199 4 
200 3 
201 2 
202 3 
203 4 
204 2 
205 5 
206 5 
207 2 
208 2 
209 4 
210 2 
211 2 
212 3 
213 3 
214 4 
215 3 
216 4 
217 4 
218 2 
219 4 
220 2 
221 4 
222 3 
223 2 
224 3 
225 3 
226 3 
227 3 
228 2 
229 2 
230 2 
231 3 
232 3 
233 2 
234 2 
235 2 
236 4 
237 4 
238 3 
239 3 
240 3 
241 3 
242 3 
243 2 
244 2 
245 3 
246 2 
247 3 
248 2 
249 4 
250 4 
251 3 
252 1 
253 2 
254 2 
255 2 
256 2 
257 2 
258 2 
259 2 
260 3 
261 3 
262 3 
263 3 
264 2 
265 2 
266 2 
267 3 
268 3 
269 2 
270 3 
271 3 
272 3 
273 3 
274 3 
275 3 
276 3 
277 3 
278 3 
279 3 
280 3 
281 3 
282 2 
283 3 
284 3 
285 2 
286 3 
287 3 
288 2 
289 2 
290 2 
291 2 
292 2 
293 1 
294 1 
295 1 
296 1 
297 1 
298 2 
299 3 
300 2 
301 3 
302 2 
303 2 
304 2 
305 2 
306 2 
307 2 
308 2 
309 2 
310 1 
311 2 
312 2 
313 2 
314 2 
315 2 
316 2 
317 2 
318 1 
319 2 
320 2 
321 2 
322 2 
323 2 
324 1 
325 1 
326 1 
327 1 
328 2 
329 1 
330 1 
331 1 
332 1 
333 1 
334 1 
335 1 
336 1 
337 1 
338 1 
339 1 
340 1 
341 1 
342 1 
343 1 
344 1 
345 1 
346 1 
347 1 
348 1 
349 1 
350 1 
351 1 
352 1 
353 1 
354 1 
355 1 
356 1 
357 1 
358 1 
359 1 
360 2 
361 2 
362 1 
363 1 
364 1 
365 1 
366 1 
367 1 
368 1 
369 1 
370 1 
371 1 
372 1 
373 1 
374 1 
375 1 
376 1 
377 1 
378 1 
379 1 
380 1 
381 1 
382 1 
383 1 
384 1 
385 1 
386 1 
387 1 
388 1 
389 1 
390 1 
391 1 
392 1 
393 1 
394 1 
395 1 
396 1 
397 1 
398 1 
