321 0 
396 0 
388 0 
339 0 
297 0 
359 0 
315 0 
331 0 
323 0 
397 0 
127 0 
223 0 
358 0 
332 0 
337 0 
317 0 
322 0 
296 0 
393 0 
225 0 
338 0 
357 0 
389 0 
342 0 
386 0 
385 0 
217 0 
257 0 
260 0 
256 0 
259 0 
373 0 
328 0 
324 0 
316 0 
329 0 
330 0 
319 0 
312 0 
48 0 
313 0 
350 0 
398 0 
320 0 
326 0 
348 0 
368 0 
395 0 
219 0 
394 0 
382 0 
381 0 
218 0 
258 0 
379 0 
269 0 
261 0 
369 0 
327 0 
268 0 
287 0 
304 0 
387 0 
347 0 
372 0 
364 0 
360 0 
383 0 
384 0 
371 0 
362 0 
370 0 
374 0 
377 0 
363 0 
356 0 
318 0 
343 0 
264 0 
289 0 
344 1 
340 1 
250 1 
251 1 
144 1 
353 1 
380 1 
279 1 
345 1 
361 1 
303 1 
367 1 
366 1 
290 1 
295 1 
302 1 
281 1 
365 1 
352 1 
245 1 
224 1 
262 1 
270 1 
265 1 
293 1 
180 1 
271 1 
291 1 
346 1 
227 1 
128 1 
100 1 
235 1 
272 1 
375 1 
212 1 
164 1 
209 1 
263 1 
226 1 
81 1 
267 1 
307 1 
349 1 
252 1 
341 1 
355 1 
124 1 
215 1 
376 1 
306 1 
188 1 
229 1 
284 1 
176 1 
230 1 
300 1 
237 1 
222 1 
351 1 
354 1 
335 1 
280 1 
249 1 
205 1 
378 1 
305 1 
288 1 
232 1 
115 1 
220 1 
123 1 
253 1 
201 1 
255 1 
238 1 
282 1 
200 1 
392 1 
314 1 
228 2 
211 2 
334 2 
113 2 
135 2 
203 2 
294 2 
285 2 
236 2 
391 2 
28 2 
283 2 
390 2 
333 2 
112 2 
276 2 
150 2 
210 2 
309 2 
336 2 
254 2 
246 2 
241 2 
111 2 
277 2 
308 2 
299 2 
108 2 
149 2 
231 2 
278 2 
273 2 
145 2 
274 2 
125 2 
189 2 
185 2 
325 2 
298 2 
202 2 
310 2 
157 2 
198 2 
153 2 
266 2 
213 2 
286 2 
181 2 
234 2 
196 2 
240 2 
186 2 
194 2 
311 2 
233 2 
197 2 
42 2 
242 2 
85 2 
1 2 
275 2 
199 2 
301 2 
193 2 
109 2 
160 2 
2 2 
77 2 
0 2 
129 2 
292 2 
93 2 
248 2 
247 2 
114 2 
239 2 
152 2 
192 2 
207 2 
206 2 
120 3 
156 3 
187 3 
117 3 
204 3 
161 3 
107 3 
179 3 
216 3 
178 3 
44 3 
183 3 
118 3 
95 3 
122 3 
184 3 
214 3 
89 3 
147 3 
68 3 
148 3 
59 3 
175 3 
97 3 
136 3 
177 3 
116 3 
171 3 
221 3 
92 3 
174 3 
168 3 
244 3 
158 3 
84 3 
173 3 
14 3 
62 3 
243 3 
126 3 
133 3 
167 3 
76 3 
103 3 
140 3 
166 3 
110 3 
137 3 
32 3 
99 3 
86 3 
151 3 
141 3 
83 3 
121 3 
170 3 
132 3 
49 3 
130 3 
165 3 
96 3 
66 3 
101 3 
98 3 
146 3 
12 3 
195 3 
134 3 
88 3 
3 3 
142 3 
208 3 
51 3 
30 3 
90 3 
190 3 
172 3 
155 3 
104 3 
46 3 
13 4 
74 4 
105 4 
138 4 
182 4 
143 4 
52 4 
154 4 
57 4 
191 4 
69 4 
63 4 
64 4 
43 4 
163 4 
102 4 
25 4 
159 4 
87 4 
17 4 
29 4 
162 4 
71 4 
119 4 
169 4 
139 4 
91 4 
53 4 
75 4 
24 4 
10 4 
33 4 
41 4 
78 4 
67 4 
131 4 
31 4 
73 4 
47 4 
58 4 
15 4 
16 4 
56 4 
21 4 
7 4 
72 4 
82 4 
34 4 
11 4 
37 4 
106 4 
94 4 
50 4 
60 4 
80 4 
5 4 
79 4 
70 4 
19 4 
4 4 
39 4 
61 4 
55 4 
18 4 
40 4 
8 4 
65 4 
45 4 
22 4 
54 4 
9 4 
26 4 
6 4 
38 4 
35 4 
36 4 
23 4 
27 4 
20 4