395 1
398 1
397 1
396 1
394 1
391 1
392 1
393 1
378 1
390 1
389 1
388 1
387 1
385 1
384 1
380 1
386 1
377 1
353 1
354 1
356 1
358 1
355 1
379 1
375 1
374 1
357 1
376 1
373 1
362 1
363 1
366 1
346 1
347 1
350 1
351 1
46 1
331 1
330 1
364 1
293 1
294 1
295 1
368 1
371 1
372 1
367 1
338 1
318 1
345 1
252 1
324 1
327 1
369 1
383 1
325 1
341 1
342 1
348 1
349 1
352 1
337 1
326 1
382 1
254 1
344 1
370 1
265 1
365 1
381 1
332 1
333 1
334 1
336 1
339 1
340 1
343 1
296 1
335 1
306 1
297 1
322 2
319 2
307 2
359 2
329 2
259 2
253 2
207 2
312 2
315 2
310 2
328 2
178 2
258 2
255 2
257 2
256 2
248 2
313 2
321 2
320 2
201 2
304 2
228 2
218 2
110 2
269 2
230 2
204 2
185 2
361 2
311 2
360 2
316 2
298 2
119 2
244 2
229 2
161 2
177 2
286 2
291 2
282 2
285 2
302 2
208 2
264 2
223 2
163 2
292 2
305 2
108 2
303 2
220 2
151 2
112 2
284 2
246 2
101 2
300 2
143 2
141 2
260 2
317 2
233 2
289 2
280 2
262 2
211 2
164 2
290 2
323 2
299 2
227 2
235 2
308 2
106 2
266 2
278 2
279 2
238 3
224 3
162 3
86 3
105 3
155 3
314 3
267 3
189 3
276 3
268 3
245 3
275 3
287 3
234 3
210 3
272 3
107 3
273 3
188 3
243 3
247 3
277 3
309 3
288 3
160 3
231 3
179 3
109 3
271 3
270 3
281 3
193 3
159 3
225 3
42 3
196 3
301 3
183 3
261 3
251 3
202 3
191 3
156 3
241 3
274 3
89 3
226 3
75 3
192 3
93 3
242 3
219 3
239 3
157 3
152 3
158 3
39 3
154 3
1 3
126 3
232 3
263 3
213 3
190 3
0 3
142 3
2 3
137 3
111 3
186 3
146 3
222 3
145 3
283 3
125 3
127 3
215 3
184 3
130 3
84 4
200 4
150 4
102 4
74 4
169 4
176 4
240 4
98 4
249 4
134 4
174 4
250 4
212 4
100 4
116 4
41 4
57 4
91 4
144 4
216 4
66 4
124 4
104 4
87 4
237 4
168 4
167 4
90 4
197 4
175 4
173 4
60 4
99 4
121 4
131 4
82 4
118 4
153 4
14 4
85 4
199 4
221 4
198 4
209 4
135 4
64 4
148 4
149 4
83 4
129 4
3 4
214 4
128 4
114 4
47 4
236 4
81 4
96 4
49 4
132 4
103 4
95 4
55 4
28 4
217 4
50 4
182 4
147 4
194 4
117 4
180 4
25 4
13 4
94 4
140 4
79 4
76 4
62 4
44 4
72 5
203 5
73 5
181 5
170 5
133 5
97 5
195 5
206 5
205 5
29 5
92 5
67 5
139 5
12 5
187 5
172 5
61 5
171 5
120 5
51 5
65 5
30 5
88 5
56 5
80 5
138 5
123 5
24 5
122 5
17 5
115 5
40 5
54 5
69 5
71 5
10 5
34 5
38 5
45 5
21 5
165 5
19 5
68 5
136 5
15 5
70 5
36 5
11 5
31 5
7 5
58 5
78 5
16 5
48 5
113 5
77 5
5 5
37 5
4 5
166 5
59 5
8 5
53 5
22 5
63 5
18 5
43 5
26 5
52 5
6 5
35 5
32 5
33 5
9 5
27 5
23 5
20 5
