318 1
46 1
380 1
385 1
293 1
294 1
295 1
384 1
353 1
354 1
387 1
356 1
346 1
347 1
350 1
351 1
312 1
378 1
265 1
252 1
324 1
327 1
397 1
368 1
313 1
345 1
398 1
394 1
248 1
207 1
395 1
338 1
379 1
386 1
259 1
230 1
326 1
375 1
359 1
178 1
110 1
321 1
355 1
254 1
373 1
325 1
344 1
315 1
161 1
341 1
342 1
348 1
349 1
352 1
302 1
358 1
282 1
177 1
311 1
208 1
204 1
376 1
269 1
235 1
151 1
143 1
141 1
361 1
264 1
360 1
357 1
119 1
305 1
390 1
391 1
244 1
371 1
372 1
382 1
331 1
329 1
310 2
201 2
393 2
332 2
333 2
334 2
336 2
339 2
340 2
343 2
298 2
303 2
108 2
296 2
289 2
300 2
306 2
260 2
364 2
396 2
253 2
307 2
383 2
258 2
304 2
266 2
299 2
337 2
101 2
262 2
370 2
285 2
233 2
369 2
322 2
211 2
106 2
284 2
185 2
218 2
155 2
330 2
112 2
276 2
246 2
297 2
279 2
257 2
238 2
335 2
290 2
164 2
374 2
316 2
267 2
189 2
247 2
292 2
227 2
86 2
255 2
323 2
105 2
107 2
160 2
234 2
268 2
280 2
366 2
275 2
281 2
270 2
223 2
109 2
392 2
309 2
42 2
288 2
224 2
272 2
188 3
231 3
273 3
159 3
277 3
229 3
271 3
278 3
243 3
317 3
163 3
308 3
193 3
287 3
225 3
210 3
367 3
319 3
388 3
179 3
362 3
363 3
228 3
377 3
93 3
389 3
320 3
152 3
381 3
156 3
314 3
183 3
89 3
158 3
251 3
261 3
242 3
192 3
220 3
232 3
245 3
1 3
226 3
241 3
191 3
190 3
137 3
39 3
2 3
328 3
111 3
239 3
202 3
256 3
301 3
142 3
157 3
222 3
0 3
127 3
184 3
126 3
213 3
215 3
154 3
162 3
74 3
125 3
84 3
186 3
263 3
274 3
200 3
196 3
144 3
104 3
169 3
91 3
57 3
176 3
249 4
283 4
98 4
291 4
100 4
212 4
87 4
146 4
102 4
118 4
64 4
130 4
216 4
250 4
240 4
82 4
174 4
99 4
167 4
41 4
3 4
116 4
121 4
66 4
95 4
124 4
128 4
365 4
175 4
173 4
47 4
85 4
60 4
221 4
197 4
90 4
149 4
96 4
150 4
168 4
28 4
94 4
198 4
153 4
148 4
79 4
103 4
194 4
44 4
132 4
236 4
135 4
209 4
237 4
25 4
49 4
214 4
170 4
182 4
14 4
129 4
81 4
286 4
83 4
140 4
97 4
13 4
114 4
50 4
67 4
180 4
145 4
62 4
72 4
181 4
219 4
92 4
199 4
88 4
29 4
120 5
147 5
55 5
139 5
80 5
73 5
117 5
131 5
217 5
122 5
133 5
61 5
203 5
69 5
65 5
115 5
138 5
24 5
12 5
134 5
123 5
195 5
45 5
71 5
56 5
187 5
171 5
172 5
21 5
206 5
205 5
10 5
70 5
51 5
40 5
31 5
58 5
48 5
17 5
11 5
38 5
78 5
165 5
5 5
136 5
75 5
7 5
30 5
16 5
59 5
113 5
15 5
4 5
54 5
166 5
76 5
53 5
34 5
43 5
8 5
77 5
68 5
63 5
36 5
19 5
52 5
18 5
22 5
26 5
6 5
9 5
32 5
35 5
33 5
23 5
37 5
27 5
20 5