5335 0
5579 0
5334 0
2493 0
5443 0
4339 0
4632 0
5227 0
2912 0
3920 0
5062 0
5868 0
5852 0
4251 0
4032 0
2823 0
2824 0
4216 0
2495 0
2492 0
5882 0
5886 0
2987 0
5729 0
4770 0
5898 0
4205 0
4769 0
4646 0
3859 0
3861 0
4041 0
4338 0
5369 0
5006 0
5595 0
4758 0
5702 0
5690 0
2885 0
5505 0
5291 0
4200 0
3153 0
5469 0
5470 0
5471 0
5472 0
5473 0
4427 0
1717 0
5426 0
5427 0
4170 0
3424 0
1718 0
3426 0
3425 0
5091 0
2813 0
2815 0
5497 0
4633 0
2814 0
4127 0
4856 0
4215 0
454 0
4315 0
5272 0
5273 0
4858 0
4859 0
3514 0
4460 0
5688 0
5737 0
5734 0
2913 0
5679 0
2203 0
2204 0
2205 0
2206 0
3132 0
2005 0
2799 0
5691 0
5692 0
5374 0
3921 0
4531 0
3193 0
3194 0
5746 0
5693 0
5061 0
4852 0
2820 0
4689 0
5491 0
3828 0
5875 0
4202 0
3411 0
5835 0
5893 0
5903 0
5858 0
4647 0
5284 0
5285 0
4031 0
4771 0
4252 0
4367 0
4366 0
4027 0
4030 0
4029 0
2788 0
4028 0
4948 0
4944 0
5066 0
2207 0
135 0
136 0
3406 0
2202 0
5514 0
3381 0
5603 0
2214 0
2494 0
129 0
5625 0
2713 0
5093 0
3430 0
3432 0
3437 0
2429 0
2985 0
5446 0
2010 0
4354 0
2805 0
5820 0
3435 0
3436 0
2317 0
3079 0
4530 0
131 0
5224 0
5225 0
4651 0
4652 0
5226 0
1470 0
4204 0
132 0
5048 0
4483 0
4059 0
5805 0
4278 0
4761 0
4768 0
5815 0
5437 0
3858 0
4265 0
2009 0
2690 0
4902 0
3701 0
4919 0
5798 0
5499 0
675 0
2884 0
2883 0
2817 0
4040 0
5365 0
5366 0
2818 0
5584 0
5255 0
4075 0
4688 0
4182 0
3045 0
4197 0
5052 0
2811 0
5488 0
5122 0
5318 0
4831 0
5316 0
5845 0
5232 0
3527 0
5608 0
5609 0
5610 0
5004 0
5090 0
5533 0
5532 0
5741 0
5121 0
5682 0
4111 0
3309 0
5268 0
3438 0
2693 0
5640 0
2209 0
5179 0
4413 0
5807 0
2360 0
5583 0
2761 0
3716 0
5000 0
455 0
4291 0
457 0
458 0
456 0
5803 0
4922 0
141 0
4165 0
5319 0
5060 0
5496 0
5540 0
4845 0
5353 0
3418 0
4759 0
4201 0
5577 0
3604 0
5180 0
4921 0
2810 0
2384 0
2397 0
4863 0
4289 0
2385 0
4616 0
5463 0
3154 0
4067 0
4068 0
5616 0
5683 0
5216 0
4827 0
3922 0
4287 0
5170 0
406 0
5071 0
5607 0
4785 0
5095 0
5123 0
5237 0
4083 0
4581 0
181 0
4426 0
1696 0
5520 0
5295 0
2749 0
1719 0
5094 0
3870 0
3431 0
3433 0
4993 0
3434 0
5804 0
3723 0
3724 0
5825 0
5178 0
5321 0
5525 0
2755 0
4793 0
5559 0
3260 0
4641 0
4642 0
5892 0
5883 0
5884 0
5357 0
5721 0
4022 0
4748 0
3742 0
5600 0
4782 0
5039 0
2851 0
5399 0
4613 0
4477 0
5452 0
5543 0
4128 0
3262 0
1397 0
3345 0
4897 0
4901 0
5303 0
4850 0
5055 0
4873 0
5715 0
5550 0
4854 0
4880 0
5064 0
5063 0
366 0
605 0
606 0
2329 0
2331 0
2332 0
4011 0
3976 0
3977 0
4899 0
1536 0
5865 0
3159 0
4825 0
5638 0
4580 0
662 0
2797 0
4352 0
2822 0
5718 0
5870 0
5895 0
3935 0
3720 0
4049 0
4121 0
5085 0
5907 0
3911 0
5782 0
5859 0
5383 0
5384 0
5801 0
5269 0
2539 0
4953 0
5120 0
3443 0
663 0
2382 0
3483 0
4851 0
3484 0
5317 0
5164 0
5174 0
4622 0
3830 0
3829 0
5049 0
4656 0
5200 0
5808 0
5511 0
4313 0
5283 0
4620 0
2821 0
5281 0
5282 0
1570 0
2809 0
5684 0
4459 0
2330 0
3700 0
1528 0
5877 0
3491 0
3119 0
5518 0
5707 0
2986 0
4566 0
5623 0
5279 0
5195 0
5047 0
4499 0
4565 0
4480 0
5018 0
5168 0
3713 0
5627 0
5629 0
5628 0
4655 0
4404 0
3195 0
4942 0
4979 0
5581 0
4857 0
4855 0
5159 0
4167 0
5306 0
5301 0
2691 0
5775 0
4120 0
4357 0
4488 0
5391 0
3787 0
5249 0
2787 0
4816 0
5542 0
860 0
5572 0
3130 0
2790 0
2004 0
2434 0
4885 0
5250 0
5885 0
5181 0
5280 0
5487 0
600 0
5467 0
861 0
3187 0
5735 0
3076 0
3043 0
3029 0
2715 0
4945 0
3685 0
4508 0
2714 0
1460 0
4588 0
4142 0
3192 0
1461 0
3191 0
367 0
372 0
1410 0
3370 0
3722 0
5589 0
4853 0
5477 0
5686 0
5495 0
3128 0
5309 0
5906 0
5489 0
4943 0
5876 0
5745 0
5166 0
2730 0
5102 0
5385 0
3412 0
3181 0
2762 0
362 0
4802 0
2719 0
3178 0
5030 0
5032 0
5611 0
371 0
603 0
4503 0
4507 0
2832 0
134 0
5880 0
677 0
2786 0
3162 0
5017 0
5484 0
3569 0
4056 0
2672 0
5816 0
749 0
523 0
671 0
4791 0
2618 0
364 0
370 0
5560 0
5851 0
4384 0
5826 0
2726 0
4191 0
5112 0
500 0
3131 0
190 0
4817 0
133 0
4815 0
4558 0
4276 0
5714 0
2816 0
2789 0
673 0
3211 0
5574 0
4494 0
4220 0
3605 0
3249 0
5278 0
3120 0
5217 0
3429 0
5242 0
4308 0
987 0
2211 0
3129 0
5889 0
2936 0
3766 0
4907 0
5831 0
5534 0
3468 0
4043 0
5821 0
5738 0
797 0
178 0
5904 0
5871 0
130 0
5400 0
665 0
3735 0
5173 0
4626 0
3015 0
4163 0
4819 0
4820 0
742 0
4818 0
3655 0
2221 0
2428 0
5396 0
4787 0
2006 0
1854 0
4164 0
5428 0
4861 0
408 0
251 0
3798 0
4500 0
3796 0
3382 0
4353 0
4984 0
2844 0
1424 0
501 0
4007 0
5001 0
4319 0
5546 0
3140 0
1538 0
5393 0
5394 0
5395 0
5176 0
676 0
189 0
5786 0
5270 0
5392 0
3793 0
5710 0
5182 0
2806 0
3444 0
2585 0
5527 0
4809 0
5320 0
4448 0
5312 0
5706 0
5035 0
4135 0
5485 0
4450 0
4521 0
3823 0
4627 0
2412 0
192 0
5854 0
5855 0
2316 0
4506 0
3687 0
3686 0
4888 0
4891 0
4638 0
2242 0
4504 0
2732 0
2243 0
5468 0
4625 0
2836 0
3177 0
4889 0
4181 0
4871 0
4788 0
4518 0
3077 0
4924 0
4442 0
2013 0
746 0
87 0
4734 0
1530 0
410 0
5436 0
5537 0
3696 0
4054 0
4937 0
2364 0
5331 0
3715 0
5862 0
5596 0
5397 0
1469 0
4946 0
520 0
521 0
2812 0
4493 0
5784 0
5824 0
4206 0
4969 0
407 0
2016 0
5834 0
3395 0
1046 0
1049 0
5833 0
5082 0
522 0
5793 0
4240 0
4208 0
3905 0
913 0
5247 0
4295 0
5508 0
5861 0
1403 0
5902 0
5857 0
5847 0
3265 0
3489 0
3958 0
3804 0
5719 0
4525 0
5010 0
5167 0
5205 0
4678 0
743 0
2602 0
5359 0
5360 0
5361 0
5362 0
5363 0
5364 0
4576 0
4337 0
4538 0
1958 0
3862 0
3864 0
4451 0
2590 0
4881 0
191 0
3197 0
3198 0
3423 0
4060 0
3398 0
3863 0
2215 0
3074 0
1576 0
1578 0
5185 0
3405 0
3596 0
1575 0
3452 0
4439 0
4767 0
3566 0
1574 0
1581 0
3421 0
4728 0
1856 0
1579 0
4997 0
4789 0
3553 0
5736 0
4577 0
4583 0
5157 0
1209 0
5381 0
5154 0
1426 0
2896 0
604 0
5438 0
2315 0
4303 0
4445 0
2321 0
4796 0
5380 0
405 0
5330 0
4211 0
4517 0
2734 0
4193 0
4515 0
3417 0
4446 0
5009 0
2733 0
5863 0
4196 0
4900 0
5840 0
4591 0
3995 0
3946 0
3078 0
3860 0
1451 0
5828 0
2018 0
3656 0
5818 0
4263 0
4262 0
5571 0
5869 0
5879 0
2655 0
3866 0
415 0
416 0
5229 0
2591 0
607 0
5015 0
3595 0
3450 0
4830 0
5769 0
4441 0
3702 0
2819 0
4976 0
3568 0
3567 0
4733 0
4042 0
5856 0
4187 0
2012 0
5429 0
4449 0
5162 0
3571 0
4294 0
369 0
5020 0
5023 0
4649 0
2319 0
1170 0
3391 0
4047 0
3531 0
3180 0
4214 0
4190 0
1093 0
3175 0
862 0
5789 0
5398 0
2864 0
3822 0
2449 0
1535 0
4650 0
3821 0
5106 0
4076 0
1094 0
5156 0
173 0
4524 0
2771 0
4402 0
3488 0
2984 0
524 0
1076 0
907 0
5031 0
5844 0
5053 0
5580 0
139 0
5644 0
5646 0
5648 0
5649 0
5653 0
5654 0
5655 0
5656 0
5657 0
5658 0
5659 0
5660 0
5661 0
5662 0
5665 0
5668 0
5669 0
5670 0
5671 0
5672 0
5674 0
5675 0
5676 0
339 0
484 0
2513 0
4134 0
4561 0
4631 0
4653 0
4676 0
4744 0
4826 0
5175 0
5264 0
5479 0
5526 0
2579 0
3150 0
3151 0
3152 0
5647 0
5590 0
5601 0
3933 0
5324 0
3887 0
5663 0
5666 0
5673 0
1757 0
2520 0
2528 0
4692 0
3492 0
4465 0
5575 0
5576 0
2453 0
2441 0
5358 0
745 0
2413 0
2423 0
2424 0
4279 0
2840 0
5645 0
3380 0
4894 0
1152 0
5651 0
3589 0
440 0
5298 0
3149 0
5356 0
3570 0
5355 0
3817 0
1055 0
2839 0
2764 0
3932 0
3263 0
5517 0
2842 0
1413 0
4644 0
5011 0
3934 0
2770 0
5233 0
4212 0
4746 0
2419 0
4381 0
5664 0
4466 0
2584 0
5113 0
3963 0
4176 0
2932 0
4178 0
5267 0
3528 0
4729 0
4959 0
5005 0
2838 0
4970 0
5652 0
4975 0
4967 0
3592 0
4447 0
5254 0
2935 0
2843 0
2451 0
3929 0
2487 0
2669 0
5261 0
4990 0
4893 0
5092 0
2841 0
2611 0
3725 0
5605 0
5190 0
4107 0
2610 0
4516 0
5372 0
2692 0
5024 0
5257 0
2592 0
4605 0
4989 0
4118 0
2766 0
2613 0
5256 0
4403 0
3453 0
5196 0
3627 0
4468 0
4724 0
3689 0
5425 0
4177 0
4229 0
5191 0
5711 0
2359 0
5667 0
3768 0
3769 0
3770 0
3565 0
3310 0
3718 0
5524 0
4523 0
736 0
3014 0
5748 0
5749 0
2208 0
3563 0
5624 0
2933 0
5680 0
5021 0
5290 0
3593 0
4074 0
5564 0
2538 0
4467 0
2612 0
3891 0
3176 0
3392 0
4218 0
5323 0
3622 0
3831 0
3960 0
4702 0
4070 0
4958 0
4168 0
4386 0
4923 0
1385 0
5878 0
2606 0
4179 0
3719 0
5339 0
5040 0
4378 0
4807 0
4890 0
2954 0
5810 0
5454 0
5613 0
4640 0
4267 0
5026 0
3490 0
3288 0
4304 0
2760 0
4999 0
4292 0
2765 0
2450 0
3048 0
2926 0
4567 0
5510 0
3996 0
3047 0
2426 0
2654 0
5486 0
2649 0
2589 0
2587 0
142 0
5881 0
4166 0
3289 0
5475 0
5541 0
3486 0
4084 0
4119 0
5900 0
2542 0
3819 0
2609 0
5519 0
5599 0
4706 0
2422 0
4610 0
5494 0
905 0
4947 0
312 0
4475 0
4133 0
5554 0
2262 0
2527 0
4623 0
4909 0
4438 0
1848 0
4474 0
2651 0
320 0
5193 0
5905 0
5253 0
5022 0
5218 0
4394 0
4452 0
4903 0
5263 0
3962 0
3898 0
5067 0
5464 0
5890 1
5720 1
5843 1
5432 1
4241 1
3607 1
4051 1
5238 1
502 1
3896 1
3706 1
3590 1
425 1
4968 1
4992 1
2934 1
1448 1
5602 1
4710 1
4716 1
404 1
3350 1
3930 1
422 1
3931 1
4328 1
5311 1
4188 1
3393 1
5591 1
2728 1
2398 1
4186 1
2489 1
3389 1
1443 1
4194 1
2486 1
4699 1
3348 1
4570 1
4209 1
5188 1
4648 1
4636 1
5406 1
1091 1
2774 1
1080 1
4520 1
4522 1
4296 1
253 1
4574 1
2607 1
2779 1
4615 1
5407 1
5340 1
5341 1
3543 1
2420 1
4454 1
1061 1
2210 1
4387 1
5327 1
2773 1
5114 1
4065 1
2534 1
4138 1
4865 1
5636 1
4069 1
4066 1
4519 1
4765 1
4995 1
4192 1
2454 1
2727 1
3470 1
5838 1
1005 1
879 1
5259 1
1442 1
4034 1
3970 1
4131 1
3261 1
1159 1
3247 1
5461 1
3762 1
4800 1
5650 1
3818 1
4730 1
3525 1
5547 1
3207 1
5557 1
5558 1
5215 1
5562 1
3624 1
2775 1
2418 1
3387 1
4228 1
5872 1
4828 1
3959 1
2536 1
2328 1
4870 1
3667 1
5277 1
4189 1
5423 1
4288 1
3901 1
4145 1
180 1
2769 1
3351 1
5643 1
4962 1
401 1
5186 1
1155 1
3594 1
5404 1
5260 1
4704 1
4526 1
4994 1
2825 1
4543 1
3975 1
4542 1
349 1
3090 1
593 1
4110 1
5262 1
3726 1
445 1
5681 1
5731 1
5874 1
2027 1
5713 1
2485 1
3947 1
3493 1
5326 1
4971 1
5201 1
4227 1
4484 1
4175 1
2908 1
3717 1
1138 1
3820 1
4147 1
5864 1
4590 1
3897 1
2443 1
2267 1
997 1
2445 1
968 1
2491 1
2447 1
4731 1
2523 1
2524 1
3826 1
3827 1
3992 1
1697 1
3476 1
3741 1
1144 1
5037 1
3825 1
447 1
5194 1
3139 1
5764 1
5765 1
973 1
2748 1
5763 1
5544 1
3347 1
4122 1
4123 1
5197 1
1146 1
4868 1
568 1
3949 1
2795 1
4572 1
3630 1
2425 1
2490 1
2845 1
2868 1
4714 1
3618 1
3225 1
5626 1
5704 1
5740 1
5768 1
4582 1
4318 1
5079 1
4553 1
5568 1
5377 1
449 1
3455 1
3659 1
4400 1
4174 1
2541 1
2543 1
4803 1
1083 1
3657 1
4471 1
5642 1
5634 1
5530 1
5155 1
124 1
5376 1
5811 1
5388 1
2772 1
1743 1
4614 1
5294 1
5848 1
5371 1
3869 1
3229 1
4875 1
3867 1
4081 1
3373 1
4991 1
4497 1
4749 1
5422 1
3474 1
5474 1
3888 1
2717 1
3515 1
1852 1
4485 1
2763 1
3623 1
4078 1
4637 1
2223 1
3631 1
2222 1
3404 1
3526 1
4721 1
4624 1
2484 1
4551 1
5107 1
4799 1
4549 1
5606 1
2794 1
4453 1
1537 1
2631 1
2731 1
86 1
3619 1
670 1
969 1
5246 1
5243 1
3801 1
4437 1
2729 1
5192 1
2666 1
1010 1
4559 1
4607 1
2850 1
4440 1
4148 1
1158 1
4715 1
4173 1
4643 1
4736 1
5338 1
5762 1
2444 1
359 1
3641 1
5098 1
5101 1
4783 1
3204 1
4470 1
183 1
2971 1
4757 1
2793 1
961 1
356 1
4023 1
3881 1
3399 1
4113 1
3610 1
2266 1
4501 1
1405 1
3386 1
2639 1
3396 1
350 1
2949 1
5099 1
347 1
3049 1
5635 1
5100 1
3349 1
3721 1
2720 1
4747 1
3524 1
2456 1
4804 1
2475 1
4283 1
4284 1
4285 1
3658 1
1740 1
4709 1
4717 1
2452 1
5730 1
5258 1
5566 1
5401 1
3051 1
4476 1
311 1
935 1
2689 1
351 1
5171 1
3234 1
4711 1
3529 1
3118 1
5506 1
3522 1
3519 1
5799 1
3636 1
4298 1
4529 1
1465 1
3521 1
5767 1
5837 1
3884 1
1722 1
4050 1
3446 1
3449 1
2674 1
795 1
5379 1
5829 1
5305 1
2852 1
3650 1
5490 1
4974 1
5322 1
5302 1
5809 1
3220 1
4708 1
3523 1
4129 1
4160 1
1555 1
4898 1
5492 1
5493 1
5639 1
3325 1
4472 1
368 1
374 1
2846 1
5565 1
5747 1
3558 1
1398 1
878 1
5413 1
4896 1
2977 1
2978 1
2979 1
2980 1
5549 1
5866 1
5850 1
5304 1
2265 1
2750 1
3613 1
2458 1
3238 1
602 1
5054 1
2722 1
5716 1
4326 1
4207 1
4874 1
3244 1
1724 1
989 1
3836 1
5787 1
5788 1
2026 1
5460 1
5051 1
3052 1
2620 1
5724 1
1457 1
1453 1
5158 1
5728 1
2213 1
1000 1
4405 1
4388 1
4389 1
361 1
5773 1
5774 1
360 1
4726 1
4535 1
1085 1
4219 1
5096 1
5723 1
2007 1
2008 1
5860 1
5529 1
5796 1
5097 1
3083 1
1412 1
3306 1
3199 1
4544 1
5555 1
5819 1
2372 1
2374 1
4277 1
2615 1
2594 1
4012 1
5313 1
3692 1
1741 1
2369 1
2370 1
2373 1
5451 1
2395 1
4718 1
4690 1
4895 1
2000 1
3055 1
4266 1
3611 1
4195 1
182 1
4528 1
5332 1
4794 1
664 1
4886 1
5276 1
2263 1
4795 1
2614 1
3058 1
4719 1
4686 1
2785 1
310 1
1800 1
4869 1
3943 1
3233 1
3771 1
3772 1
2619 1
974 1
5068 1
981 1
4575 1
5315 1
5637 1
3639 1
3800 1
5108 1
5325 1
3948 1
2617 1
100 1
2723 1
3394 1
5308 1
1145 1
1142 1
3200 1
2854 1
991 1
732 1
3812 1
1157 1
2997 1
979 1
1553 1
2964 1
2652 1
2697 1
4829 1
2798 1
5177 1
1009 1
3997 1
4571 1
5307 1
5760 1
194 1
967 1
4399 1
4964 1
1140 1
3733 1
3983 1
2968 1
5228 1
2974 1
2972 1
3698 1
4407 1
1089 1
5726 1
5727 1
4150 1
5354 1
5501 1
5725 1
5382 1
4810 1
2998 1
3442 1
5265 1
3456 1
5597 1
2411 1
2350 1
3981 1
3986 1
3987 1
3989 1
3990 1
2725 1
4136 1
3482 1
5687 1
5592 1
1161 1
5853 1
1078 1
2724 1
3781 1
3780 1
3782 1
4063 1
5459 1
5033 1
674 1
3806 1
5403 1
3629 1
4149 1
4985 1
976 1
3779 1
4784 1
4952 1
5119 1
505 1
4860 1
980 1
5408 1
5019 1
2605 1
2600 1
2383 1
4489 1
4697 1
3215 1
982 1
4062 1
4745 1
3485 1
3974 1
2393 1
4044 1
580 1
3560 1
1151 1
2521 1
5239 1
1008 1
5531 1
1853 1
4014 1
4432 1
3530 1
3361 1
3904 1
2335 1
4982 1
5116 1
3360 1
2700 1
3895 1
2404 1
2533 1
4680 1
3141 1
966 1
3967 1
5585 1
4645 1
1082 1
357 1
917 1
3951 1
4657 1
4469 1
2778 1
373 1
5755 1
5757 1
4707 1
5478 1
5761 1
4682 1
1384 1
1841 1
5044 1
4314 1
877 1
4812 1
4140 1
2255 1
2753 1
3280 1
2304 1
591 1
2721 1
5445 1
5204 1
5593 1
2349 1
3678 1
5458 1
4573 1
2744 1
4701 1
1529 1
4981 1
4687 1
4705 1
5739 1
5515 1
5241 1
5795 1
1571 1
1850 1
4098 1
2264 1
2643 1
4978 1
2394 1
5817 1
4430 1
5538 1
5582 1
1150 1
3458 1
3459 1
5641 1
3803 1
5536 1
3121 1
1148 1
2860 1
992 1
5057 1
5297 1
4382 1
3327 1
4307 1
5453 1
1162 1
3056 1
2656 1
2859 1
5077 1
4073 1
2601 1
4433 1
3378 1
3379 1
931 1
5333 1
2791 1
3163 1
3164 1
5521 1
3714 1
1720 1
5266 1
2017 1
5523 1
5110 1
5342 1
2872 1
4456 1
4457 1
4455 1
2653 1
4756 1
5535 1
3465 1
4080 1
3621 1
4681 1
5109 1
3037 1
2657 1
2313 1
4487 1
680 1
3091 1
2599 1
5389 1
4217 1
5375 1
4379 1
2802 1
1381 1
2716 1
4540 1
4541 1
2604 1
2140 1
5296 1
4230 1
4231 1
2338 1
4821 1
2909 1
4906 1
3011 1
5433 1
5434 1
4385 1
3400 1
5435 1
5042 1
2341 1
1153 1
4462 1
5244 1
3236 1
5080 1
3926 1
5043 1
2430 1
970 1
2334 1
3795 1
5013 1
5415 1
1002 1
3397 1
4348 1
4349 1
4350 1
2956 1
4801 1
2608 1
4033 1
2928 1
3359 1
2680 1
3520 1
859 1
3518 1
3893 1
5169 1
1156 1
4755 1
830 1
3807 1
5700 1
2597 1
4684 1
3632 1
1050 1
3653 1
4172 1
4115 1
1727 1
5539 1
352 1
1736 1
4887 1
2145 1
4552 1
1135 1
5412 1
5343 1
5345 1
672 1
2882 1
4064 1
363 1
3071 1
3940 1
3993 1
5346 1
4221 1
2002 1
2567 1
3344 1
2570 1
2465 1
4316 1
2595 1
965 1
2927 1
5822 1
2596 1
880 1
5213 1
431 1
2336 1
5414 1
428 1
5553 1
2167 1
3555 1
3786 1
4725 1
2514 1
3023 1
1738 1
4416 1
4996 1
439 1
2628 1
1141 1
3638 1
2668 1
327 1
5618 1
2929 1
5349 1
2586 1
4116 1
2583 1
2588 1
2581 1
4431 1
2875 1
2578 1
2580 1
3961 1
5189 1
5344 1
5089 1
1802 1
2880 1
5348 1
510 1
2830 1
4249 1
3672 1
2930 1
4380 1
3670 1
4185 1
914 1
2747 1
5500 1
5029 1
3669 1
4547 1
4545 1
437 1
3478 1
2433 1
4125 1
590 1
2796 1
3688 1
5161 1
5841 1
3239 1
3113 1
3797 1
4392 1
2870 1
4792 1
1137 1
96 1
3363 1
984 1
3032 1
2164 1
1092 1
4960 1
1695 1
81 1
1729 1
2387 1
3035 1
3644 1
3634 1
4966 1
3799 1
1559 1
2709 1
261 1
2698 1
3710 1
3835 1
1154 1
5041 1
114 1
4203 1
4892 1
5172 1
3039 1
5402 1
4435 1
5569 1
3998 1
430 1
3069 1
3778 1
601 1
4180 1
2874 1
3480 1
3356 1
420 1
450 1
4171 1
2703 1
1006 1
4621 1
1572 1
5631 1
2577 1
1730 1
3179 1
4988 1
2970 1
4677 1
932 1
3075 1
3554 1
2705 1
4213 1
919 1
3028 1
3044 1
2876 1
2641 1
3734 1
1735 1
4949 1
426 1
5248 1
5758 1
3802 1
1456 1
1090 1
1462 1
2598 1
3815 1
3816 1
3544 1
4509 1
999 1
119 1
1742 1
5512 1
5153 1
419 1
937 1
4844 1
3675 1
1136 1
3868 1
2865 1
4141 1
4434 1
4986 1
3814 1
3352 1
4342 1
1210 1
2925 1
1839 1
1552 1
5846 1
3463 1
471 1
3628 1
2867 1
2318 1
1731 1
5823 1
5814 1
3883 1
1172 1
452 1
2337 1
99 1
2873 1
4584 1
2391 1
1409 1
451 1
3371 1
3985 1
432 1
3615 1
438 1
427 1
2170 1
2217 1
3984 1
888 1
441 1
3112 1
971 1
3694 1
2256 1
444 1
3979 1
4606 1
476 1
2676 1
3616 1
2158 1
2531 1
2706 1
4846 1
3614 1
993 1
2946 1
977 1
3776 1
685 1
185 1
1411 1
3174 1
3784 1
5370 1
89 1
5310 1
3673 1
589 1
289 1
3601 1
934 1
3612 1
111 1
3609 1
117 1
91 1
442 1
2459 1
2699 1
443 1
1725 1
3699 1
3034 1
3447 1
985 1
5677 1
5678 1
952 1
744 1
93 1
4786 1
4281 1
3811 1
2711 1
5744 1
423 1
3968 1
4390 1
5088 1
1532 1
2388 1
1275 1
1279 1
358 1
1007 1
998 1
434 1
1723 1
102 1
587 1
421 1
2701 1
4754 1
2967 1
5103 1
3705 1
4343 1
5411 1
2414 1
2415 1
424 1
3461 1
461 1
448 1
2707 1
2535 2
1250 2
1248 2
1215 2
97 2
179 2
3676 2
5405 2
3061 2
3617 2
5187 2
1344 2
2172 2
5552 2
418 2
3674 2
3902 2
435 2
1149 2
84 2
2633 2
3832 2
116 2
3654 2
1322 2
2684 2
123 2
1803 2
1086 2
1143 2
1316 2
1794 2
3135 2
3451 2
429 2
3709 2
1726 2
403 2
3704 2
596 2
436 2
2431 2
2752 2
2688 2
433 2
3235 2
1081 2
525 2
2247 2
3246 2
3865 2
106 2
108 2
4683 2
941 2
2157 2
4486 2
4169 2
2667 2
1450 2
4309 2
1546 2
5827 2
2784 2
5034 2
733 2
2777 2
2212 2
2630 2
1404 2
105 2
1452 2
2948 2
3833 2
3064 2
581 2
5800 2
734 2
5075 2
72 2
2303 2
4411 2
5754 2
1449 2
4473 2
1563 2
2920 2
988 2
2678 2
103 2
4341 2
3362 2
4732 2
1561 2
3427 2
3464 2
1567 2
5347 2
3810 2
1004 2
4843 2
1737 2
1471 2
1003 2
175 2
463 2
4346 2
5614 2
2155 2
470 2
983 2
3303 2
687 2
3212 2
3070 2
468 2
2320 2
994 2
3245 2
270 2
577 2
2642 2
5701 2
3885 2
5563 2
4268 2
5184 2
3448 2
2634 2
902 2
3625 2
2937 2
3065 2
4904 2
4753 2
1242 2
1258 2
1549 2
4505 2
3243 2
4347 2
112 2
1001 2
3422 2
3469 2
748 2
3218 2
110 2
2708 2
3969 2
3791 2
3586 2
2025 2
3060 2
1087 2
582 2
3353 2
121 2
482 2
1233 2
3030 2
2907 2
900 2
2345 2
83 2
5722 2
1139 2
787 2
1540 2
2677 2
3209 2
460 2
947 2
2759 2
962 2
1739 2
4498 2
938 2
3649 2
1019 2
4335 2
193 2
4738 2
4592 2
5070 2
975 2
4077 2
2911 2
195 2
3908 2
453 2
1037 2
3808 2
480 2
3679 2
464 2
137 2
2049 2
2053 2
2057 2
2058 2
2060 2
2065 2
2079 2
2087 2
2104 2
2107 2
2126 2
1547 2
2673 2
3084 2
3682 2
5709 2
4321 2
2696 2
2966 2
3834 2
4691 2
1548 2
3813 2
3134 2
2117 2
2063 2
960 2
2121 2
1324 2
2133 2
1425 2
735 2
5522 2
2218 2
4586 2
954 2
739 2
5806 2
4235 2
4823 2
4824 2
4955 2
2111 2
2150 2
3732 2
4242 2
3693 2
3308 2
1281 2
3231 2
3213 2
4739 2
483 2
5087 2
1551 2
2162 2
3481 2
2502 2
3645 2
4250 2
3000 2
2310 2
579 2
2742 2
118 2
2169 2
2152 2
4822 2
3089 2
3671 2
5617 2
2460 2
5444 2
2529 2
765 2
4698 2
2416 2
2792 2
3057 2
798 2
3582 2
889 2
3264 2
1406 2
3809 2
3647 2
4233 2
4495 2
4137 2
5078 2
446 2
462 2
2751 2
2120 2
950 2
957 2
104 2
949 2
2069 2
1232 2
2137 2
4391 2
504 2
2311 2
1339 2
477 2
2348 2
3882 2
4587 2
2110 2
2138 2
2679 2
958 2
2833 2
2125 2
3010 2
775 2
1287 2
2163 2
3890 2
951 2
1346 2
5231 2
252 2
3894 2
4579 2
3928 2
906 2
3170 2
481 2
668 2
3773 2
3790 2
78 2
1079 2
1957 2
473 2
509 2
571 2
946 2
1077 2
5770 2
912 2
3059 2
886 2
115 2
5705 2
2165 2
2405 2
2410 2
3910 2
3626 2
2408 2
2399 2
2401 2
2403 2
2406 2
2011 2
3214 2
2352 2
3856 2
2402 2
948 2
2505 2
1268 2
953 2
2409 2
1791 2
2400 2
667 2
892 2
90 2
3994 2
5708 2
586 2
2438 2
1259 2
92 2
2683 2
3635 2
2464 2
122 2
5513 2
910 2
2670 2
2100 2
5449 2
2482 2
3354 2
1084 2
375 2
2503 2
1226 2
2756 2
4723 2
1566 2
2086 2
3299 2
1216 2
5076 2
1842 2
376 2
3651 2
1782 2
3648 2
3401 2
4232 2
2116 2
2132 2
916 2
4210 2
2071 2
4585 2
2856 2
956 2
3357 2
1060 2
959 2
472 2
3466 2
4336 2
1074 2
2052 2
2072 2
588 2
3467 2
2080 2
1244 2
2095 2
2144 2
3227 2
583 2
2118 2
2114 2
1955 2
389 2
3031 2
4005 2
901 2
171 2
3420 2
3681 2
1439 2
2718 2
2537 2
475 2
3293 2
2113 2
899 2
5050 2
4556 2
2131 2
308 2
884 2
897 2
2168 2
2327 2
2077 2
2112 2
4155 2
2837 2
3477 2
2576 2
125 2
2776 2
1223 2
1224 2
2149 2
2161 2
4973 2
2023 2
1073 2
5286 2
3232 2
4987 2
305 2
3591 2
2512 2
5219 2
4345 2
3680 2
1220 2
2089 2
391 2
802 2
3230 2
2463 2
1320 2
1325 2
3677 2
2122 2
1328 2
3033 2
2096 2
2944 2
2091 2
829 2
4695 2
1271 2
2767 2
2671 2
4527 2
3116 2
2082 2
2151 2
2501 2
5457 2
3368 2
4963 2
3067 2
2119 2
2097 2
2363 2
2895 2
5223 2
3086 2
3564 2
3587 2
1301 2
995 2
459 2
2064 2
3646 2
3093 2
740 2
469 2
387 2
2146 2
1321 2
4364 2
4090 2
1228 2
2054 2
1333 2
485 2
5466 2
4478 2
1288 2
2128 2
1147 2
2014 2
2582 2
1323 2
479 2
5578 2
465 2
1274 2
5202 2
1293 2
262 2
2130 2
1495 2
1263 2
1040 2
2532 2
2143 2
4072 2
4071 2
2160 2
1029 2
2307 2
2142 2
1261 2
1459 2
1238 2
1780 2
1337 2
1234 2
390 2
382 2
1312 2
2650 2
2015 2
2309 2
578 2
4905 2
3740 2
3228 2
3805 2
466 2
1240 2
2153 2
5287 2
1338 2
2314 2
1251 2
409 2
2869 2
2136 2
3652 2
1241 2
779 2
978 2
4126 2
467 2
1787 2
2455 2
990 2
383 2
2139 2
385 2
1808 2
2076 2
1342 2
3892 2
388 2
2075 2
2216 2
3584 2
3302 2
1035 2
4311 2
1057 2
2435 2
4053 2
2530 2
3036 2
2448 2
4310 2
599 2
399 2
2442 2
2061 2
2446 2
2440 2
1455 2
1786 2
3753 2
2124 2
3708 2
3909 2
1447 2
1280 2
885 2
2365 2
1340 2
2134 2
4124 2
3355 2
307 2
2250 2
5442 2
518 2
88 2
3190 2
887 2
4355 2
1059 2
3900 2
4496 2
1334 2
1056 2
3664 2
1294 2
3088 2
2259 2
3878 2
2246 2
269 2
1541 2
5842 2
1744 2
3457 2
5503 2
5502 2
4300 2
3487 2
200 2
5612 2
3114 2
3388 2
896 2
4114 2
904 2
3085 2
2342 2
3944 2
2001 2
4161 2
2339 2
1792 2
188 2
1243 2
3460 2
3853 2
5448 2
2664 2
5045 2
3855 2
903 2
1044 2
2066 2
1790 2
4015 2
1054 2
4956 2
1282 2
4482 2
277 2
3777 2
1438 2
939 2
1213 2
2305 2
1171 2
5221 2
128 2
1601 2
3736 2
1262 2
2258 2
5199 2
1237 2
1063 2
1072 2
1068 2
3173 2
1544 2
1311 2
5292 2
1308 2
1284 2
3340 2
1721 2
2782 2
3298 2
4479 2
3138 2
280 2
1329 2
1298 2
3367 2
1070 2
808 2
1331 2
1266 2
3066 2
1315 2
5465 2
1020 2
1303 2
3581 2
3774 2
812 2
283 2
1066 2
3087 2
1064 2
4694 2
4589 2
816 2
1307 2
275 2
4879 2
392 2
4097 2
393 2
3754 2
1069 2
1239 2
1296 2
2059 2
3999 2
1249 2
478 2
197 2
3025 2
4419 2
818 2
1065 2
3971 2
1799 2
1793 2
1062 2
324 2
2857 2
1774 2
379 2
286 2
598 2
4330 2
3707 2
1796 2
285 2
5421 2
2603 2
4002 2
2800 2
2768 2
514 2
5240 2
1343 2
3364 2
5717 2
1812 2
4594 2
4596 2
4599 2
2644 2
517 2
1252 2
323 2
2955 2
2244 2
1277 2
1175 2
1446 2
1950 2
2658 2
3643 2
2326 2
5230 2
1317 2
1335 2
4225 2
2092 2
2105 2
1573 2
881 2
321 2
1314 2
4280 2
1187 2
3982 2
2166 2
4713 2
398 2
3583 2
4533 2
377 2
1254 2
3907 2
1295 2
3744 2
5699 2
4764 2
2919 2
5779 2
1341 2
567 2
2220 2
1543 2
737 2
1809 2
1291 2
187 2
397 2
1222 2
2340 2
1265 2
2156 2
3099 2
1616 2
1230 2
5220 2
5836 2
5328 2
1847 2
4057 2
4712 2
4514 2
5390 2
2056 2
4226 2
1309 2
3105 2
94 2
3098 2
384 2
3372 2
4693 2
1235 2
4720 2
1026 2
400 2
769 2
1761 2
3107 2
1276 2
1023 2
3633 2
1290 2
2081 2
4410 2
1047 2
5420 2
515 2
378 2
3739 2
2173 2
3062 2
5025 2
474 2
1798 2
2897 2
395 2
4393 2
4331 2
3100 2
499 2
1052 2
1255 2
5028 2
5439 2
2427 2
1236 2
3637 2
890 2
4635 2
1045 2
2855 2
2497 2
1299 2
2325 2
1327 2
1269 2
1297 2
2661 2
781 2
1013 2
4957 2
186 2
1539 2
2322 2
3662 2
1256 2
1217 2
2098 2
3419 2
5336 2
1952 2
2504 2
394 2
2159 2
1954 2
1272 2
63 2
1300 2
3668 2
3201 2
3737 2
2101 2
2735 2
894 2
5183 2
5695 2
5696 2
5545 2
198 2
3102 2
770 2
1067 2
2356 2
5697 2
1784 2
963 2
2123 2
126 2
3095 2
3103 2
5275 2
1440 2
3104 2
2141 2
5450 2
1554 2
1286 2
4401 2
5117 2
1231 2
3955 2
2154 2
2741 2
1542 2
3027 2
2432 2
2088 2
3913 2
1813 2
2995 2
3666 2
2866 2
3206 2
5337 2
1545 2
1246 2
3336 2
5351 2
4264 2
1565 2
3562 2
5896 2
1326 2
3009 2
2171 2
3879 2
417 2
1225 2
5441 2
5567 2
2050 2
3550 2
1677 2
2702 2
4143 2
1639 2
790 2
4035 2
263 2
895 2
4322 2
2506 2
5440 2
4365 2
4247 2
5209 2
3282 2
4282 2
2251 2
4024 2
3161 2
1336 2
1746 2
911 2
1227 2
1747 2
1821 2
5163 2
1016 2
2106 2
5455 2
1285 2
1018 2
1292 2
4593 2
5419 2
1310 2
2780 2
60 2
5698 2
1041 2
288 2
576 2
2871 2
5386 2
791 2
5456 2
3916 2
893 2
789 2
5897 2
1609 2
4560 2
2421 2
828 2
3295 2
4238 2
1817 2
5115 2
2511 2
2498 2
2518 2
1783 2
972 2
3240 2
4377 2
1680 2
1332 2
1687 2
1048 2
1218 2
3183 2
5387 2
2862 2
1550 2
201 2
3912 2
986 2
1283 2
3281 2
5222 2
908 2
1318 2
1219 2
1855 2
5733 2
4808 2
3172 2
3915 2
3918 2
3106 2
411 2
4665 2
322 2
1673 2
4100 2
4436 2
4130 2
2392 2
202 2
3072 2
2346 2
5482 2
4841 2
140 2
4847 2
4878 2
2261 2
3738 2
5556 2
2147 2
1951 2
127 2
1682 2
353 2
1661 2
291 2
3917 2
1777 2
3416 2
4117 2
4864 2
3767 2
1569 2
2623 2
4848 2
1245 2
1466 2
1270 2
1828 2
1025 2
3300 2
1306 2
2472 2
3205 2
4659 2
915 2
1039 2
5368 2
1289 2
3454 2
3578 2
5409 2
5410 2
1253 2
3991 2
2471 2
1556 2
344 2
1640 2
346 2
5046 2
337 2
4980 2
1564 2
658 2
2074 2
1629 2
5073 2
355 2
4106 2
5431 2
1693 2
5732 2
1625 2
1953 2
2507 2
3783 2
1305 2
4604 2
4603 2
1769 2
2308 2
272 2
3575 2
1021 2
184 2
4096 2
2915 2
3365 2
274 2
4093 2
4398 2
1585 2
5776 2
643 3
1345 3
340 3
1714 3
891 3
2366 3
1758 3
2219 3
4239 3
1690 3
634 3
4663 3
4569 3
4184 3
632 3
1042 3
4539 3
5772 3
1643 3
4664 3
5210 3
1383 3
4908 3
3402 3
2457 3
5211 3
1956 3
278 3
3763 3
1781 3
1765 3
3021 3
5300 3
1174 3
2324 3
2950 3
4085 3
5790 3
1785 3
3440 3
4092 3
1832 3
98 3
3188 3
1603 3
2540 3
3938 3
1454 3
3585 3
2858 3
4001 3
4086 3
4866 3
513 3
4095 3
4099 3
5105 3
3343 3
3307 3
1759 3
3765 3
1773 3
4087 3
3296 3
220 3
1273 3
4972 3
228 3
5104 3
2878 3
506 3
4502 3
3294 3
647 3
2947 3
1654 3
1652 3
4443 3
3304 3
4016 3
4983 3
3321 3
1869 3
4019 3
4020 3
3712 3
3743 3
1789 3
4052 3
244 3
618 3
3439 3
3054 3
575 3
1267 3
168 3
1987 3
3097 3
4862 3
507 3
5694 3
268 3
4662 3
1387 3
1763 3
5236 3
1173 3
1816 3
5234 3
48 3
1979 3
5069 3
1221 3
2629 3
4741 3
3019 3
3297 3
315 3
3224 3
3007 3
1818 3
2084 3
3854 3
4088 3
3026 3
1849 3
313 3
1635 3
2827 3
4094 3
4293 3
3305 3
2508 3
5750 3
5598 3
5509 3
1883 3
3017 3
3428 3
1206 3
1490 3
3919 3
4089 3
3096 3
1560 3
414 3
4091 3
2260 3
5703 3
5753 3
1596 3
2992 3
747 3
1824 3
1557 3
1819 3
2344 3
1182 3
918 3
1846 3
5203 3
3852 3
2910 3
287 3
4254 3
3757 3
325 3
508 3
3557 3
3008 3
3020 3
2083 3
1745 3
3040 3
4260 3
1181 3
2078 3
3291 3
5778 3
1815 3
3877 3
1823 3
1628 3
5417 3
4548 3
2861 3
3101 3
3374 3
1330 3
3857 3
2390 3
2525 3
5418 3
226 3
240 3
241 3
2965 3
569 3
3880 3
5074 3
1493 3
1810 3
1622 3
2712 3
898 3
882 3
2648 3
2019 3
1444 3
5751 3
1032 3
516 3
65 3
511 3
1663 3
5125 3
1806 3
4259 3
3642 3
1851 3
1562 3
597 3
573 3
1908 3
4797 3
5802 3
1649 3
4961 3
2903 3
3874 3
4000 3
1807 3
53 3
1638 3
4360 3
3792 3
4026 3
1183 3
1834 3
4628 3
4629 3
1588 3
1395 3
1633 3
4108 3
4536 3
1586 3
1432 3
3899 3
683 3
4359 3
2704 3
4025 3
318 3
402 3
248 3
2085 3
3588 3
1179 3
4513 3
4679 3
1835 3
3094 3
314 3
503 3
5780 3
5504 3
4630 3
2829 3
4512 3
1684 3
4703 3
5036 3
3301 3
5516 3
2417 3
380 3
1214 3
2499 3
3760 3
1022 3
3024 3
2522 3
5206 3
1666 3
4634 3
3358 3
4327 3
221 3
231 3
3403 3
2500 3
2375 3
3248 3
786 3
2248 3
3957 3
755 3
1053 3
1592 3
1805 3
1445 3
1626 3
4490 3
4491 3
4492 3
3939 3
1396 3
222 3
1038 3
4669 3
4258 3
678 3
2462 3
381 3
4564 3
1827 3
489 3
1204 3
2021 3
3342 3
204 3
820 3
1207 3
1583 3
2102 3
4275 3
4132 3
120 3
3022 3
4672 3
2040 3
4595 3
2894 3
5208 3
1977 3
2073 3
1388 3
85 3
693 3
793 3
4598 3
3160 3
224 3
4139 3
652 3
3038 3
113 3
107 3
230 3
3925 3
4766 3
4510 3
3906 3
2976 3
1028 3
5424 3
2675 3
2020 3
5622 3
2099 3
3375 3
4609 3
876 3
2781 3
3376 3
4867 3
782 3
637 3
4722 3
1713 3
4079 3
2022 3
219 3
584 3
5235 3
1393 3
495 3
572 3
5086 3
2945 3
1804 3
3597 3
2517 3
3208 3
4257 3
215 3
2436 3
214 3
4412 3
3556 3
59 3
4608 3
4735 3
1669 3
152 3
4568 3
1788 3
4153 3
815 3
1386 3
4048 3
2439 3
1429 3
780 3
3115 3
2024 3
1015 3
3953 3
3785 3
1598 3
3182 3
1627 3
2710 3
4675 3
1458 3
2826 3
1130 3
1605 3
539 3
1031 3
3952 3
4418 3
1584 3
57 3
4940 3
1106 3
1117 3
1119 3
792 3
3242 3
47 3
1034 3
1692 3
2526 3
821 3
1679 3
694 3
5887 3
3756 3
4760 3
5212 3
5633 3
5888 3
1408 3
4102 3
4674 3
785 3
3203 3
1646 3
1604 3
1036 3
2044 3
3050 3
2469 3
2969 3
1463 3
2070 3
5752 3
3559 3
3216 3
3219 3
316 3
290 3
773 3
1734 3
3366 3
31 3
3950 3
5480 3
3016 3
1826 3
4671 3
3046 3
4406 3
207 3
2575 3
4425 3
570 3
1833 3
628 3
50 3
1829 3
5165 3
2488 3
386 3
1670 3
1642 3
555 3
2062 3
1134 3
301 3
4417 3
4673 3
697 3
3133 3
279 3
1587 3
4670 3
5813 3
3903 3
3751 3
3752 3
5288 3
208 3
1611 3
936 3
800 3
2048 3
2989 3
3080 3
2663 3
271 3
2621 3
3202 3
574 3
2740 3
3978 3
4954 3
4849 3
533 3
4884 3
45 3
690 3
1099 3
1825 3
1961 3
4534 3
2174 3
1991 3
5289 3
3018 3
3108 3
2115 3
1658 3
5587 3
5588 3
5812 3
4273 3
3876 3
4358 3
1597 3
2922 3
3142 3
5604 3
1822 3
1668 3
1595 3
738 3
1599 3
2783 3
4397 3
554 3
3889 3
4274 3
5274 3
2037 3
804 3
528 3
1399 3
3761 3
4661 3
4666 3
1590 3
1831 3
4840 3
3196 3
3143 3
4253 3
633 3
4915 3
1644 3
1820 3
3923 3
783 3
1651 3
1733 3
3144 3
1667 3
1486 3
3574 3
4916 3
205 3
5797 3
1620 3
5207 3
3277 3
61 3
5058 3
648 3
646 3
4021 3
5447 3
1681 3
3279 3
2496 3
211 3
5759 3
784 3
1972 3
4941 3
5252 3
5293 3
1811 3
777 3
1619 3
5072 3
3759 3
871 3
2232 3
4340 3
1189 3
1776 3
585 3
176 3
5144 3
4261 3
4444 3
326 3
1637 3
1600 3
1772 3
810 3
1983 3
1558 3
1186 3
1621 3
651 3
1775 3
943 3
1606 3
4428 3
1024 3
3041 3
4910 3
1464 3
4017 3
3337 3
5141 3
5130 3
2831 3
490 3
1683 3
1671 3
2828 3
1656 3
1030 3
5126 3
1641 3
543 3
3945 3
1657 3
254 3
2893 3
1593 3
79 3
1608 3
4429 3
5014 3
3146 3
826 3
4270 3
1968 3
1591 3
2638 3
1959 3
1100 3
4154 3
3711 3
4461 3
5138 3
332 3
1678 3
4271 3
1675 3
2659 3
3073 3
940 3
3775 3
4882 3
2515 3
1632 3
1618 3
553 3
1766 3
2476 3
564 3
1653 3
13 3
4463 3
256 3
109 3
1830 3
640 3
5685 3
5038 3
1694 3
1689 3
1768 3
4037 3
3690 3
1602 3
825 3
1801 3
631 3
32 3
5008 3
933 3
2900 3
1614 3
1672 3
4324 3
1623 3
624 3
1434 3
1970 3
5430 3
2225 3
4320 3
2039 3
2593 3
2853 3
3445 3
4183 3
4883 3
4920 3
4938 3
5329 3
5476 3
5548 3
5561 3
5794 3
5867 3
5873 3
5894 3
3572 3
3117 3
5507 3
863 3
2003 3
864 3
365 3
2682 3
2681 3
4061 3
4911 3
535 3
2616 3
3338 3
827 3
3695 3
5901 3
3136 3
5245 3
348 3
1664 3
5712 3
3217 3
1795 3
4299 3
5766 3
4546 3
3326 3
4557 3
5198 3
2923 3
1624 3
4578 3
345 3
3346 3
796 3
3954 3
2343 3
4013 3
4312 3
4872 3
2312 3
5594 3
4965 3
333 3
1203 3
4003 3
2254 3
3660 3
5849 3
2253 3
2437 3
3942 3
3697 3
3927 3
28 3
1391 3
945 3
4951 3
2632 3
942 3
3006 3
1992 3
164 3
3941 3
4156 3
5899 3
5551 3
1177 3
1176 3
4302 3
265 3
5839 3
3137 3
3758 3
5785 3
4325 3
329 3
3794 3
26 3
5314 3
4409 3
1304 3
4740 3
5056 3
4036 3
3267 3
2569 3
2568 3
5586 3
4344 3
2999 3
2745 3
5783 3
2640 3
2938 3
5891 3
3789 3
4112 3
3788 3
2931 3
4317 3
1088 3
2695 3
276 3
4939 3
964 3
5378 3
1655 3
2804 3
1960 3
5791 3
5689 3
4814 3
3171 3
1870 3
3384 3
1116 3
2371 3
778 3
5214 3
4351 3
4555 3
5151 3
1997 3
1989 3
955 3
4361 3
1122 3
5145 3
2351 3
4658 3
4272 3
4038 3
5135 3
2991 3
1427 3
3573 3
3576 3
1496 3
2 3
2240 3
4458 3
1610 3
4237 3
653 3
1674 3
1984 3
4158 3
77 3
1437 3
3290 3
4334 3
2746 3
3620 3
1966 3
3385 3
3973 3
1615 3
4323 3
2834 3
608 3
2694 3
3579 3
5111 3
4912 3
4236 3
2257 3
1178 3
75 3
3872 3
24 3
1814 3
4146 3
396 3
5781 3
4332 3
1676 3
5136 3
1589 3
330 3
5792 3
2333 3
2483 3
5777 3
5139 3
3226 3
5743 3
4269 3
1931 3
1302 3
619 3
1631 3
1257 3
772 3
1691 3
1662 3
54 3
996 3
174 3
4597 3
1201 3
1229 3
331 3
1191 3
1400 3
2237 3
1435 3
3169 3
225 3
1103 3
627 3
10 3
273 3
163 3
3551 3
3012 3
1688 3
3328 3
1278 3
3241 3
2461 3
1650 3
1481 3
1483 3
58 3
1647 3
5742 3
259 3
1967 3
2468 3
3748 3
3750 3
3746 3
1514 3
1428 3
1436 3
1732 3
3383 3
1636 3
2801 3
76 3
4329 3
9 3
4562 3
2358 3
2988 3
56 3
681 3
3871 3
1433 3
3608 3
1762 3
2990 3
2551 3
3126 3
1492 3
4481 3
2474 3
328 3
3747 3
1113 3
2042 3
1200 3
5830 3
3341 3
1660 3
1431 3
3606 3
1260 3
2662 3
52 3
595 3
4222 3
42 3
1612 3
4685 3
2094 3
1976 3
2068 3
1125 3
4255 3
29 3
1617 3
1313 3
1407 3
3937 3
1659 3
3275 3
944 3
282 3
1685 3
1518 3
3271 3
2470 3
5132 3
1531 3
512 3
5133 3
4696 3
2942 3
237 3
1962 3
2473 3
3980 3
266 3
2103 3
3506 3
3504 3
3053 3
3462 3
1634 3
3988 3
2045 3
2993 3
3222 3
612 3
2803 3
3274 3
5131 3
1468 3
1975 3
1686 3
5619 3
5620 3
2467 3
5462 3
5016 3
4950 3
1580 3
5152 3
5621 3
5160 3
4395 3
5149 3
3914 3
4408 3
1594 3
1534 3
2743 3
4668 3
2241 3
3972 3
2245 3
1613 3
805 3
1382 3
1474 3
1508 3
3536 3
1128 3
2252 3
4464 3
1011 3
1107 3
1767 3
199 3
1430 3
4010 3
3283 3
2038 3
3966 3
5528 3
2559 3
1771 3
4101 3
2519 3
1980 3
5299 3
626 3
1197 3
684 3
838 3
1017 3
2229 3
166 3
1840 3
3745 3
2973 3
814 3
95 3
2055 3
1645 3
705 3
496 3
5137 3
3538 3
551 3
3691 3
210 3
217 3
4004 3
2887 3
3081 3
5146 3
846 3
4612 3
1533 3
5127 3
1770 3
3661 3
1845 3
3684 3
1104 3
1160 3
2368 3
1963 3
3166 3
3600 3
1665 3
1163 3
5124 3
1208 3
1982 3
1485 3
1779 3
592 3
3494 3
2228 3
41 3
62 3
2754 3
2881 3
1764 3
1760 3
4660 3
1194 3
3665 3
4199 3
2952 3
1527 3
1126 3
696 3
38 3
12 3
1964 3
2051 3
1985 3
44 3
2135 3
1999 3
3125 3
809 3
1524 3
4667 3
2758 3
2757 3
806 4
686 4
1205 4
1101 4
4333 4
620 4
1582 4
213 4
2230 4
1190 4
2323 4
82 4
69 4
3377 4
2226 4
741 4
229 4
4248 4
2877 4
334 4
2234 4
3109 4
562 4
3509 4
2231 4
1900 4
3508 4
3496 4
338 4
281 4
336 4
3013 4
1192 4
3369 4
3390 4
698 4
5140 4
909 4
3269 4
2043 4
487 4
70 4
1519 4
2645 4
2233 4
5483 4
5129 4
2566 4
196 4
260 4
2227 4
5150 4
679 4
486 4
1797 4
4914 4
883 4
206 4
149 4
3407 4
1014 4
5251 4
1993 4
724 4
294 4
317 4
1494 4
3956 4
2148 4
257 4
2108 4
2035 4
267 4
2034 4
3270 4
22 4
641 4
2905 4
5128 4
4234 4
1890 4
824 4
1123 4
5148 4
2239 4
3602 4
3534 4
3042 4
2975 4
1195 4
23 4
8 4
2889 4
101 4
67 4
3873 4
3471 4
3278 4
5573 4
264 4
1264 4
5350 4
35 4
1501 4
5756 4
1188 4
1981 4
11 4
3599 4
3824 4
2646 4
497 4
1133 4
1131 4
223 4
2917 4
2941 4
1127 4
3221 4
3663 4
1124 4
712 4
17 4
1491 4
4372 4
1843 4
249 4
688 4
1929 4
1978 4
2354 4
2544 4
3472 4
1878 4
2924 4
4370 4
3533 4
1934 4
2389 4
212 4
3268 4
2635 4
661 4
3189 4
1630 4
3598 4
2647 4
3273 4
2561 4
4798 4
2036 4
73 4
1390 4
3507 4
559 4
3210 4
1778 4
4151 4
2660 4
767 4
766 4
1098 4
630 4
293 4
1525 4
4376 4
295 4
258 4
236 4
233 4
68 4
2379 4
2622 4
546 4
4286 4
292 4
4368 4
3965 4
1844 4
1921 4
71 4
36 4
2738 4
534 4
1497 4
1097 4
3339 4
3539 4
0 4
488 4
1498 4
2353 4
5632 4
1568 4
1120 4
2624 4
5142 4
2994 4
2953 4
3542 4
3540 4
669 4
1202 4
80 4
3148 4
763 4
3552 4
1526 4
1475 4
1389 4
2355 4
4617 4
1995 4
4913 4
4918 4
4654 4
3284 4
3111 4
4246 4
1945 4
4224 4
762 4
549 4
3875 4
1500 4
3068 4
689 4
3473 4
3535 4
4245 4
2736 4
40 4
2549 4
1899 4
3092 4
650 4
2047 4
1947 4
3683 4
21 4
2236 4
3541 4
153 4
1108 4
3577 4
2357 4
1211 4
609 4
4082 4
644 4
5134 4
4152 4
610 4
3147 4
4842 4
1894 4
1478 4
1510 4
3145 4
3286 4
708 4
5012 4
27 4
4563 4
66 4
2901 4
5143 4
1129 4
1096 4
74 4
39 4
1499 4
1075 4
1118 4
1473 4
530 4
3580 4
18 4
2886 4
1944 4
1247 4
1441 4
3110 4
4018 4
3123 4
5832 4
1058 4
1167 4
5373 4
3223 4
4373 4
656 4
4369 4
659 4
1895 4
1112 4
4159 4
3537 4
1922 4
3936 4
2939 4
1401 4
5147 4
768 4
1936 4
1903 4
4639 4
660 4
3749 4
2547 4
413 4
757 4
55 4
639 4
3886 4
33 4
1110 4
2943 4
6 4
243 4
1942 4
3167 4
2914 4
2940 4
1914 4
216 4
531 4
752 4
4371 4
2737 4
3409 4
760 4
1467 4
1928 4
2553 4
1884 4
37 4
558 4
666 4
875 4
1109 4
3408 4
3168 4
3964 4
20 4
145 4
1927 4
3410 4
3324 4
873 4
4813 4
542 4
874 4
2407 4
1392 4
3532 4
3603 4
2835 4
4806 4
758 4
299 4
4917 4
493 4
3122 4
2996 4
1121 4
1505 4
3510 4
2739 4
2951 4
3498 4
541 4
3165 4
725 4
701 4
750 4
1909 4
3755 4
151 4
2556 4
34 4
3414 4
1986 4
1916 4
5771 4
1879 4
544 4
1939 4
138 4
1043 4
1515 4
557 4
1111 4
3266 4
1918 4
711 4
4790 4
2888 4
4600 4
2548 4
2550 4
2090 4
2093 4
2562 4
625 4
1906 4
5 4
529 4
526 4
718 4
150 4
3 4
2902 4
1897 4
2046 4
172 4
1988 4
1750 4
1915 4
1752 4
1489 4
2560 4
3495 4
1974 4
2545 4
548 4
710 4
657 4
2899 4
1889 4
169 4
538 4
1875 4
1027 4
635 4
1910 4
16 4
2554 4
5630 4
645 4
1965 4
1990 4
545 4
2546 4
2041 4
1923 4
1971 4
1888 4
3441 4
4144 4
726 4
1728 4
719 4
1095 4
1402 4
2306 4
764 4
638 4
1893 4
4998 4
655 4
4743 4
3323 4
649 4
621 4
753 4
51 4
1033 4
1577 4
1502 4
1193 4
1973 4
1212 4
64 4
756 4
1935 4
4223 4
1901 4
1904 4
703 4
4618 4
706 4
1887 4
614 4
1998 4
642 4
1012 4
556 4
1994 4
30 4
1196 4
1185 4
623 4
754 4
4611 4
165 4
492 4
1969 4
622 4
1115 4
4006 4
1930 4
1885 4
1932 4
3764 4
1933 4
491 4
304 4
46 4
563 4
4977 4
1648 4
1996 4
709 4
306 4
629 4
143 4
751 4
5118 4
702 4
799 4
1751 4
2565 4
616 4
1911 4
158 4
298 4
617 4
3276 4
2918 4
1488 4
1484 4
1521 4
341 4
342 4
343 4
7 4
3497 4
19 4
730 4
14 4
552 4
3503 4
300 4
774 4
540 4
2558 4
532 4
536 4
232 4
1948 4
1169 4
727 4
1881 4
1886 4
4700 4
613 4
615 4
1700 4
1164 4
1114 4
494 4
3127 4
1487 4
1198 4
2235 4
699 4
759 4
761 4
731 4
1748 4
1051 4
654 4
2555 4
3319 4
2249 4
1926 4
2127 4
1913 4
15 4
297 4
771 4
3640 4
4763 4
1071 4
729 4
4414 4
4836 4
242 4
4550 4
527 4
4837 4
1166 4
1507 4
2916 4
3258 4
1180 4
728 4
1102 4
1503 4
4256 4
1924 4
309 4
1511 4
1132 4
5065 4
704 4
519 4
561 4
4356 4
167 4
3237 4
1876 4
537 4
1756 4
721 4
1394 4
611 4
1703 4
250 4
707 4
2879 4
716 4
723 4
4396 4
4301 4
3513 4
3500 4
209 4
235 4
3316 4
713 4
2636 4
700 4
560 4
3499 4
2665 4
296 4
550 4
2386 4
498 4
1891 4
4777 4
284 4
3285 4
565 4
4415 4
5481 4
3254 4
1874 4
3287 4
147 4
1907 4
4039 4
2921 4
1504 4
2891 4
4198 4
1753 4
2509 4
547 4
2067 4
722 4
5416 4
4727 4
1871 4
1949 4
1892 4
1872 4
43 4
869 4
4838 4
3413 4
2557 4
691 4
4532 4
3322 4
5003 4
4930 4
566 4
1699 4
3512 4
2904 4
714 4
4058 4
715 4
2892 4
2510 4
2906 4
867 4
4009 4
2238 4
4008 4
3124 4
5027 4
4244 4
2564 4
3731 4
1506 4
2367 4
144 4
3082 4
2377 4
49 4
819 4
2898 4
25 4
1905 4
2516 4
3475 4
412 4
720 4
4 4
1912 4
2637 4
2378 4
1165 4
1946 4
1919 4
238 4
1941 4
1168 4
5352 4
3320 4
5367 4
813 4
1943 4
1512 4
1925 4
3158 4
2563 4
3155 4
3479 4
4932 4
3272 4
1513 4
159 4
1862 4
2466 4
354 4
1917 4
839 4
2626 4
2129 4
3005 4
2277 4
3849 4
5615 4
1880 4
3001 4
852 4
4832 4
2863 4
5002 4
1 4
1937 4
3501 4
157 4
247 4
2347 4
160 4
3549 4
1357 4
1920 4
4833 4
1938 4
5271 4
1522 4
3516 4
4805 4
227 4
2479 4
1477 4
1523 4
3063 4
3415 4
865 4
3314 4
3317 4
4780 4
1877 4
2625 4
4774 4
1607 4
868 4
870 4
1712 4
4931 4
4935 4
4936 4
594 4
319 4
3924 4
843 4
3502 4
4779 4
822 4
4928 4
1472 4
4362 4
1516 4
1517 4
5084 4
801 4
4926 4
203 4
4927 4
4305 4
2376 4
1868 4
1698 4
1940 4
4934 4
807 4
3511 4
2890 4
162 4
2224 4
3259 4
1755 4
335 4
1184 4
1368 4
3703 4
2361 4
4109 4
682 4
239 4
1365 4
4045 4
161 4
3546 4
155 4
5083 4
3251 4
4290 4
695 4
4363 4
1476 4
4775 4
5007 4
4925 4
2396 4
146 4
5570 4
3313 4
4876 4
1902 4
1701 4
4929 4
1749 4
4601 4
837 4
302 4
4383 4
245 4
4877 4
4602 4
4811 4
2552 4
848 4
4751 4
851 4
803 4
4619 4
1480 4
847 4
3250 4
4297 4
3728 4
4835 4
4157 4
255 4
5498 4
2279 4
3505 4
4422 4
4750 4
154 4
5081 4
788 4
776 4
3003 4
1706 4
1898 4
817 4
3847 4
2687 4
2849 4
1378 4
3185 4
4781 4
794 4
4933 4
1710 4
303 4
2960 4
4243 4
1836 4
1358 4
4773 4
3545 4
1415 4
3257 4
2808 4
1702 4
1882 4
1370 4
3318 4
1509 4
3292 4
4778 4
3253 4
3843 4
3547 4
1754 4
3312 4
3315 4
4375 4
3157 4
4834 4
4737 4
4046 4
823 4
2807 4
920 4
5059 4
148 4
2847 4
2686 4
170 4
3333 4
1520 4
4752 4
3156 4
2299 4
3850 4
4537 4
177 4
2380 4
2981 4
1716 4
1479 4
1348 4
4554 4
3002 4
841 4
3311 4
3256 4
1867 4
3837 4
3334 4
856 4
811 4
3252 4
692 4
3846 4
4742 4
3548 4
928 4
2983 4
3844 4
3517 4
3255 4
4420 4
1105 4
4839 4
1896 4
3184 4
156 4
2029 4
3842 4
2627 4
858 4
1359 4
872 4
2286 4
4772 4
2381 4
3841 4
4055 4
2280 4
3840 4
3332 4
3848 4
2188 4
866 4
1199 4
930 4
1482 4
2196 4
844 4
927 4
1873 4
2480 4
2274 4
2573 4
2288 4
1367 4
831 4
4104 4
1711 4
4423 4
2571 4
4762 4
3331 4
2962 4
2109 4
2958 4
1861 4
2297 4
1709 4
4511 4
4306 4
2287 4
2959 4
4103 4
1857 4
2961 4
2200 4
1371 4
2478 4
3838 4
4162 4
2028 4
1374 4
3561 4
2198 4
1361 4
3851 4
2269 4
2574 4
2477 4
1362 4
2572 4
2963 4
1838 4
1376 4
2982 4
4421 4
2281 4
2362 4
925 4
3727 4
2189 4
4776 4
2957 4
2292 4
1319 4
2289 4
833 4
2294 4
2481 4
4374 4
2179 4
1416 4
1860 4
1704 4
3730 4
2031 4
2185 4
2032 4
2278 4
2273 4
1347 4
2178 4
1414 4
2183 4
2302 4
2191 4
2283 4
2290 4
926 4
3845 4
2270 4
4105 4
4424 4
2685 4
2272 4
2177 4
3329 4
2182 4
636 4
2201 4
2175 4
3335 4
2848 4
1863 4
2275 4
1356 4
2186 4
857 4
834 4
2268 4
3004 4
2180 4
2176 4
2193 4
1363 4
3186 4
3839 4
929 4
2271 4
2197 4
717 4
2195 4
2285 4
1705 4
1865 4
2184 4
3729 4
1866 4
1707 4
1837 4
1355 4
1354 4
2282 4
1420 4
1421 4
2187 4
2194 4
2276 4
234 4
2295 4
1422 4
3330 4
1349 4
2300 4
2293 4
1417 4
1364 4
1715 4
855 4
2190 4
845 4
924 4
921 4
2199 4
1419 4
2298 4
2192 4
853 4
1864 4
1360 4
1369 4
2291 4
2284 4
923 4
1418 4
2030 4
2181 4
1423 4
1377 4
836 4
1858 4
1350 4
2033 4
1352 4
835 4
1708 4
2301 4
1366 4
922 4
850 4
2296 4
246 4
832 4
854 4
218 4
1380 4
1353 4
849 4
1859 4
842 4
1379 4
1351 4
1373 4
1372 4
840 4
1375 4
