0 3
1 4
2 5
3 5
4 5
5 5
6 5
7 5
8 5
9 5
10 5
11 5
12 5
13 5
14 5
15 5
16 5
17 5
18 5
19 5
20 5
21 5
22 5
23 5
24 5
25 5
26 5
27 5
28 5
29 5
30 5
31 5
32 5
33 5
34 4
35 5
36 5
37 5
38 5
39 5
40 5
41 5
42 5
43 5
44 5
45 5
46 5
47 5
48 5
49 5
50 5
51 5
52 5
53 5
54 5
55 5
56 5
57 5
58 5
59 5
60 5
61 5
62 5
63 5
64 4
65 4
66 5
67 4
68 5
69 5
70 4
71 5
72 5
73 4
74 5
75 5
76 5
77 5
78 5
79 5
80 5
81 5
82 5
83 5
84 5
85 5
86 5
87 5
88 5
89 5
90 4
91 5
92 5
93 5
94 5
95 5
96 4
97 5
98 5
99 4
100 4
101 5
102 5
103 4
104 4
105 5
106 4
107 5
108 5
109 4
110 4
111 5
112 5
113 5
114 4
115 5
116 5
117 4
118 5
119 5
120 4
121 5
122 5
123 4
124 4
125 4
126 4
127 4
128 5
129 2
130 4
131 4
132 4
133 4
134 4
135 4
136 2
137 3
138 3
139 4
140 3
141 3
142 4
143 4
144 4
145 1
146 2
147 2
148 5
149 5
150 5
151 5
152 5
153 5
154 5
155 5
156 5
157 5
158 5
159 5
160 5
161 5
162 5
163 5
164 5
165 5
166 5
167 5
168 5
169 5
170 5
171 5
172 5
173 5
174 5
175 5
176 5
177 5
178 5
179 5
180 5
181 5
182 5
183 5
184 5
185 5
186 5
187 5
188 5
189 5
190 5
191 5
192 5
193 5
194 5
195 5
196 4
197 5
198 5
199 5
200 5
201 5
202 5
203 5
204 5
205 5
206 5
207 5
208 5
209 5
210 5
211 5
212 5
213 4
214 5
215 5
216 5
217 5
218 5
219 5
220 5
221 5
222 5
223 5
224 5
225 4
226 5
227 5
228 5
229 5
230 5
231 5
232 5
233 5
234 5
235 5
236 5
237 5
238 5
239 4
240 4
241 4
242 4
243 4
244 4
245 5
246 3
247 4
248 3
249 3
250 4
251 3
252 3
253 4
254 4
255 5
256 5
257 5
258 5
259 5
260 4
261 5
262 5
263 5
264 4
265 3
266 4
267 4
268 4
269 4
270 4
271 4
272 4
273 4
274 4
275 5
276 4
277 4
278 4
279 5
280 5
281 2
282 4
283 2
284 3
285 3
286 3
287 3
288 4
289 4
290 2
291 4
292 4
293 4
294 4
295 4
296 4
297 5
298 3
299 4
300 4
301 3
302 3
303 2
304 4
305 3
306 5
307 4
308 4
309 4
310 5
311 5
312 5
313 3
314 5
315 5
316 5
317 4
318 4
319 4
320 5
321 5
322 4
323 5
324 5
325 4
326 5
327 4
328 5
329 4
330 5
331 4
332 4
333 3
334 4
335 4
336 4
337 4
338 4
339 4
340 4
341 3
342 4
343 4
344 5
345 4
346 4
347 5
348 4
349 2
350 4
351 2
352 4
353 4
354 2
355 4
356 2
357 4
358 2
359 4
360 4
361 5
362 4
363 5
364 5
365 5
366 4
367 4
368 3
369 5
370 3
371 4
372 4
373 5
374 3
375 2
376 3
377 4
378 4
379 3
380 4
381 4
382 4
383 5
384 5
385 4
386 2
387 2
388 4
389 3
390 3
391 3
392 4
393 2
394 2
395 2
396 4
397 4
398 4
399 4
400 3
401 5
402 3
403 4
404 3
405 3
406 2
407 4
408 3
409 3
410 3
411 2
412 3
413 2
414 3
415 4
416 3
417 2
418 2
419 2
420 5
421 4
422 4
423 4
424 4
425 4
426 3
427 2
428 3
429 4
430 4
431 2
432 3
433 4
434 4
435 2
436 4
437 4
438 4
439 4
440 4
441 4
442 4
443 4
444 4
445 2
446 2
447 4
448 3
449 3
450 3
451 2
452 4
453 2
454 4
455 3
456 2
457 3
458 1
459 1
460 2
461 4
462 3
463 3
464 4
465 3
466 4
467 2
468 2
469 2
470 2
471 2
472 2
473 3
474 2
475 4
476 3
477 4
478 4
479 4
480 4
481 2
482 2
483 3
484 1
485 2
486 1
487 1
488 3
489 4
490 3
491 3
492 5
493 4
494 4
495 4
496 1
497 4
498 1
499 3
500 1
501 4
502 1
503 4
504 2
505 3
506 4
507 4
508 3
509 4
510 4
511 3
512 3
513 3
514 2
515 4
516 1
517 4
518 4
519 4
520 3
521 4
522 4
523 3
524 2
525 3
526 4
527 4
528 2
529 4
530 3
531 2
532 2
533 4
534 3
535 3
536 3
537 3
538 4
539 3
540 2
541 3
542 2
543 2
544 2
545 2
546 1
547 2
548 2
549 2
550 2
551 2
552 3
553 3
554 3
555 2
556 4
557 4
558 2
559 3
560 3
561 3
562 5
563 3
564 2
565 4
566 4
567 2
568 3
569 4
570 5
571 5
572 4
573 4
574 4
575 2
576 2
577 4
578 3
579 4
580 3
581 2
582 3
583 4
584 3
585 3
586 5
587 3
588 2
589 2
590 1
591 2
592 2
593 2
594 3
595 2
596 2
597 4
598 2
599 2
600 2
601 3
602 3
603 2
604 2
605 3
606 3
607 3
608 2
609 2
610 3
611 2
612 2
613 3
614 4
615 2
616 2
617 3
618 3
619 4
620 2
621 2
622 3
623 2
624 2
625 3
626 4
627 4
628 4
629 3
630 3
631 4
632 4
633 2
634 3
635 2
636 2
637 2
638 2
639 2
640 3
641 1
642 2
643 3
644 5
645 3
646 2
647 2
648 1
649 2
650 3
651 2
652 2
653 2
654 2
655 2
656 2
657 1
658 2
659 2
660 2
661 3
662 4
663 2
664 2
665 2
666 2
667 2
668 2
669 2
670 2
671 2
672 1
673 1
674 1
675 2
676 3
677 2
678 2
679 2
680 2
681 2
682 2
683 2
684 3
685 2
686 2
687 2
688 3
689 2
690 2
691 2
692 3
693 2
694 2
695 3
696 2
697 2
698 2
699 3
700 2
701 2
702 2
703 2
704 3
705 2
706 2
707 2
708 2
709 2
710 2
711 2
712 2
713 2
714 2
715 2
716 2
717 2
718 2
719 2
720 3
721 2
722 2
723 3
724 2
725 3
726 3
727 1
728 1
729 2
730 2
731 1
732 1
733 3
734 3
735 3
736 2
737 3
738 1
739 1
740 2
741 1
742 1
743 1
744 1
745 1
746 1
747 2
748 2
749 1
750 1
751 2
752 1
753 1
754 4
755 1
756 3
757 3
758 2
759 2
760 2
761 2
762 2
763 2
764 2
765 2
766 2
767 1
768 2
769 3
770 2
771 2
772 3
773 2
774 2
775 2
776 3
777 3
778 3
779 4
780 4
781 4
782 4
783 3
784 4
785 2
786 4
787 3
788 4
789 3
790 2
791 2
792 3
793 3
794 3
795 4
796 3
797 4
798 4
799 4
800 4
801 4
802 4
803 4
804 3
805 3
806 4
807 4
808 3
809 3
810 4
811 4
812 3
813 3
814 4
815 3
816 3
817 4
818 4
819 4
820 4
821 4
822 4
823 4
824 3
825 3
826 3
827 3
828 4
829 3
830 3
831 4
832 3
833 3
834 4
835 3
836 3
837 4
838 3
839 4
840 3
841 3
842 3
843 4
844 4
845 4
846 3
847 4
848 3
849 4
850 3
851 3
852 4
853 3
854 4
855 4
856 3
857 2
858 2
859 2
860 2
861 2
862 2
863 2
864 2
865 2
866 2
867 2
868 2
869 2
870 2
871 2
872 2
873 2
874 2
875 2
876 2
877 2
878 2
879 2
880 2
881 2
882 2
883 2
884 2
885 2
886 2
887 2
888 2
889 2
890 2
891 1
892 2
893 3
894 3
895 3
896 3
897 3
898 3
899 3
900 3
901 3
902 3
903 3
904 3
905 3
906 3
907 3
908 3
909 3
910 3
911 3
912 3
913 3
914 3
915 3
916 3
917 3
918 3
919 3
920 3
921 3
922 3
923 3
924 3
925 3
926 3
927 3
928 3
929 4
930 3
931 3
932 3
933 3
934 3
935 3
936 3
937 3
938 3
939 3
940 3
941 3
942 3
943 3
944 3
945 3
946 3
947 3
948 3
949 3
950 3
951 3
952 3
953 3
954 3
955 3
956 3
957 3
958 3
959 3
960 3
961 3
962 3
963 3
964 4
965 3
966 3
967 3
968 3
969 2
970 2
971 2
972 2
973 2
974 2
975 2
976 2
977 2
978 2
979 2
980 2
981 2
982 2
983 2
984 2
985 1
986 1
987 1
988 1
989 2
990 2
991 2
992 1
993 1
994 1
995 2
996 1
997 1
998 1
999 1
1000 1
1001 1
1002 1
1003 1
1004 1
1005 1
1006 1
1007 1
1008 1
1009 1
1010 1
1011 1
1012 1
1013 1
1014 1
1015 1
1016 1
1017 1
1018 1
1019 1
1020 1
1021 1
1022 1
1023 1
1024 1
1025 1
1026 1
1027 1
1028 1
1029 1
1030 1
1031 1
1032 1
1033 1
1034 1
1035 1
1036 1
1037 1
1038 1
1039 1
1040 1
1041 1
1042 1
1043 1
1044 1
1045 1
1046 1
1047 1
1048 1
1049 1
1050 1
1051 1
1052 1
1053 1
1054 1
1055 1
1056 1
1057 1
1058 1
1059 1
1060 1
1061 1
1062 1
1063 1
1064 1
1065 1
1066 1
1067 1
1068 1
1069 1
1070 1
1071 1
1072 1
1073 1
1074 1
1075 1
1076 1
1077 1
1078 1
1079 1
1080 1
1081 1
1082 1
1083 1
1084 1
1085 1
1086 1
1087 1
1088 1
1089 1
1090 1
1091 1
1092 1
1093 1
1094 1
1095 1
1096 1
1097 1
1098 1
1099 1
1100 1
1101 1
1102 1
1103 1
1104 1
1105 1
1106 1
1107 1
1108 1
1109 1
1110 1
1111 1
1112 1
1113 1
1114 1
1115 1
1116 1
1117 1
1118 1
1119 1
1120 1
1121 1
1122 1
1123 1
1124 1
1125 1
1126 1
1127 1
1128 1
1129 1
1130 1
1131 1
1132 1
1133 1
1134 1
1135 1
1136 1
1137 1
1138 1
1139 1
1140 1
1141 1
1142 1
1143 1
1144 1
1145 1
1146 1
1147 1
1148 1
1149 1
1150 1
1151 1
1152 1
1153 1
1154 1
1155 1
1156 1
1157 1
1158 1
1159 1
1160 1
1161 1
1162 1
1163 1
1164 1
1165 1
1166 1
1167 1
1168 1
1169 1
1170 1
1171 1
1172 1
1173 1
1174 1
1175 1
1176 1
1177 1
1178 1
1179 1
1180 1
1181 1
1182 1
1183 1
1184 1
1185 1
1186 1
1187 1
1188 1
1189 1
