672 1
387 1
621 1
590 1
730 1
558 1
615 1
445 1
736 1
670 1
395 1
753 1
375 1
746 1
1002 1
540 1
741 1
891 1
484 1
658 1
659 1
1017 1
281 1
486 1
487 1
682 1
685 1
686 1
735 1
351 1
354 1
637 1
639 1
989 1
411 1
413 1
657 1
642 1
646 1
647 1
471 1
641 1
588 1
589 1
1003 1
1004 1
145 1
1014 1
993 1
458 1
496 1
498 1
546 1
547 1
548 1
549 1
1020 1
663 1
666 1
575 1
576 1
738 1
1023 1
994 1
1025 1
731 1
999 1
1019 1
652 1
653 1
656 1
674 1
1015 1
749 1
750 1
1018 1
767 1
985 1
986 1
1016 1
971 1
974 1
977 1
979 1
980 1
981 1
983 1
984 1
694 1
697 1
698 1
702 1
705 1
708 1
709 1
712 1
714 1
716 1
719 1
722 1
1021 1
1022 1
1024 1
1039 1
472 1
1028 1
1029 1
633 1
609 1
1032 1
513 1
379 1
591 1
393 1
246 1
374 1
1027 1
1068 1
733 1
405 1
406 1
612 1
1061 1
470 1
734 1
1057 1
1001 1
1123 1
412 1
349 1
925 1
926 1
938 1
953 1
499 1
584 1
585 1
1030 1
1064 1
1065 1
660 1
643 1
453 1
136 1
1031 1
987 1
648 1
516 1
748 1
1130 1
888 1
739 1
514 1
995 1
751 1
394 1
683 1
1033 1
1034 1
1035 1
1036 1
1037 1
417 1
418 1
419 1
1086 1
500 1
1139 1
865 1
867 1
874 1
876 1
877 1
879 1
880 1
881 1
882 1
885 1
886 1
283 1
671 1
490 1
616 1
1143 1
1144 1
581 1
997 1
552 1
1124 1
290 1
992 1
1072 1
747 1
732 1
1040 1
611 1
1125 1
1126 1
1127 1
1128 1
1005 1
1007 1
531 1
390 1
376 1
482 1
333 1
1129 1
752 1
592 1
1134 1
1135 1
1136 1
1137 1
474 1
599 1
635 1
640 1
594 1
763 1
358 1
389 1
664 1
593 1
1094 1
1095 1
303 1
665 1
481 1
723 1
1069 1
1070 1
976 1
502 1
768 1
1026 1
356 1
700 1
711 1
718 2
1167 2
667 2
511 2
427 2
677 2
1121 2
129 2
468 2
668 2
724 2
693 2
701 2
707 2
456 2
696 2
512 2
620 2
972 2
684 2
630 2
737 2
447 2
624 2
1142 2
370 2
669 2
582 2
0 2
334 2
138 2
386 2
341 2
551 2
532 2
1101 2
1103 2
1104 2
1105 2
1106 2
1107 2
1109 2
1111 2
1112 2
1114 2
1115 2
1118 2
1119 2
1120 2
941 2
408 2
504 2
557 2
501 2
520 2
998 2
435 2
905 2
134 2
914 2
1046 2
1047 2
1049 2
1051 2
1053 2
1055 2
613 2
602 2
1145 2
955 2
1063 2
336 2
146 2
991 2
681 2
689 2
302 2
426 2
725 2
555 2
969 2
459 2
975 2
829 2
838 2
851 2
853 2
691 2
409 2
645 2
1141 2
568 2
913 2
485 2
534 2
1038 2
650 2
402 2
604 2
462 2
368 2
861 2
525 2
1067 2
1122 2
596 2
912 2
982 2
872 2
740 2
403 2
522 2
301 2
536 2
285 2
1000 2
928 2
587 2
597 2
287 2
603 2
755 2
1184 2
545 2
978 2
857 2
300 2
607 2
1166 2
460 2
651 2
868 2
147 2
144 2
662 2
284 2
1083 2
410 2
286 2
679 2
887 2
889 2
524 2
636 2
638 2
952 2
467 2
469 2
391 2
598 2
600 2
1079 2
139 2
869 2
265 2
990 2
407 2
898 2
892 2
564 2
530 2
332 2
970 2
960 2
579 2
717 2
654 2
567 2
560 2
360 2
404 2
1168 2
1169 2
1058 2
923 2
343 2
864 2
1041 2
601 2
416 2
141 2
627 2
133 2
508 2
556 2
726 2
428 2
699 2
715 2
371 2
448 2
713 2
617 2
493 2
414 2
863 2
871 2
595 2
1056 2
729 2
710 2
273 2
963 2
431 2
605 2
690 2
465 2
1178 2
437 2
249 2
1140 2
1185 2
1186 2
483 2
1 2
305 2
815 2
629 2
439 2
623 2
1093 2
537 2
528 2
996 2
1080 2
1099 2
140 2
429 2
529 2
541 2
909 2
535 2
451 2
622 2
495 2
704 2
432 2
251 2
973 3
825 3
1008 3
538 3
240 3
382 3
932 3
743 3
771 3
614 3
434 3
137 3
1113 3
463 3
264 3
299 3
438 3
542 3
1147 3
1151 3
1152 3
1153 3
1154 3
1155 3
1156 3
1159 3
1160 3
1162 3
1163 3
1164 3
1165 3
544 3
313 3
488 3
866 3
922 3
939 3
446 3
443 3
1177 3
1071 3
1060 3
539 3
489 3
318 3
339 3
342 3
618 3
1054 3
634 3
433 3
503 3
450 3
875 3
424 3
491 3
554 3
550 3
497 3
527 3
353 3
742 3
507 3
1117 3
509 3
309 3
610 3
695 3
745 3
744 3
250 3
649 3
1179 3
135 3
661 3
580 3
449 3
680 3
248 3
721 3
457 3
968 3
338 3
927 3
966 3
631 3
289 3
1082 3
553 3
244 3
1102 3
1110 3
1188 3
1189 3
678 3
455 3
475 3
337 3
850 3
608 3
543 3
1048 3
1052 3
1006 3
327 3
526 3
252 3
67 3
473 3
126 3
100 3
687 3
125 3
606 3
583 3
444 3
890 3
632 3
675 3
1088 3
561 3
910 3
727 3
728 3
720 3
388 3
1098 3
352 3
625 3
692 3
247 3
1138 3
1091 3
1092 3
523 3
510 3
703 3
1085 3
335 3
480 3
533 3
348 3
1084 3
962 3
518 3
296 3
466 3
117 3
392 3
331 3
1009 3
951 3
396 3
519 3
143 3
398 3
673 3
521 3
1132 3
1133 3
70 3
131 3
267 3
269 3
688 3
515 3
756 3
878 3
454 3
346 3
479 3
1116 3
362 3
114 3
907 3
785 3
452 3
340 3
769 3
1175 3
949 3
917 3
884 3
366 3
254 3
476 3
260 3
578 3
130 3
873 3
870 3
442 3
1108 3
142 3
1183 3
275 3
421 3
423 3
758 3
759 3
760 3
761 3
762 3
765 3
766 3
1066 3
906 3
773 3
104 3
276 3
1044 3
1045 3
1182 3
242 3
127 3
357 3
813 3
563 3
298 3
644 3
425 3
573 3
967 3
959 3
1100 3
422 3
271 3
757 3
291 3
921 3
1148 3
776 3
308 3
103 3
920 3
132 3
1150 3
109 3
96 4
965 4
950 4
124 4
253 4
1158 4
774 4
1011 4
1012 4
1010 4
440 4
1050 4
478 4
325 4
385 4
34 4
1172 4
777 4
88 4
883 4
858 4
1174 4
1131 4
213 4
294 4
345 4
239 4
372 4
110 4
957 4
517 4
241 4
1180 4
350 4
397 4
295 4
106 4
862 4
288 4
506 4
947 4
812 4
477 4
94 4
1181 4
628 4
1089 4
268 4
902 4
1096 4
956 4
934 4
297 4
441 4
57 4
626 4
505 4
859 4
948 4
99 4
90 4
916 4
492 4
266 4
377 4
1090 4
494 4
361 4
225 4
1075 4
381 4
116 4
930 4
816 4
1043 4
1042 4
1076 4
65 4
775 4
958 4
1078 4
1013 4
233 4
282 4
1176 4
676 4
64 4
827 4
903 4
243 4
841 4
324 4
937 4
754 4
794 4
380 4
764 4
931 4
237 4
201 4
307 4
420 4
235 4
770 4
367 4
915 4
119 4
355 4
1146 4
908 4
894 4
895 4
826 4
329 4
365 4
783 4
706 4
304 4
384 4
415 4
1081 4
97 4
306 4
1077 4
207 4
942 4
378 4
1149 4
328 4
317 4
196 4
120 4
218 4
944 4
359 4
128 4
430 4
569 4
464 4
808 4
274 4
212 4
344 4
232 4
904 4
1087 4
848 4
1062 4
399 4
227 4
107 4
98 4
312 4
559 4
270 4
263 4
830 4
789 4
804 4
778 4
835 4
833 4
93 4
901 4
796 4
821 4
911 4
566 4
326 4
856 4
619 4
860 4
314 4
836 4
806 4
897 4
272 4
900 4
369 4
322 4
918 4
846 4
899 4
400 4
102 4
1187 4
1157 4
935 4
330 4
936 4
262 4
73 4
793 4
961 4
832 4
946 4
786 4
1171 4
261 4
565 4
896 4
809 4
988 4
223 4
91 4
293 4
817 4
279 4
787 4
779 4
121 4
89 4
893 4
1097 4
238 4
929 4
319 4
383 4
792 4
123 4
215 4
854 4
945 4
1074 4
805 4
964 4
315 4
236 4
226 4
115 4
943 4
855 4
842 4
940 4
230 4
151 4
320 4
49 4
824 5
840 5
310 5
206 5
574 5
655 5
807 5
278 5
845 5
780 5
224 5
933 5
165 5
222 5
1059 5
919 5
311 5
818 5
837 5
800 5
347 5
834 5
401 5
843 5
44 5
822 5
1161 5
23 5
152 5
577 5
791 5
229 5
839 5
118 5
849 5
85 5
788 5
364 5
772 5
228 5
259 5
802 5
954 5
811 5
77 5
823 5
185 5
820 5
292 5
231 5
782 5
68 5
19 5
61 5
797 5
461 5
208 5
111 5
13 5
844 5
101 5
316 5
33 5
572 5
234 5
790 5
363 5
108 5
195 5
210 5
255 5
188 5
41 5
84 5
256 5
74 5
177 5
113 5
321 5
798 5
69 5
852 5
847 5
180 5
799 5
43 5
92 5
216 5
76 5
66 5
95 5
1170 5
219 5
53 5
158 5
257 5
122 5
168 5
80 5
86 5
258 5
924 5
810 5
323 5
436 5
280 5
81 5
193 5
1173 5
164 5
814 5
277 5
214 5
38 5
105 5
217 5
795 5
75 5
828 5
4 5
6 5
220 5
203 5
178 5
155 5
221 5
202 5
160 5
83 5
60 5
112 5
181 5
71 5
40 5
199 5
187 5
200 5
22 5
204 5
819 5
781 5
803 5
245 5
190 5
10 5
87 5
197 5
166 5
55 5
82 5
153 5
571 5
31 5
179 5
194 5
59 5
47 5
14 5
170 5
163 5
172 5
801 5
173 5
198 5
79 5
58 5
831 5
175 5
182 5
154 5
78 5
570 5
162 5
373 5
148 5
18 5
562 5
7 5
169 5
56 5
24 5
186 5
26 5
48 5
191 5
72 5
171 5
20 5
30 5
167 5
25 5
36 5
62 5
156 5
15 5
11 5
46 5
183 5
8 5
54 5
50 5
2 5
51 5
29 5
174 5
35 5
5 5
27 5
176 5
12 5
16 5
184 5
42 5
17 5
157 5
39 5
37 5
161 5
784 5
52 5
21 5
63 5
159 5
3 5
28 5
45 5
9 5
149 5
586 5
150 5
1073 5
32 5
211 5
192 5
189 5
205 5
209 5
