0 2
1 2
2 0
3 3
4 0
5 0
6 0
7 3
8 0
9 1
10 2
11 0
12 1
13 0
14 3
15 2
16 1
17 3
18 1
19 0
20 0
21 0
22 0
23 2
24 0
25 0
26 3
27 1
28 0
29 1
30 1
31 2
32 3
33 1
34 0
35 2
36 0
37 2
38 0
39 3
40 3
41 5
42 5
43 6
44 6
45 4
46 5
47 5
48 6
49 6
50 4
51 5
52 5
53 6
54 6
55 4
56 5
57 5
58 6
59 6
60 4
61 5
62 5
63 6
64 6
65 4
66 5
67 5
68 6
69 6
70 4
71 5
72 5
73 6
74 6
75 4
76 5
77 5
78 6
79 6
80 7
81 8
82 8
83 8
84 8
85 8
86 8
87 7
88 8
89 8
90 8
91 8
92 8
93 8
94 7
95 8
96 8
97 8
98 8
99 8
100 8
101 7
102 8
103 8
104 8
105 8
106 8
107 8
108 7
109 8
110 8
111 8
112 8
113 8
114 8
115 7
116 8
117 8
118 8
119 8
120 8
121 8
122 7
123 8
124 8
125 8
126 8
127 8
128 8
129 7
130 8
131 8
132 8
133 8
134 8
135 8
136 9
137 10
138 11
139 11
140 11
141 11
142 11
143 9
144 10
145 11
146 11
147 11
148 11
149 11
150 9
151 10
152 11
153 11
154 11
155 11
156 11
157 9
158 10
159 11
160 11
161 11
162 11
163 11
164 9
165 10
166 11
167 11
168 11
169 11
170 11
171 9
172 10
173 11
174 11
175 11
176 11
177 11
178 9
179 10
180 11
181 11
182 11
183 11
184 11
185 9
186 10
187 11
188 11
189 11
190 11
191 11