1 [ 1.       0.       0.75151  0.15223  0.6117   0.14435  0.79591  0.22262
  0.63538  0.28547  0.37735  0.20906  0.46997  0.19225  0.50942  0.12737
  0.40289  0.01216  0.44399  0.06553  0.56661  0.02928  0.653   -0.07526
  0.65047  0.13058  0.61831  0.25313  0.71333  0.12208  0.68583  0.30851
  0.44543  0.52637  0.42692  0.32519  0.4619   0.28216  0.21478  0.44763
  0.15422  0.26856  0.3127   0.05331  0.23317  0.11439  0.22343  0.10438
  0.42618 -0.01377  0.43371 -0.01774  0.4309   0.10254  0.54835  0.22047
  0.4639   0.18051  0.38256  0.18785  0.42232  0.40107  0.25802  0.35382
  0.12837  0.10044  0.21588  0.20619  0.15236  0.24249  0.0775  -0.10951
  0.23857 -0.13761  0.33192  0.05609  0.3377  -0.12005  0.43533 -0.18064
  0.5079   0.08134  0.53694  0.121    0.49604  0.07716  0.37673  0.21239
  0.40199  0.25914  0.37923  0.21322  0.13371  0.16783  0.16596  0.07565
  0.36187  0.04883  0.19159 -0.00601]
2 [ 1.       0.       0.75392  0.15366  0.61756  0.15109  0.80533  0.23474
  0.65098  0.30878  0.39239  0.25443  0.47027  0.25521  0.49278  0.19713
  0.37111  0.09336  0.38329  0.15587  0.47013  0.1024   0.54149 -0.03175
  0.53744  0.15736  0.49486  0.25714  0.5929   0.08423  0.6029   0.24722
  0.39663  0.47445  0.38702  0.27806  0.44422  0.23455  0.23165  0.43357
  0.16204  0.30415  0.27942  0.10516  0.18432  0.16771  0.15779  0.17849
  0.29821  0.06042  0.25703  0.00411  0.26525  0.07183  0.38919  0.16541
  0.28811  0.07923  0.24624  0.01747  0.37263  0.21032  0.25006  0.18862
  0.14018 -0.06103  0.29708  0.0497   0.28861  0.1545   0.18597 -0.1194
  0.31653 -0.12945  0.42308  0.08235  0.39635 -0.03298  0.40763 -0.07954
  0.45021  0.12396  0.49815  0.1394   0.4286   0.11068  0.27649  0.19702
  0.3526   0.17251  0.39167  0.14634  0.13972  0.14367  0.17884  0.02289
  0.43988 -0.00267  0.28639  0.03553]
3 [ 1.       0.       0.68102  0.29957  0.56476  0.22554  0.50074  0.15413
  0.61554  0.28403  0.29683  0.32152  0.36578  0.13506  0.3478   0.15857
  0.37656  0.20206  0.17512  0.08231  0.47236 -0.061    0.4755   0.18027
  0.37449  0.24878  0.16096  0.08118  0.47814 -0.07331  0.47984  0.16192
  0.46345  0.18537  0.36172  0.17994  0.53559  0.21021  0.31077  0.40378
  0.27139  0.2402   0.25492  0.25413  0.32058  0.31943 -0.01062  0.3731
  0.02936  0.00718  0.18382 -0.00446  0.34343  0.07354  0.14052  0.19623
  0.21418 -0.00435  0.2218   0.11598  0.22065  0.06375  0.11832  0.04937
  0.30233 -0.09984  0.27137  0.10593  0.21863 -0.03722  0.25647 -0.09806
  0.54268 -0.14254  0.5148   0.21195  0.38575  0.16739  0.30823  0.20332
  0.37436  0.11315  0.28277  0.26583  0.26739  0.08998  0.29458  0.19547
  0.27608  0.13573  0.17515  0.18454  0.25736 -0.05311  0.38509  0.12263
  0.33877  0.12888  0.22467  0.19286]
4 [ 1.       0.       0.75694  0.17831  0.56602  0.20182  0.73621  0.18576
  0.6433   0.26858  0.32457  0.27939  0.41809  0.1048   0.62824  0.04092
  0.47051  0.17996  0.40473  0.16261  0.64622  0.03506  0.64702  0.18794
  0.42619  0.36918  0.47481  0.21651  0.59327  0.16158  0.44261  0.41081
  0.32829  0.40581  0.42184  0.18823  0.39823  0.33563  0.21346  0.52058
  0.1491   0.26312  0.19337  0.10759  0.1548   0.29777  0.09209  0.18768
  0.17336 -0.13018  0.33357  0.00077  0.36725  0.22505  0.30891  0.06197
  0.35641  0.05106  0.39338  0.36632  0.2034   0.35132  0.04069  0.08412
  0.13644  0.1354   0.1525   0.2037  -0.00325 -0.06675  0.10969 -0.19765
  0.3763  -0.02273  0.30539 -0.0181   0.2023  -0.15013  0.43769 -0.04366
  0.50173  0.10615  0.24303  0.03163  0.29448 -0.02628  0.53844  0.08443
  0.37128  0.14238  0.18472  0.07563  0.40584  0.0649   0.4368   0.14323
  0.13307  0.13368  0.18502 -0.00527]
5 [ 1.       0.       0.66431  0.26747  0.58925  0.13528  0.64476  0.06543
  0.75736  0.36883  0.30386  0.37608  0.35408  0.11247  0.47279  0.05994
  0.50391  0.31106  0.17502  0.11144  0.45735 -0.07985  0.60948  0.03149
  0.55231  0.30683  0.33919  0.06542  0.67124  0.08972  0.64749  0.324
  0.42207  0.50918  0.27775  0.18878  0.54308  0.32262  0.34869  0.46706
  0.11479  0.43493  0.16381  0.06045  0.40888  0.28745  0.18335  0.32218
  0.08962  0.198    0.31504 -0.03861  0.44297  0.33603  0.17182  0.29233
  0.15995  0.17345  0.38633  0.09843  0.28998  0.47495  0.01442  0.25133
  0.09652  0.11401  0.3009   0.11474  0.09109  0.365   -0.01226  0.00236
  0.21273 -0.03564  0.38664  0.08735  0.12926  0.2611   0.19588 -0.06678
  0.40274  0.09738  0.40185  0.29487  0.05974  0.33962  0.20452  0.04591
  0.27097  0.27924  0.12451  0.34725 -0.15401  0.1738   0.14377 -0.08607
  0.15272  0.15004  0.04978  0.08906]
6 [ 1.       0.       0.77723  0.20922  0.56965  0.31909  0.66468  0.28229
  0.58811  0.34466  0.31528  0.51304  0.22421  0.4066   0.20837  0.16453
  0.15117  0.18119  0.20359  0.19158  0.26114  0.00844  0.25024 -0.00295
  0.35422  0.09489  0.49055  0.02712  0.4925   0.10246  0.46906  0.36596
  0.42684  0.35959  0.34037  0.25933  0.34577  0.45707  0.27957  0.58947
  0.00403  0.40789 -0.05982  0.28636  0.13168  0.32314  0.03207  0.29956
 -0.1937   0.20585 -0.03203  0.08259  0.15997  0.01618  0.04387  0.11625
  0.01825  0.15603  0.14595  0.01387  0.12373  0.02275  0.10096  0.16689
  0.17033  0.11224  0.10795  0.04556  0.04284  0.13113  0.14993  0.0709
  0.19945 -0.01729  0.13398  0.14602  0.12755  0.18111  0.15715 -0.02348
  0.20358  0.05596  0.23275  0.30058  0.0897   0.20357 -0.01772  0.03788
  0.1449   0.13775  0.17161  0.20362 -0.08063  0.10006 -0.06079  0.00877
  0.1926  -0.0431   0.15891 -0.02454]
7 [ 1.       0.       0.70142  0.41454  0.38987  0.31996  0.38084  0.20554
  0.42586  0.18717  0.50008  0.3269   0.25744  0.53536 -0.03981  0.29749
  0.12438  0.04875  0.24562  0.1488   0.19771  0.1793   0.17696  0.20861
  0.05029  0.15238  0.13315 -0.03832  0.29584  0.03528  0.24456  0.06133
  0.39436 -0.00833  0.52708  0.22058  0.38802  0.37335  0.328    0.39574
  0.23707  0.45395  0.20855  0.40548  0.2491   0.57778 -0.10328  0.72968
 -0.37463  0.39527 -0.20903  0.13925 -0.06253  0.15724 -0.01163  0.26613
 -0.21093  0.3919  -0.46081  0.09327 -0.17442 -0.24278  0.11971 -0.05947
  0.03347  0.10772 -0.05325  0.07861 -0.09204 -0.04671  0.1362  -0.20767
  0.43421  0.06924  0.22876  0.41641 -0.01266  0.35147 -0.0419   0.30987
 -0.1324   0.28133 -0.12283  0.23156 -0.21474  0.29576 -0.36872  0.12528
 -0.24031 -0.01968 -0.2437   0.04356 -0.3097  -0.11817 -0.12289 -0.2118
 -0.06325 -0.11896 -0.06596 -0.12721]
8 [ 1.       0.       0.68157  0.29975  0.56654  0.22651  0.50404  0.15653
  0.62068  0.28857  0.30351  0.32951  0.3729   0.14693  0.35459  0.17444
  0.38219  0.22177  0.17844  0.10536  0.47332 -0.03673  0.47599  0.20543
  0.37514  0.27584  0.16101  0.11063  0.47827 -0.04309  0.48284  0.19442
  0.46926  0.22326  0.36824  0.2255   0.54111  0.26322  0.31433  0.46592
  0.26961  0.31137  0.24618  0.33285  0.30469  0.40448 -0.03517  0.46614
 -0.0084   0.10528  0.13375  0.09389  0.28455  0.17071  0.07347  0.29573
  0.1348   0.09627  0.13062  0.21463  0.11883  0.15934  0.00559  0.14286
  0.17684 -0.0115   0.13573  0.18801  0.07151  0.03882  0.09623 -0.03096
  0.37173 -0.09108  0.34184  0.24877  0.21091  0.19496  0.12892  0.2221
  0.19123  0.11903  0.10193  0.26141  0.0862   0.0803   0.10992  0.18085
  0.0854   0.11422 -0.0226   0.15624  0.04656 -0.09322  0.16504  0.06169
  0.11605  0.04467  0.00278  0.08786]
13 [ 1.       0.       0.73866  0.11666  0.65548  0.05122  0.86012  0.2187
  0.63344  0.23557  0.49664  0.01823  0.66386  0.17611  0.56411  0.1949
  0.53957 -0.11458  0.68871  0.04637  0.62841  0.20388  0.70755 -0.04582
  0.80743  0.10137  0.61661  0.34697  0.68332  0.18434  0.76828  0.25049
  0.44614  0.40337  0.46047  0.25813  0.6374   0.2701   0.34737  0.27727
  0.33495  0.12147  0.6067   0.21491  0.43885  0.19765  0.39565  0.02745
  0.61852  0.24793  0.5062   0.30733  0.44207  0.07764  0.52721  0.29808
  0.38585  0.41885  0.38108  0.12063  0.41643  0.2213   0.22607  0.35623
  0.32548  0.08563  0.43837  0.10174  0.19905  0.21886  0.3159   0.05895
  0.52303  0.0973   0.25401  0.15247  0.27883  0.0476   0.51773  0.16064
  0.29177  0.14058  0.23721 -0.02394  0.44597  0.15691  0.31699  0.13872
  0.27851 -0.11548  0.4127   0.08918  0.32394  0.16008  0.36123 -0.12946
  0.42657  0.02016  0.27764  0.15941]
14 [ 1.       0.       0.73866  0.11666  0.65548  0.05122  0.86012  0.2187
  0.63344  0.23558  0.49665  0.01823  0.66387  0.17611  0.56412  0.1949
  0.53958 -0.11458  0.68872  0.04637  0.62843  0.20388  0.70757 -0.04582
  0.80745  0.10138  0.61664  0.34697  0.68335  0.18435  0.76832  0.2505
  0.44618  0.40338  0.46052  0.25814  0.63745  0.27011  0.34743  0.27729
  0.33501  0.12149  0.60677  0.21494  0.43893  0.19768  0.39573  0.02748
  0.6186   0.24796  0.50629  0.30736  0.44216  0.07768  0.52731  0.29812
  0.38596  0.41889  0.3812   0.12068  0.41655  0.22135  0.2262   0.35628
  0.32562  0.08569  0.43852  0.1018   0.1992   0.21893  0.31605  0.05902
  0.52319  0.09737  0.25418  0.15255  0.27901  0.04768  0.51791  0.16072
  0.29196  0.14067  0.23741 -0.02385  0.44618  0.157    0.3172   0.13882
  0.27874 -0.11538  0.41293  0.08928  0.32418  0.16018  0.36148 -0.12935
  0.42683  0.02027  0.27791  0.15953]
15 [ 1.       0.       0.74994  0.15105  0.60844  0.13987  0.78908  0.21395
  0.62757  0.2648   0.37877  0.17761  0.47909  0.1571   0.53045  0.0837
  0.44755 -0.02899  0.49775  0.04243  0.62199  0.01529  0.71779 -0.07384
  0.70112  0.15485  0.64572  0.27521  0.73757  0.13847  0.69487  0.32174
  0.44394  0.50973  0.45074  0.28855  0.50356  0.2449   0.27679  0.3955
  0.26301  0.23173  0.43781  0.06232  0.35648  0.14401  0.35721  0.1743
  0.52499  0.11252  0.4808   0.10732  0.45803  0.22297  0.5294   0.34826
  0.40737  0.25556  0.34903  0.21623  0.39718  0.42366  0.24895  0.34117
  0.18551  0.08266  0.29503  0.239    0.22974  0.29896  0.17928 -0.00973
  0.29635  0.0307   0.31751  0.22727  0.29903  0.0495   0.32741 -0.00783
  0.33332  0.17564  0.38686  0.15002  0.35018  0.08199  0.23861  0.13801
  0.35615  0.15447  0.38227  0.15724  0.14757  0.11172  0.23424  0.05452
  0.4139   0.12192  0.17957  0.07454]
16 [ 1.       0.       0.66487  0.26767  0.59094  0.13624  0.64803  0.06752
  0.76297  0.37296  0.31116  0.38402  0.36152  0.12409  0.48032  0.07459
  0.51188  0.32939  0.18149  0.13406  0.46167 -0.0556   0.61393  0.05654
  0.55817  0.33451  0.34457  0.09632  0.67756  0.12169  0.6576   0.3595
  0.43474  0.55226  0.28891  0.23939  0.55405  0.3789   0.3596   0.53281
  0.12082  0.5119   0.16084  0.14448  0.40028  0.37586  0.16824  0.41837
  0.06348  0.30045  0.27774  0.06428  0.40035  0.4398   0.12092  0.40169
  0.09653  0.28517  0.31239  0.20782  0.2094   0.58568 -0.07999  0.36566
 -0.01463  0.22441  0.17776  0.21643 -0.04129  0.46192 -0.16037  0.09187
  0.05296  0.03748  0.22436  0.14407 -0.0338   0.30888  0.02717 -0.03086
  0.23612  0.11802  0.24259  0.30798 -0.09845  0.35355  0.04001  0.05432
  0.10607  0.28011 -0.04282  0.34654 -0.33398  0.17016 -0.05025 -0.10748
 -0.044    0.10835 -0.14964  0.02988]
17 [ 1.       0.       0.74989  0.15104  0.60826  0.13981  0.78873  0.21381
  0.62696  0.26451  0.37792  0.17708  0.47808  0.15632  0.52924  0.08273
  0.4461  -0.03018  0.49611  0.04101  0.62013  0.0138   0.71547 -0.07535
  0.69821  0.15315  0.64219  0.27328  0.73325  0.13628  0.68957  0.31902
  0.43773  0.50613  0.44385  0.28397  0.49604  0.23926  0.26875  0.38859
  0.25481  0.22348  0.42975  0.05303  0.3484   0.13392  0.34904  0.16336
  0.51689  0.10092  0.47246  0.09538  0.44888  0.21047  0.51942  0.33473
  0.39667  0.24091  0.33733  0.20019  0.38458  0.40553  0.23616  0.32061
  0.17303  0.05981  0.28306  0.21392  0.21875  0.27165  0.16987 -0.03883
  0.28849  0.00058  0.3107   0.19647  0.29315  0.01796  0.32238 -0.03982
  0.32836  0.14338  0.38145  0.11669  0.34479  0.04685  0.23352  0.10107
  0.35129  0.11533  0.37848  0.11517  0.14603  0.06703  0.23529  0.00806
  0.41766  0.07404  0.18653  0.02567]
9 [ 1.       0.       0.74992  0.15105  0.60838  0.13986  0.78897  0.21393
  0.62737  0.26474  0.37849  0.1775   0.47873  0.15693  0.52998  0.08349
  0.44697 -0.02926  0.49705  0.0421   0.62115  0.01491  0.71677 -0.07426
  0.69988  0.15435  0.64425  0.27461  0.73585  0.13775  0.69286  0.32085
  0.44166  0.50861  0.44822  0.28717  0.50082  0.24325  0.27383  0.39354
  0.25989  0.22946  0.43457  0.05978  0.35309  0.14122  0.35365  0.17124
  0.52128  0.10922  0.47689  0.1038   0.45385  0.21919  0.52495  0.34414
  0.40268  0.25107  0.34409  0.21134  0.39199  0.41828  0.24362  0.33525
  0.18013  0.07623  0.28962  0.23208  0.22435  0.29155  0.17399 -0.01757
  0.29116  0.02254  0.31233  0.21882  0.29387  0.04075  0.32225 -0.01683
  0.32805  0.1664   0.38144  0.14045  0.34466  0.072    0.23303  0.12759
  0.35049  0.1436   0.37663  0.14583  0.1421   0.0998   0.22898  0.04221
  0.40885  0.10927  0.17478  0.0616 ]
10 [ 1.       0.       0.77793  0.20943  0.57197  0.32029  0.6691   0.28508
  0.59522  0.35018  0.32488  0.52306  0.2347   0.42188  0.21851  0.1847
  0.16085  0.20608  0.21216  0.22097  0.26785  0.04147  0.25591  0.03304
  0.35984  0.13378  0.49638  0.06903  0.50006  0.14829  0.47954  0.41828
  0.43788  0.42104  0.3495   0.33024  0.35348  0.53761  0.28406  0.68262
 -0.001    0.51499 -0.07801  0.40274  0.10176  0.44476 -0.0098   0.42815
 -0.25157  0.34075 -0.10712  0.21698  0.07157  0.1471  -0.05559  0.24685
 -0.09502  0.28609  0.01731  0.13953 -0.01796  0.14334 -0.05367  0.28272
  0.00011  0.22066 -0.07743  0.14394 -0.15608  0.21738 -0.06268  0.14053
 -0.02275  0.03182 -0.09048  0.17581 -0.0984   0.19389 -0.07103 -0.02973
 -0.01874  0.02972  0.02233  0.2618  -0.1158   0.16034 -0.22465 -0.01275
 -0.05919  0.07436 -0.02818  0.13243 -0.28432  0.02429 -0.27248 -0.08282
 -0.0197  -0.16064 -0.04546 -0.16535]
11 [ 1.       0.       0.7524   0.15248  0.61451  0.14657  0.79912  0.22597
  0.64447  0.28808  0.39607  0.22319  0.483    0.22096  0.51879  0.15588
  0.4217   0.05671  0.44366  0.13994  0.53186  0.09905  0.61084 -0.0164
  0.59018  0.1981   0.52122  0.29781  0.61202  0.11997  0.60325  0.27876
  0.38421  0.47439  0.39869  0.25592  0.47402  0.2096   0.28372  0.39283
  0.26363  0.27973  0.39985  0.12999  0.30365  0.21891  0.28595  0.27682
  0.38726  0.2228   0.28569  0.17277  0.26147  0.23983  0.32627  0.34062
  0.17354  0.19849  0.14009  0.08139  0.26478  0.25428  0.15366  0.18192
  0.10867 -0.08861  0.29151  0.05672  0.29102  0.17251  0.22446 -0.06525
  0.32217 -0.00905  0.36643  0.2071   0.32287  0.09457  0.2679   0.05854
  0.24076  0.19029  0.30713  0.14197  0.23606  0.08735  0.08426  0.09102
  0.24574  0.02574  0.33419  0.03303  0.09901  0.01825  0.20008 -0.07835
  0.45813 -0.02123  0.25921  0.01962]
12 [ 1.       0.       0.74083  0.11807  0.66055  0.05681  0.87066  0.22988
  0.64693  0.26164  0.50145  0.05887  0.66107  0.22421  0.54854  0.25495
  0.49827 -0.055    0.63714  0.08995  0.57409  0.23937  0.64405 -0.02816
  0.76176  0.09696  0.5974   0.34917  0.67166  0.19298  0.77886  0.26797
  0.46906  0.46497  0.45764  0.3495   0.6167   0.37183  0.29682  0.40965
  0.22582  0.24829  0.47306  0.30005  0.29018  0.26511  0.22238  0.05243
  0.47748  0.21418  0.40719  0.26862  0.35723  0.03367  0.49712  0.25111
  0.39157  0.42899  0.35874  0.17152  0.39011  0.29318  0.17336  0.4828
  0.18837  0.21142  0.26622  0.18355  0.00344  0.29052  0.07267  0.067
  0.30912  0.0182   0.08869  0.06325  0.13277 -0.07131  0.45069  0.01106
  0.28205  0.05673  0.21593 -0.06397  0.45205  0.13512  0.30701  0.19795
  0.17742 -0.03486  0.28873  0.13538  0.16735  0.21455  0.12583 -0.13293
  0.21938 -0.07424  0.1151   0.0522 ]
