0 1 0.026131773367524147
0 2 0.14010409265756607
0 3 0.2504364624619484
0 4 0.3874085396528244
0 5 0.5219984389841557
0 6 0.7434995118528605
0 7 0.5943348500877619
0 8 0.5943348500877619
0 9 0.5943348500877619
0 10 0.5943348500877619
0 11 0.026131773367524147
0 12 0.14010409265756607
0 13 0.2504364624619484
0 14 0.3874085396528244
0 15 0.5219984389841557
0 16 0.7434995118528605
0 17 0.5943348500877619
0 18 0.5943348500877619
0 19 0.5943348500877619
0 20 0.5943348500877619
1 2 0.131179703399539
1 3 0.2316486146301031
1 4 0.3682087194174528
1 5 0.5107940826565027
1 6 0.7310443818569183
1 7 0.5812968313694
1 8 0.5812968313694
1 9 0.5812968313694
1 10 0.5812968313694
1 11 0.0
1 12 0.131179703399539
1 13 0.2316486146301031
1 14 0.3682087194174528
1 15 0.5107940826565027
1 16 0.7310443818569183
1 17 0.5812968313694
1 18 0.5812968313694
1 19 0.5812968313694
1 20 0.5812968313694
2 3 0.3239341787993908
2 4 0.4574826993048191
2 5 0.5948337614536285
2 6 0.8112493064254522
2 7 0.6620846446603537
2 8 0.6620846446603537
2 9 0.6620846446603537
2 10 0.6620846446603537
2 11 0.131179703399539
2 12 0.0
2 13 0.3239341787993908
2 14 0.4574826993048191
2 15 0.5948337614536285
2 16 0.8112493064254522
2 17 0.6620846446603537
2 18 0.6620846446603537
2 19 0.6620846446603537
2 20 0.6620846446603537
3 4 0.4843354746699333
3 5 0.6259888596832752
3 6 0.8410292956978083
3 7 0.6952562872320414
3 8 0.6952562872320414
3 9 0.6952562872320414
3 10 0.6952562872320414
3 11 0.2316486146301031
3 12 0.3239341787993908
3 13 0.0
3 14 0.4843354746699333
3 15 0.6259888596832752
3 16 0.8410292956978083
3 17 0.6952562872320414
3 18 0.6952562872320414
3 19 0.6952562872320414
3 20 0.6952562872320414
4 5 0.6581973098218441
4 6 0.8905800897628069
4 7 0.75620305724442
4 8 0.75620305724442
4 9 0.75620305724442
4 10 0.75620305724442
4 11 0.3682087194174528
4 12 0.4574826993048191
4 13 0.4843354746699333
4 14 0.0
4 15 0.6581973098218441
4 16 0.8905800897628069
4 17 0.75620305724442
4 18 0.75620305724442
4 19 0.75620305724442
4 20 0.75620305724442
5 6 0.9032944049686193
5 7 0.7722671162337065
5 8 0.7722671162337065
5 9 0.7722671162337065
5 10 0.7722671162337065
5 11 0.5107940826565027
5 12 0.5948337614536285
5 13 0.6259888596832752
5 14 0.6581973098218441
5 15 0.0
5 16 0.9032944049686193
5 17 0.7722671162337065
5 18 0.7722671162337065
5 19 0.7722671162337065
5 20 0.7722671162337065
6 7 0.1916796714067459
6 8 0.1916796714067459
6 9 0.1916796714067459
6 10 0.1916796714067459
6 11 0.7310443818569183
6 12 0.8112493064254522
6 13 0.8410292956978083
6 14 0.8905800897628069
6 15 0.9032944049686193
6 16 0.0
6 17 0.1916796714067459
6 18 0.1916796714067459
6 19 0.1916796714067459
6 20 0.1916796714067459
7 8 0.0
7 9 0.0
7 10 0.0
7 11 0.5812968313694
7 12 0.6620846446603537
7 13 0.6952562872320414
7 14 0.75620305724442
7 15 0.7722671162337065
7 16 0.1916796714067459
7 17 0.0
7 18 0.0
7 19 0.0
7 20 0.0
8 9 0.0
8 10 0.0
8 11 0.5812968313694
8 12 0.6620846446603537
8 13 0.6952562872320414
8 14 0.75620305724442
8 15 0.7722671162337065
8 16 0.1916796714067459
8 17 0.0
8 18 0.0
8 19 0.0
8 20 0.0
9 10 0.0
9 11 0.5812968313694
9 12 0.6620846446603537
9 13 0.6952562872320414
9 14 0.75620305724442
9 15 0.7722671162337065
9 16 0.1916796714067459
9 17 0.0
9 18 0.0
9 19 0.0
9 20 0.0
10 11 0.5812968313694
10 12 0.6620846446603537
10 13 0.6952562872320414
10 14 0.75620305724442
10 15 0.7722671162337065
10 16 0.1916796714067459
10 17 0.0
10 18 0.0
10 19 0.0
10 20 0.0
11 12 0.131179703399539
11 13 0.2316486146301031
11 14 0.3682087194174528
11 15 0.5107940826565027
11 16 0.7310443818569183
11 17 0.5812968313694
11 18 0.5812968313694
11 19 0.5812968313694
11 20 0.5812968313694
12 13 0.3239341787993908
12 14 0.4574826993048191
12 15 0.5948337614536285
12 16 0.8112493064254522
12 17 0.6620846446603537
12 18 0.6620846446603537
12 19 0.6620846446603537
12 20 0.6620846446603537
13 14 0.4843354746699333
13 15 0.6259888596832752
13 16 0.8410292956978083
13 17 0.6952562872320414
13 18 0.6952562872320414
13 19 0.6952562872320414
13 20 0.6952562872320414
14 15 0.6581973098218441
14 16 0.8905800897628069
14 17 0.75620305724442
14 18 0.75620305724442
14 19 0.75620305724442
14 20 0.75620305724442
15 16 0.9032944049686193
15 17 0.7722671162337065
15 18 0.7722671162337065
15 19 0.7722671162337065
15 20 0.7722671162337065
16 17 0.1916796714067459
16 18 0.1916796714067459
16 19 0.1916796714067459
16 20 0.1916796714067459
17 18 0.0
17 19 0.0
17 20 0.0
18 19 0.0
18 20 0.0
19 20 0.0
