0 1 0.9980711047537625
0 2 0.9817250878550112
0 3 0.9333563544787467
0 4 0.8084580707363784
0 5 0.5929986881092191
0 6 0.3911600038409233
0 7 0.489351699128747
0 8 0.489351699128747
0 9 0.489351699128747
0 10 0.489351699128747
0 11 0.9980711047537625
0 12 0.9817250878550112
0 13 0.9333563544787467
0 14 0.8084580707363784
0 15 0.5929986881092191
0 16 0.3911600038409233
0 17 0.489351699128747
0 18 0.489351699128747
0 19 0.489351699128747
0 20 0.489351699128747
1 2 0.9806383950635791
1 3 0.9346030037850142
1 4 0.8102535931393504
1 5 0.5949046057648957
1 6 0.3930852930061519
1 7 0.4912769882939756
1 8 0.4912769882939756
1 9 0.4912769882939756
1 10 0.4912769882939756
1 11 1.0
1 12 0.9806383950635791
1 13 0.9346030037850142
1 14 0.8102535931393504
1 15 0.5949046057648957
1 16 0.3930852930061519
1 17 0.4912769882939756
1 18 0.4912769882939756
1 19 0.4912769882939756
1 20 0.4912769882939756
2 3 0.919240758754313
2 4 0.8036408834159374
2 5 0.5907382271252573
2 6 0.38948456244543195
2 7 0.4876762577332556
2 8 0.4876762577332556
2 9 0.4876762577332556
2 10 0.4876762577332556
2 11 0.9806383950635791
2 12 1.0
2 13 0.919240758754313
2 14 0.8036408834159374
2 15 0.5907382271252573
2 16 0.38948456244543195
2 17 0.4876762577332556
2 18 0.4876762577332556
2 19 0.4876762577332556
2 20 0.4876762577332556
3 4 0.7667039828374982
3 5 0.5784592577256262
3 6 0.3858421272598207
3 7 0.4840338225476444
3 8 0.4840338225476444
3 9 0.4840338225476444
3 10 0.4840338225476444
3 11 0.9346030037850142
3 12 0.919240758754313
3 13 1.0
3 14 0.7667039828374982
3 15 0.5784592577256262
3 16 0.3858421272598207
3 17 0.4840338225476444
3 18 0.4840338225476444
3 19 0.4840338225476444
3 20 0.4840338225476444
4 5 0.4858354195021093
4 6 0.3401576173491776
4 7 0.4383493126370013
4 8 0.4383493126370013
4 9 0.4383493126370013
4 10 0.4383493126370013
4 11 0.8102535931393504
4 12 0.8036408834159374
4 13 0.7667039828374982
4 14 1.0
4 15 0.4858354195021093
4 16 0.3401576173491776
4 17 0.4383493126370013
4 18 0.4383493126370013
4 19 0.4383493126370013
4 20 0.4383493126370013
5 6 0.1250659106299281
5 7 0.2232576059177518
5 8 0.2232576059177518
5 9 0.2232576059177518
5 10 0.2232576059177518
5 11 0.5949046057648957
5 12 0.5907382271252573
5 13 0.5784592577256262
5 14 0.4858354195021093
5 15 1.0
5 16 0.1250659106299281
5 17 0.2232576059177518
5 18 0.2232576059177518
5 19 0.2232576059177518
5 20 0.2232576059177518
6 7 0.9018083047121763
6 8 0.9018083047121763
6 9 0.9018083047121763
6 10 0.9018083047121763
6 11 0.3930852930061519
6 12 0.38948456244543195
6 13 0.3858421272598207
6 14 0.3401576173491776
6 15 0.1250659106299281
6 16 1.0
6 17 0.9018083047121763
6 18 0.9018083047121763
6 19 0.9018083047121763
6 20 0.9018083047121763
7 8 1.0
7 9 1.0
7 10 1.0
7 11 0.4912769882939756
7 12 0.4876762577332556
7 13 0.4840338225476444
7 14 0.4383493126370013
7 15 0.2232576059177518
7 16 0.9018083047121763
7 17 1.0
7 18 1.0
7 19 1.0
7 20 1.0
8 9 1.0
8 10 1.0
8 11 0.4912769882939756
8 12 0.4876762577332556
8 13 0.4840338225476444
8 14 0.4383493126370013
8 15 0.2232576059177518
8 16 0.9018083047121763
8 17 1.0
8 18 1.0
8 19 1.0
8 20 1.0
9 10 1.0
9 11 0.4912769882939756
9 12 0.4876762577332556
9 13 0.4840338225476444
9 14 0.4383493126370013
9 15 0.2232576059177518
9 16 0.9018083047121763
9 17 1.0
9 18 1.0
9 19 1.0
9 20 1.0
10 11 0.4912769882939756
10 12 0.4876762577332556
10 13 0.4840338225476444
10 14 0.4383493126370013
10 15 0.2232576059177518
10 16 0.9018083047121763
10 17 1.0
10 18 1.0
10 19 1.0
10 20 1.0
11 12 0.9806383950635791
11 13 0.9346030037850142
11 14 0.8102535931393504
11 15 0.5949046057648957
11 16 0.3930852930061519
11 17 0.4912769882939756
11 18 0.4912769882939756
11 19 0.4912769882939756
11 20 0.4912769882939756
12 13 0.919240758754313
12 14 0.8036408834159374
12 15 0.5907382271252573
12 16 0.38948456244543195
12 17 0.4876762577332556
12 18 0.4876762577332556
12 19 0.4876762577332556
12 20 0.4876762577332556
13 14 0.7667039828374982
13 15 0.5784592577256262
13 16 0.3858421272598207
13 17 0.4840338225476444
13 18 0.4840338225476444
13 19 0.4840338225476444
13 20 0.4840338225476444
14 15 0.4858354195021093
14 16 0.3401576173491776
14 17 0.4383493126370013
14 18 0.4383493126370013
14 19 0.4383493126370013
14 20 0.4383493126370013
15 16 0.1250659106299281
15 17 0.2232576059177518
15 18 0.2232576059177518
15 19 0.2232576059177518
15 20 0.2232576059177518
16 17 0.9018083047121763
16 18 0.9018083047121763
16 19 0.9018083047121763
16 20 0.9018083047121763
17 18 1.0
17 19 1.0
17 20 1.0
18 19 1.0
18 20 1.0
19 20 1.0
