0 1 0.9738682266324759
0 2 0.8598959073424339
0 3 0.7495635375380516
0 4 0.6125914603471756
0 5 0.47800156101584435
0 6 0.25650048814713955
0 7 0.4056651499122381
0 8 0.4056651499122381
0 9 0.4056651499122381
0 10 0.4056651499122381
0 11 0.9738682266324759
0 12 0.8598959073424339
0 13 0.7495635375380516
0 14 0.6125914603471756
0 15 0.47800156101584435
0 16 0.25650048814713955
0 17 0.4056651499122381
0 18 0.4056651499122381
0 19 0.4056651499122381
0 20 0.4056651499122381
1 2 0.868820296600461
1 3 0.7683513853698969
1 4 0.6317912805825472
1 5 0.4892059173434973
1 6 0.26895561814308167
1 7 0.4187031686306
1 8 0.4187031686306
1 9 0.4187031686306
1 10 0.4187031686306
1 11 1.0
1 12 0.868820296600461
1 13 0.7683513853698969
1 14 0.6317912805825472
1 15 0.4892059173434973
1 16 0.26895561814308167
1 17 0.4187031686306
1 18 0.4187031686306
1 19 0.4187031686306
1 20 0.4187031686306
2 3 0.6760658212006092
2 4 0.5425173006951809
2 5 0.40516623854637146
2 6 0.18875069357454777
2 7 0.33791535533964634
2 8 0.33791535533964634
2 9 0.33791535533964634
2 10 0.33791535533964634
2 11 0.868820296600461
2 12 1.0
2 13 0.6760658212006092
2 14 0.5425173006951809
2 15 0.40516623854637146
2 16 0.18875069357454777
2 17 0.33791535533964634
2 18 0.33791535533964634
2 19 0.33791535533964634
2 20 0.33791535533964634
3 4 0.5156645253300667
3 5 0.3740111403167248
3 6 0.15897070430219173
3 7 0.30474371276795864
3 8 0.30474371276795864
3 9 0.30474371276795864
3 10 0.30474371276795864
3 11 0.7683513853698969
3 12 0.6760658212006092
3 13 1.0
3 14 0.5156645253300667
3 15 0.3740111403167248
3 16 0.15897070430219173
3 17 0.30474371276795864
3 18 0.30474371276795864
3 19 0.30474371276795864
3 20 0.30474371276795864
4 5 0.3418026901781559
4 6 0.10941991023719311
4 7 0.24379694275557995
4 8 0.24379694275557995
4 9 0.24379694275557995
4 10 0.24379694275557995
4 11 0.6317912805825472
4 12 0.5425173006951809
4 13 0.5156645253300667
4 14 1.0
4 15 0.3418026901781559
4 16 0.10941991023719311
4 17 0.24379694275557995
4 18 0.24379694275557995
4 19 0.24379694275557995
4 20 0.24379694275557995
5 6 0.09670559503138065
5 7 0.22773288376629353
5 8 0.22773288376629353
5 9 0.22773288376629353
5 10 0.22773288376629353
5 11 0.4892059173434973
5 12 0.40516623854637146
5 13 0.3740111403167248
5 14 0.3418026901781559
5 15 1.0
5 16 0.09670559503138065
5 17 0.22773288376629353
5 18 0.22773288376629353
5 19 0.22773288376629353
5 20 0.22773288376629353
6 7 0.8083203285932541
6 8 0.8083203285932541
6 9 0.8083203285932541
6 10 0.8083203285932541
6 11 0.26895561814308167
6 12 0.18875069357454777
6 13 0.15897070430219173
6 14 0.10941991023719311
6 15 0.09670559503138065
6 16 1.0
6 17 0.8083203285932541
6 18 0.8083203285932541
6 19 0.8083203285932541
6 20 0.8083203285932541
7 8 1.0
7 9 1.0
7 10 1.0
7 11 0.4187031686306
7 12 0.33791535533964634
7 13 0.30474371276795864
7 14 0.24379694275557995
7 15 0.22773288376629353
7 16 0.8083203285932541
7 17 1.0
7 18 1.0
7 19 1.0
7 20 1.0
8 9 1.0
8 10 1.0
8 11 0.4187031686306
8 12 0.33791535533964634
8 13 0.30474371276795864
8 14 0.24379694275557995
8 15 0.22773288376629353
8 16 0.8083203285932541
8 17 1.0
8 18 1.0
8 19 1.0
8 20 1.0
9 10 1.0
9 11 0.4187031686306
9 12 0.33791535533964634
9 13 0.30474371276795864
9 14 0.24379694275557995
9 15 0.22773288376629353
9 16 0.8083203285932541
9 17 1.0
9 18 1.0
9 19 1.0
9 20 1.0
10 11 0.4187031686306
10 12 0.33791535533964634
10 13 0.30474371276795864
10 14 0.24379694275557995
10 15 0.22773288376629353
10 16 0.8083203285932541
10 17 1.0
10 18 1.0
10 19 1.0
10 20 1.0
11 12 0.868820296600461
11 13 0.7683513853698969
11 14 0.6317912805825472
11 15 0.4892059173434973
11 16 0.26895561814308167
11 17 0.4187031686306
11 18 0.4187031686306
11 19 0.4187031686306
11 20 0.4187031686306
12 13 0.6760658212006092
12 14 0.5425173006951809
12 15 0.40516623854637146
12 16 0.18875069357454777
12 17 0.33791535533964634
12 18 0.33791535533964634
12 19 0.33791535533964634
12 20 0.33791535533964634
13 14 0.5156645253300667
13 15 0.3740111403167248
13 16 0.15897070430219173
13 17 0.30474371276795864
13 18 0.30474371276795864
13 19 0.30474371276795864
13 20 0.30474371276795864
14 15 0.3418026901781559
14 16 0.10941991023719311
14 17 0.24379694275557995
14 18 0.24379694275557995
14 19 0.24379694275557995
14 20 0.24379694275557995
15 16 0.09670559503138065
15 17 0.22773288376629353
15 18 0.22773288376629353
15 19 0.22773288376629353
15 20 0.22773288376629353
16 17 0.8083203285932541
16 18 0.8083203285932541
16 19 0.8083203285932541
16 20 0.8083203285932541
17 18 1.0
17 19 1.0
17 20 1.0
18 19 1.0
18 20 1.0
19 20 1.0
