0 1 0.9802304767072201
0 2 0.8119189850986004
0 3 0.7240663394331932
0 4 0.6206498928368092
0 5 0.4947538413107395
0 6 0.355523731559515
0 7 0.39519283547997475
0 8 0.39519283547997475
0 9 0.39519283547997475
0 10 0.39519283547997475
0 11 0.9802304767072201
0 12 0.8119189850986004
0 13 0.7240663394331932
0 14 0.6206498928368092
0 15 0.4947538413107395
0 16 0.355523731559515
0 17 0.39519283547997475
0 18 0.39519283547997475
0 19 0.39519283547997475
0 20 0.39519283547997475
1 2 0.8251795768737793
1 3 0.7274559400975704
1 4 0.6295576021075249
1 5 0.49518711119890213
1 6 0.3574461042881012
1 7 0.4114696905016899
1 8 0.4114696905016899
1 9 0.4114696905016899
1 10 0.4114696905016899
1 11 1.0
1 12 0.8251795768737793
1 13 0.7274559400975704
1 14 0.6295576021075249
1 15 0.49518711119890213
1 16 0.3574461042881012
1 17 0.4114696905016899
1 18 0.4114696905016899
1 19 0.4114696905016899
1 20 0.4114696905016899
2 3 0.5746608562767506
2 4 0.4697185680270195
2 5 0.32418956607580185
2 6 0.19168011844158173
2 7 0.26032059639692307
2 8 0.26032059639692307
2 9 0.26032059639692307
2 10 0.26032059639692307
2 11 0.8251795768737793
2 12 1.0
2 13 0.5746608562767506
2 14 0.4697185680270195
2 15 0.32418956607580185
2 16 0.19168011844158173
2 17 0.26032059639692307
2 18 0.26032059639692307
2 19 0.26032059639692307
2 20 0.26032059639692307
3 4 0.45810456201434135
3 5 0.30458417162299156
3 6 0.17078720405697823
3 7 0.24289045855402946
3 8 0.24289045855402946
3 9 0.24289045855402946
3 10 0.24289045855402946
3 11 0.7274559400975704
3 12 0.5746608562767506
3 13 1.0
3 14 0.45810456201434135
3 15 0.30458417162299156
3 16 0.17078720405697823
3 17 0.24289045855402946
3 18 0.24289045855402946
3 19 0.24289045855402946
3 20 0.24289045855402946
4 5 0.3197341561317444
4 6 0.18722470849752426
4 7 0.26418545842170715
4 8 0.26418545842170715
4 9 0.26418545842170715
4 10 0.26418545842170715
4 11 0.6295576021075249
4 12 0.4697185680270195
4 13 0.45810456201434135
4 14 1.0
4 15 0.3197341561317444
4 16 0.18722470849752426
4 17 0.26418545842170715
4 18 0.26418545842170715
4 19 0.26418545842170715
4 20 0.26418545842170715
5 6 0.2178981602191925
5 7 0.2873583287000656
5 8 0.2873583287000656
5 9 0.2873583287000656
5 10 0.2873583287000656
5 11 0.49518711119890213
5 12 0.32418956607580185
5 13 0.30458417162299156
5 14 0.3197341561317444
5 15 1.0
5 16 0.2178981602191925
5 17 0.2873583287000656
5 18 0.2873583287000656
5 19 0.2873583287000656
5 20 0.2873583287000656
6 7 0.833159513771534
6 8 0.833159513771534
6 9 0.833159513771534
6 10 0.833159513771534
6 11 0.3574461042881012
6 12 0.19168011844158173
6 13 0.17078720405697823
6 14 0.18722470849752426
6 15 0.2178981602191925
6 16 1.0
6 17 0.833159513771534
6 18 0.833159513771534
6 19 0.833159513771534
6 20 0.833159513771534
7 8 1.0
7 9 1.0
7 10 1.0
7 11 0.4114696905016899
7 12 0.26032059639692307
7 13 0.24289045855402946
7 14 0.26418545842170715
7 15 0.2873583287000656
7 16 0.833159513771534
7 17 1.0
7 18 1.0
7 19 1.0
7 20 1.0
8 9 1.0
8 10 1.0
8 11 0.4114696905016899
8 12 0.26032059639692307
8 13 0.24289045855402946
8 14 0.26418545842170715
8 15 0.2873583287000656
8 16 0.833159513771534
8 17 1.0
8 18 1.0
8 19 1.0
8 20 1.0
9 10 1.0
9 11 0.4114696905016899
9 12 0.26032059639692307
9 13 0.24289045855402946
9 14 0.26418545842170715
9 15 0.2873583287000656
9 16 0.833159513771534
9 17 1.0
9 18 1.0
9 19 1.0
9 20 1.0
10 11 0.4114696905016899
10 12 0.26032059639692307
10 13 0.24289045855402946
10 14 0.26418545842170715
10 15 0.2873583287000656
10 16 0.833159513771534
10 17 1.0
10 18 1.0
10 19 1.0
10 20 1.0
11 12 0.8251795768737793
11 13 0.7274559400975704
11 14 0.6295576021075249
11 15 0.49518711119890213
11 16 0.3574461042881012
11 17 0.4114696905016899
11 18 0.4114696905016899
11 19 0.4114696905016899
11 20 0.4114696905016899
12 13 0.5746608562767506
12 14 0.4697185680270195
12 15 0.32418956607580185
12 16 0.19168011844158173
12 17 0.26032059639692307
12 18 0.26032059639692307
12 19 0.26032059639692307
12 20 0.26032059639692307
13 14 0.45810456201434135
13 15 0.30458417162299156
13 16 0.17078720405697823
13 17 0.24289045855402946
13 18 0.24289045855402946
13 19 0.24289045855402946
13 20 0.24289045855402946
14 15 0.3197341561317444
14 16 0.18722470849752426
14 17 0.26418545842170715
14 18 0.26418545842170715
14 19 0.26418545842170715
14 20 0.26418545842170715
15 16 0.2178981602191925
15 17 0.2873583287000656
15 18 0.2873583287000656
15 19 0.2873583287000656
15 20 0.2873583287000656
16 17 0.833159513771534
16 18 0.833159513771534
16 19 0.833159513771534
16 20 0.833159513771534
17 18 1.0
17 19 1.0
17 20 1.0
18 19 1.0
18 20 1.0
19 20 1.0
