1 2 0.8841782147064805
1 3 0.7441804260015488
1 4 0.8918881928548217
1 5 0.7372791762463748
1 6 0.6191405849531293
1 7 0.4199611181393266
1 8 0.7119612232781947
1 13 0.7699058786965907
1 14 0.761279096826911
1 15 0.8805687027052045
1 16 0.6958491541445255
1 17 0.9066150970757008
1 9 0.907868277747184
1 10 0.5892587611451745
1 11 0.8740223669447005
1 12 0.7903445512056351
2 3 0.7060451293364167
2 4 0.864979961887002
2 5 0.7466553640551865
2 6 0.6999772917479277
2 7 0.4724613633006811
2 8 0.7460803710855544
2 13 0.7266346397809684
2 14 0.7322875270619988
2 15 0.8209360502660275
2 16 0.7193732047453523
2 17 0.8362909308634698
2 9 0.8403576812706888
2 10 0.6319453734904528
2 11 0.9238649294711649
2 12 0.8184639746323228
3 4 0.7279584379866719
3 5 0.8340978021733463
3 6 0.6617630738765001
3 7 0.6108132628723979
3 8 0.8988063237629831
3 13 0.603753034491092
3 14 0.591775675304234
3 15 0.727643265388906
3 16 0.7948006242513657
3 17 0.72422383306548
3 9 0.7456731940619648
3 10 0.6017608558759093
3 11 0.695465783122927
3 12 0.597476165741682
4 5 0.7719374531880021
4 6 0.6675314363092184
4 7 0.4678150285035372
4 8 0.7581598088145256
4 13 0.6686171372421086
4 14 0.6583618996664882
4 15 0.7840494848787785
4 16 0.7310442635789514
4 17 0.8069258821196854
4 9 0.8133009024895728
4 10 0.6696947161108255
4 11 0.8551872377283871
4 12 0.7793376734480262
5 6 0.595718574244529
5 7 0.5746051478199661
5 8 0.8649637047201395
5 13 0.6319107916206121
5 14 0.6244758483953774
5 15 0.7309666932560503
5 16 0.9283535159192979
5 17 0.7331092432141304
5 9 0.7458980111405253
5 10 0.548887852113694
5 11 0.7531488593667746
5 12 0.6855392153374851
6 7 0.7054424341768026
6 8 0.6906854095868766
6 13 0.5130907692946494
6 14 0.5068752123042941
6 15 0.6062575001269579
6 16 0.6354798683896661
6 17 0.6239738990552723
6 9 0.6134840999729931
6 10 0.8753335401415825
6 11 0.6551412413828075
6 12 0.5583480196073651
7 8 0.6939174807630479
7 13 0.30493598291650414
7 14 0.2997207110747695
7 15 0.3916547801345587
7 16 0.6161067048087716
7 17 0.411905896384269
7 9 0.40152003103867173
7 10 0.6801118403673172
7 11 0.4761990732513368
7 12 0.3812334993854165
8 13 0.5663146385923028
8 14 0.5601581535302103
8 15 0.653035253752023
8 16 0.8188393306918442
8 17 0.6753276912495494
8 9 0.6710904510691762
8 10 0.6625084378756583
8 11 0.7508361898362637
8 12 0.6546544912271202
13 14 0.9860819936729968
13 15 0.8182624760083854
13 16 0.626176571007818
13 17 0.8425605706870556
13 9 0.826330428943038
13 10 0.4536232785321772
13 11 0.786108129657805
13 12 0.8784479810856283
14 15 0.8125042030587792
14 16 0.6170120779424906
14 17 0.8385004051961005
14 9 0.8165294700302184
14 10 0.44594869669526815
14 11 0.7758502061478794
14 12 0.8672933019697666
15 16 0.6948091676458716
15 17 0.9513020575977862
15 9 0.9682115013711154
15 10 0.530771816149354
15 11 0.8639585715718567
15 12 0.7497485214844346
16 17 0.7073744493536651
16 9 0.7077311812900007
16 10 0.5928386198356748
16 11 0.7294861101545393
16 12 0.6707234047353268
17 9 0.961463576182723
17 10 0.5476638455875218
17 11 0.8799015888944268
17 12 0.7752563445828855
9 10 0.5498080202378333
9 11 0.891094527207315
9 12 0.7694367789663374
10 11 0.6376488017849624
10 12 0.5636487053707242
11 12 0.8314727800898254
