1 2 0.8735275939106941
1 3 0.7487490177154541
1 4 0.8676156476140022
1 5 0.7497533895075321
1 6 0.5632290355861187
1 7 0.4234994910657406
1 8 0.7241055816411972
1 13 0.8079937137663364
1 14 0.7740851230919361
1 15 0.8493663743138313
1 16 0.6716727204620838
1 17 0.9101196527481079
1 9 0.8978098165243864
1 10 0.5360779501497746
1 11 0.8897740077227354
1 12 0.8214720860123634
2 3 0.6564885303378105
2 4 0.8676508814096451
2 5 0.7550726123154163
2 6 0.6023187972605228
2 7 0.4575004316866398
2 8 0.7468724623322487
2 13 0.7208274118602276
2 14 0.7564291916787624
2 15 0.7728782221674919
2 16 0.6896009407937527
2 17 0.81074658036232
2 9 0.8127247299998999
2 10 0.5600912682712078
2 11 0.9236809369176626
2 12 0.844494953751564
3 4 0.7376031875610352
3 5 0.8495608232915401
3 6 0.6406284533441067
3 7 0.5668935514986515
3 8 0.8641147911548615
3 13 0.6814123578369617
3 14 0.6442759893834591
3 15 0.7462185248732567
3 16 0.7670637629926205
3 17 0.7750058546662331
3 9 0.7856586668640375
3 10 0.5403981991112232
3 11 0.6880366746336222
3 12 0.6093789413571358
4 5 0.8179999776184559
4 6 0.6494001932442188
4 7 0.513720516115427
4 8 0.8139072433114052
4 13 0.696674045175314
4 14 0.6613278724253178
4 15 0.7455742731690407
4 16 0.7384691052138805
4 17 0.7989994809031487
4 9 0.7978050503879786
4 10 0.6415191553533077
4 11 0.9002369660884142
4 12 0.8299209251999855
5 6 0.6273561045527458
5 7 0.5541447475552559
5 8 0.8598127849400043
5 13 0.7032742872834206
5 14 0.6666252911090851
5 15 0.7435240484774113
5 16 0.8853502124547958
5 17 0.785265002399683
5 9 0.7867056410759687
5 10 0.5211834535002708
5 11 0.7899338882416487
5 12 0.7277024276554585
6 7 0.7492191344499588
6 8 0.6692251078784466
6 13 0.5160773545503616
6 14 0.4804282784461975
6 15 0.562331635504961
6 16 0.7162400633096695
6 17 0.6048733405768871
6 9 0.598337834700942
6 10 0.8588661998510361
6 11 0.6181561108678579
6 12 0.5450680814683437
7 8 0.6852499879896641
7 13 0.3067670240998268
7 14 0.2734919935464859
7 15 0.34383032843470573
7 16 0.6386260241270065
7 17 0.3924469090998173
7 9 0.382108835503459
7 10 0.7239216640591621
7 11 0.4902323763817549
7 12 0.4055413641035557
8 13 0.5893786959350109
8 14 0.5549691654741764
8 15 0.6268444061279297
8 16 0.7759844623506069
8 17 0.6816734448075294
8 9 0.6653717402368784
8 10 0.6370745413005352
8 11 0.7791197393089533
8 12 0.703920766711235
13 14 0.9534648731350899
13 15 0.8421946279704571
13 16 0.6463396474719048
13 17 0.8823721446096897
13 9 0.8730271924287081
13 10 0.4021027386188507
13 11 0.7750635836273432
13 12 0.8516334854066372
14 15 0.8130097351968288
14 16 0.6124390885233879
14 17 0.8565751872956753
14 9 0.8391922134906054
14 10 0.36520160734653473
14 11 0.7406084109097719
14 12 0.8100025840103626
15 16 0.6752303428947926
15 17 0.9225417301058769
15 9 0.9404863025993109
15 10 0.44778992608189583
15 11 0.8262281399220228
15 12 0.7384730875492096
16 17 0.7120583020150661
16 9 0.7129708733409643
16 10 0.6095351874828339
16 11 0.7267122697085142
16 12 0.6651849113404751
17 9 0.9525066744536161
17 10 0.48242369666695595
17 11 0.8572093974798918
17 12 0.7826679721474648
9 10 0.4898918401449919
9 11 0.8704497888684273
9 12 0.7789089884608984
10 11 0.5921195950359106
10 12 0.5281831435859203
11 12 0.8754288237541914
