1 2 0.9738520626415266
1 3 0.7700653075662558
1 4 0.9272150123724714
1 5 0.771966538617562
1 6 0.8296875555824954
1 7 0.531432405608939
1 8 0.7679649020501529
1 13 0.899279778910568
1 14 0.8991045878501609
1 15 0.9820391028479207
1 16 0.7594877019146224
1 17 0.9835655324859545
1 9 0.9838443877670215
1 10 0.8291391553648282
1 11 0.9714055249933153
1 12 0.9009788773546461
2 3 0.7771737974326243
2 4 0.9239919916726649
2 5 0.7794183051373693
2 6 0.8474911769444589
2 7 0.544412109797122
2 8 0.7793090504201245
2 13 0.8960038597870152
2 14 0.8960310139373178
2 15 0.9597727334694355
2 16 0.7695080609846627
2 17 0.9612540032248944
2 9 0.9613975460961228
2 10 0.8355791302456055
2 11 0.9851947038259823
2 12 0.9110526729200501
3 4 0.81754368316615
3 5 0.872963319576229
3 6 0.7643324249293073
3 7 0.7473965455646976
3 8 0.9845668731140904
3 13 0.7049510787255713
3 14 0.7047459404493566
3 15 0.7720552250248147
3 16 0.8614577745684073
3 17 0.771598996281682
3 9 0.7735469157269108
3 10 0.7541707142590894
3 11 0.7800124396526371
3 12 0.6924746563090594
4 5 0.7782776620006189
4 6 0.8463575229106937
4 7 0.5829809323477093
4 8 0.8195134249399416
4 13 0.8461531528155319
4 14 0.8459630518773338
4 15 0.922078697833058
4 16 0.766743487198255
4 17 0.9235615793295437
4 9 0.9239013036858523
4 10 0.8399963138217572
4 11 0.9257560265832581
4 12 0.8501937308756169
5 6 0.704415592867008
5 7 0.6548008791069151
5 8 0.885165193802095
5 13 0.6975828615468345
5 14 0.6975397929272731
5 15 0.762658958643442
5 16 0.9866913435471361
5 17 0.762504541889939
5 9 0.7640995893525542
5 10 0.702147285490355
5 11 0.7793913185523706
5 12 0.7096430802121176
6 7 0.6837502594571561
6 8 0.7662846320527024
6 13 0.7488115671440028
6 14 0.7487823689443758
6 15 0.819925959694956
6 16 0.7065400610881625
6 17 0.821524612052599
6 9 0.8200920082890661
6 10 0.9827673791442066
6 11 0.8334631554607768
6 12 0.7605496906908229
7 8 0.7609263796111918
7 13 0.47073518548859283
7 14 0.4707082671666285
7 15 0.5343525750868139
7 16 0.65693915662996
7 17 0.5357914764026646
7 9 0.5345359275379451
7 10 0.6819491530768573
7 11 0.5569591450330336
7 12 0.4716627219459042
8 13 0.704066574377066
8 14 0.7040373854906647
8 15 0.7686703258514171
8 16 0.8725253612428787
8 17 0.7691494533864898
8 9 0.7702696618434857
8 10 0.7653808294198825
8 11 0.7918697565983166
8 12 0.7054549823878915
13 14 0.9997797952528344
13 15 0.9120498013871838
13 16 0.6965870146086672
13 17 0.9138258985040011
13 9 0.9120999422593741
13 10 0.7450377898639999
13 11 0.9094047950347885
13 12 0.9817742547893431
14 15 0.9118921539993607
14 16 0.6964098471216857
14 17 0.9138127280893968
14 9 0.911910941824317
14 10 0.7449948702560505
14 11 0.9092157984123332
14 12 0.981581891697715
15 16 0.7594204591514426
15 17 0.9976468038585153
15 9 0.9981623340790975
15 10 0.8164336135450867
15 11 0.9726563131334842
15 12 0.8978116561556817
16 17 0.7599135312339058
16 9 0.7607383164868224
16 10 0.7056108955730451
16 11 0.7696441592270276
16 12 0.7104254681180464
17 9 0.9978578460868448
17 10 0.8179129219206516
17 11 0.9739608249656158
17 12 0.8994727087410865
9 10 0.8180458087736042
9 11 0.9744616166717606
9 12 0.8994259753526421
10 11 0.8330338814121205
10 12 0.7630218378035352
11 12 0.9116462166712154
