1 2 nan
1 3 nan
1 4 1.0
1 5 nan
1 6 nan
1 7 1.0
1 8 nan
1 9 nan
1 10 1.0
1 11 nan
1 12 nan
1 13 1.0
1 14 nan
1 15 nan
1 16 nan
1 36 nan
1 17 nan
1 18 nan
1 19 nan
1 20 nan
1 21 nan
1 22 nan
1 23 nan
1 24 nan
1 25 nan
1 26 nan
1 27 nan
1 28 nan
1 29 nan
1 30 nan
1 31 nan
1 32 nan
1 33 nan
1 34 nan
1 35 nan
1 37 nan
1 38 nan
1 39 nan
1 40 nan
2 3 1.0
2 4 nan
2 5 1.0
2 6 1.0
2 7 nan
2 8 1.0
2 9 1.0
2 10 nan
2 11 1.0
2 12 1.0
2 13 nan
2 14 1.0
2 15 1.0
2 16 0.9701290404178913
2 36 0.9701290404178913
2 17 nan
2 18 nan
2 19 nan
2 20 nan
2 21 0.9701290404178913
2 22 nan
2 23 nan
2 24 nan
2 25 nan
2 26 0.9701290404178913
2 27 nan
2 28 nan
2 29 nan
2 30 nan
2 31 0.9701290404178913
2 32 nan
2 33 nan
2 34 nan
2 35 nan
2 37 nan
2 38 nan
2 39 nan
2 40 nan
3 4 nan
3 5 1.0
3 6 1.0
3 7 nan
3 8 1.0
3 9 1.0
3 10 nan
3 11 1.0
3 12 1.0
3 13 nan
3 14 1.0
3 15 1.0
3 16 0.9701290404178913
3 36 0.9701290404178913
3 17 nan
3 18 nan
3 19 nan
3 20 nan
3 21 0.9701290404178913
3 22 nan
3 23 nan
3 24 nan
3 25 nan
3 26 0.9701290404178913
3 27 nan
3 28 nan
3 29 nan
3 30 nan
3 31 0.9701290404178913
3 32 nan
3 33 nan
3 34 nan
3 35 nan
3 37 nan
3 38 nan
3 39 nan
3 40 nan
4 5 nan
4 6 nan
4 7 1.0
4 8 nan
4 9 nan
4 10 1.0
4 11 nan
4 12 nan
4 13 1.0
4 14 nan
4 15 nan
4 16 nan
4 36 nan
4 17 nan
4 18 nan
4 19 nan
4 20 nan
4 21 nan
4 22 nan
4 23 nan
4 24 nan
4 25 nan
4 26 nan
4 27 nan
4 28 nan
4 29 nan
4 30 nan
4 31 nan
4 32 nan
4 33 nan
4 34 nan
4 35 nan
4 37 nan
4 38 nan
4 39 nan
4 40 nan
5 6 1.0
5 7 nan
5 8 1.0
5 9 1.0
5 10 nan
5 11 1.0
5 12 1.0
5 13 nan
5 14 1.0
5 15 1.0
5 16 0.9701290404178913
5 36 0.9701290404178913
5 17 nan
5 18 nan
5 19 nan
5 20 nan
5 21 0.9701290404178913
5 22 nan
5 23 nan
5 24 nan
5 25 nan
5 26 0.9701290404178913
5 27 nan
5 28 nan
5 29 nan
5 30 nan
5 31 0.9701290404178913
5 32 nan
5 33 nan
5 34 nan
5 35 nan
5 37 nan
5 38 nan
5 39 nan
5 40 nan
6 7 nan
6 8 1.0
6 9 1.0
6 10 nan
6 11 1.0
6 12 1.0
6 13 nan
6 14 1.0
6 15 1.0
6 16 0.9701290404178913
6 36 0.9701290404178913
6 17 nan
6 18 nan
6 19 nan
6 20 nan
6 21 0.9701290404178913
6 22 nan
6 23 nan
6 24 nan
6 25 nan
6 26 0.9701290404178913
6 27 nan
6 28 nan
6 29 nan
6 30 nan
6 31 0.9701290404178913
6 32 nan
6 33 nan
6 34 nan
6 35 nan
6 37 nan
6 38 nan
6 39 nan
6 40 nan
7 8 nan
7 9 nan
7 10 1.0
7 11 nan
7 12 nan
7 13 1.0
7 14 nan
7 15 nan
7 16 nan
7 36 nan
7 17 nan
7 18 nan
7 19 nan
7 20 nan
7 21 nan
7 22 nan
7 23 nan
7 24 nan
7 25 nan
7 26 nan
7 27 nan
7 28 nan
7 29 nan
7 30 nan
7 31 nan
7 32 nan
7 33 nan
7 34 nan
7 35 nan
7 37 nan
7 38 nan
7 39 nan
7 40 nan
8 9 1.0
8 10 nan
8 11 1.0
8 12 1.0
8 13 nan
8 14 1.0
8 15 1.0
8 16 0.9701290404178913
8 36 0.9701290404178913
8 17 nan
8 18 nan
8 19 nan
8 20 nan
8 21 0.9701290404178913
8 22 nan
8 23 nan
8 24 nan
8 25 nan
8 26 0.9701290404178913
8 27 nan
8 28 nan
8 29 nan
8 30 nan
8 31 0.9701290404178913
8 32 nan
8 33 nan
8 34 nan
8 35 nan
8 37 nan
8 38 nan
8 39 nan
8 40 nan
9 10 nan
9 11 1.0
9 12 1.0
9 13 nan
9 14 1.0
9 15 1.0
9 16 0.9701290404178913
9 36 0.9701290404178913
9 17 nan
9 18 nan
9 19 nan
9 20 nan
9 21 0.9701290404178913
9 22 nan
9 23 nan
9 24 nan
9 25 nan
9 26 0.9701290404178913
9 27 nan
9 28 nan
9 29 nan
9 30 nan
9 31 0.9701290404178913
9 32 nan
9 33 nan
9 34 nan
9 35 nan
9 37 nan
9 38 nan
9 39 nan
9 40 nan
10 11 nan
10 12 nan
10 13 1.0
10 14 nan
10 15 nan
10 16 nan
10 36 nan
10 17 nan
10 18 nan
10 19 nan
10 20 nan
10 21 nan
10 22 nan
10 23 nan
10 24 nan
10 25 nan
10 26 nan
10 27 nan
10 28 nan
10 29 nan
10 30 nan
10 31 nan
10 32 nan
10 33 nan
10 34 nan
10 35 nan
10 37 nan
10 38 nan
10 39 nan
10 40 nan
11 12 1.0
11 13 nan
11 14 1.0
11 15 1.0
11 16 0.9701290404178913
11 36 0.9701290404178913
11 17 nan
11 18 nan
11 19 nan
11 20 nan
11 21 0.9701290404178913
11 22 nan
11 23 nan
11 24 nan
11 25 nan
11 26 0.9701290404178913
11 27 nan
11 28 nan
11 29 nan
11 30 nan
11 31 0.9701290404178913
11 32 nan
11 33 nan
11 34 nan
11 35 nan
11 37 nan
11 38 nan
11 39 nan
11 40 nan
12 13 nan
12 14 1.0
12 15 1.0
12 16 0.9701290404178913
12 36 0.9701290404178913
12 17 nan
12 18 nan
12 19 nan
12 20 nan
12 21 0.9701290404178913
12 22 nan
12 23 nan
12 24 nan
12 25 nan
12 26 0.9701290404178913
12 27 nan
12 28 nan
12 29 nan
12 30 nan
12 31 0.9701290404178913
12 32 nan
12 33 nan
12 34 nan
12 35 nan
12 37 nan
12 38 nan
12 39 nan
12 40 nan
13 14 nan
13 15 nan
13 16 nan
13 36 nan
13 17 nan
13 18 nan
13 19 nan
13 20 nan
13 21 nan
13 22 nan
13 23 nan
13 24 nan
13 25 nan
13 26 nan
13 27 nan
13 28 nan
13 29 nan
13 30 nan
13 31 nan
13 32 nan
13 33 nan
13 34 nan
13 35 nan
13 37 nan
13 38 nan
13 39 nan
13 40 nan
14 15 1.0
14 16 0.9701290404178913
14 36 0.9701290404178913
14 17 nan
14 18 nan
14 19 nan
14 20 nan
14 21 0.9701290404178913
14 22 nan
14 23 nan
14 24 nan
14 25 nan
14 26 0.9701290404178913
14 27 nan
14 28 nan
14 29 nan
14 30 nan
14 31 0.9701290404178913
14 32 nan
14 33 nan
14 34 nan
14 35 nan
14 37 nan
14 38 nan
14 39 nan
14 40 nan
15 16 0.9701290404178913
15 36 0.9701290404178913
15 17 nan
15 18 nan
15 19 nan
15 20 nan
15 21 0.9701290404178913
15 22 nan
15 23 nan
15 24 nan
15 25 nan
15 26 0.9701290404178913
15 27 nan
15 28 nan
15 29 nan
15 30 nan
15 31 0.9701290404178913
15 32 nan
15 33 nan
15 34 nan
15 35 nan
15 37 nan
15 38 nan
15 39 nan
15 40 nan
16 36 1.0
16 17 nan
16 18 nan
16 19 nan
16 20 nan
16 21 1.0
16 22 nan
16 23 nan
16 24 nan
16 25 nan
16 26 1.0
16 27 nan
16 28 nan
16 29 nan
16 30 nan
16 31 1.0
16 32 nan
16 33 nan
16 34 nan
16 35 nan
16 37 nan
16 38 nan
16 39 nan
16 40 nan
36 17 nan
36 18 nan
36 19 nan
36 20 nan
36 21 1.0
36 22 nan
36 23 nan
36 24 nan
36 25 nan
36 26 1.0
36 27 nan
36 28 nan
36 29 nan
36 30 nan
36 31 1.0
36 32 nan
36 33 nan
36 34 nan
36 35 nan
36 37 nan
36 38 nan
36 39 nan
36 40 nan
17 18 1.0
17 19 0.9731675582050023
17 20 0.9998961223923679
17 21 nan
17 22 1.0
17 23 1.0
17 24 0.9731675582050023
17 25 0.9998961223923679
17 26 nan
17 27 0.9998961223923679
17 28 0.9731675582050023
17 29 1.0
17 30 1.0
17 31 nan
17 32 0.9998961223923679
17 33 0.9731675582050023
17 34 1.0
17 35 1.0
17 37 0.9998961223923679
17 38 0.9731675582050023
17 39 1.0
17 40 1.0
18 19 0.9731675582050023
18 20 0.9998961223923679
18 21 nan
18 22 1.0
18 23 1.0
18 24 0.9731675582050023
18 25 0.9998961223923679
18 26 nan
18 27 0.9998961223923679
18 28 0.9731675582050023
18 29 1.0
18 30 1.0
18 31 nan
18 32 0.9998961223923679
18 33 0.9731675582050023
18 34 1.0
18 35 1.0
18 37 0.9998961223923679
18 38 0.9731675582050023
18 39 1.0
18 40 1.0
19 20 0.9741124822567713
19 21 nan
19 22 0.9731675582050023
19 23 0.9731675582050023
19 24 1.0
19 25 0.9741124822567713
19 26 nan
19 27 0.9741124822567713
19 28 1.0
19 29 0.9731675582050023
19 30 0.9731675582050023
19 31 nan
19 32 0.9741124822567713
19 33 1.0
19 34 0.9731675582050023
19 35 0.9731675582050023
19 37 0.9741124822567713
19 38 1.0
19 39 0.9731675582050023
19 40 0.9731675582050023
20 21 nan
20 22 0.9998961223923679
20 23 0.9998961223923679
20 24 0.9741124822567713
20 25 1.0
20 26 nan
20 27 1.0
20 28 0.9741124822567713
20 29 0.9998961223923679
20 30 0.9998961223923679
20 31 nan
20 32 1.0
20 33 0.9741124822567713
20 34 0.9998961223923679
20 35 0.9998961223923679
20 37 1.0
20 38 0.9741124822567713
20 39 0.9998961223923679
20 40 0.9998961223923679
21 22 nan
21 23 nan
21 24 nan
21 25 nan
21 26 1.0
21 27 nan
21 28 nan
21 29 nan
21 30 nan
21 31 1.0
21 32 nan
21 33 nan
21 34 nan
21 35 nan
21 37 nan
21 38 nan
21 39 nan
21 40 nan
22 23 1.0
22 24 0.9731675582050023
22 25 0.9998961223923679
22 26 nan
22 27 0.9998961223923679
22 28 0.9731675582050023
22 29 1.0
22 30 1.0
22 31 nan
22 32 0.9998961223923679
22 33 0.9731675582050023
22 34 1.0
22 35 1.0
22 37 0.9998961223923679
22 38 0.9731675582050023
22 39 1.0
22 40 1.0
23 24 0.9731675582050023
23 25 0.9998961223923679
23 26 nan
23 27 0.9998961223923679
23 28 0.9731675582050023
23 29 1.0
23 30 1.0
23 31 nan
23 32 0.9998961223923679
23 33 0.9731675582050023
23 34 1.0
23 35 1.0
23 37 0.9998961223923679
23 38 0.9731675582050023
23 39 1.0
23 40 1.0
24 25 0.9741124822567713
24 26 nan
24 27 0.9741124822567713
24 28 1.0
24 29 0.9731675582050023
24 30 0.9731675582050023
24 31 nan
24 32 0.9741124822567713
24 33 1.0
24 34 0.9731675582050023
24 35 0.9731675582050023
24 37 0.9741124822567713
24 38 1.0
24 39 0.9731675582050023
24 40 0.9731675582050023
25 26 nan
25 27 1.0
25 28 0.9741124822567713
25 29 0.9998961223923679
25 30 0.9998961223923679
25 31 nan
25 32 1.0
25 33 0.9741124822567713
25 34 0.9998961223923679
25 35 0.9998961223923679
25 37 1.0
25 38 0.9741124822567713
25 39 0.9998961223923679
25 40 0.9998961223923679
26 27 nan
26 28 nan
26 29 nan
26 30 nan
26 31 1.0
26 32 nan
26 33 nan
26 34 nan
26 35 nan
26 37 nan
26 38 nan
26 39 nan
26 40 nan
27 28 0.9741124822567713
27 29 0.9998961223923679
27 30 0.9998961223923679
27 31 nan
27 32 1.0
27 33 0.9741124822567713
27 34 0.9998961223923679
27 35 0.9998961223923679
27 37 1.0
27 38 0.9741124822567713
27 39 0.9998961223923679
27 40 0.9998961223923679
28 29 0.9731675582050023
28 30 0.9731675582050023
28 31 nan
28 32 0.9741124822567713
28 33 1.0
28 34 0.9731675582050023
28 35 0.9731675582050023
28 37 0.9741124822567713
28 38 1.0
28 39 0.9731675582050023
28 40 0.9731675582050023
29 30 1.0
29 31 nan
29 32 0.9998961223923679
29 33 0.9731675582050023
29 34 1.0
29 35 1.0
29 37 0.9998961223923679
29 38 0.9731675582050023
29 39 1.0
29 40 1.0
30 31 nan
30 32 0.9998961223923679
30 33 0.9731675582050023
30 34 1.0
30 35 1.0
30 37 0.9998961223923679
30 38 0.9731675582050023
30 39 1.0
30 40 1.0
31 32 nan
31 33 nan
31 34 nan
31 35 nan
31 37 nan
31 38 nan
31 39 nan
31 40 nan
32 33 0.9741124822567713
32 34 0.9998961223923679
32 35 0.9998961223923679
32 37 1.0
32 38 0.9741124822567713
32 39 0.9998961223923679
32 40 0.9998961223923679
33 34 0.9731675582050023
33 35 0.9731675582050023
33 37 0.9741124822567713
33 38 1.0
33 39 0.9731675582050023
33 40 0.9731675582050023
34 35 1.0
34 37 0.9998961223923679
34 38 0.9731675582050023
34 39 1.0
34 40 1.0
35 37 0.9998961223923679
35 38 0.9731675582050023
35 39 1.0
35 40 1.0
37 38 0.9741124822567713
37 39 0.9998961223923679
37 40 0.9998961223923679
38 39 0.9731675582050023
38 40 0.9731675582050023
39 40 1.0
