1 2 0.5495152161456645
1 3 0.5495152161456645
1 4 1.0
1 5 0.5495152161456645
1 6 0.5495152161456645
1 7 1.0
1 8 0.5495152161456645
1 9 0.5495152161456645
1 10 1.0
1 11 0.5495152161456645
1 12 0.5495152161456645
1 13 1.0
1 14 0.5495152161456645
1 15 0.5495152161456645
1 16 0.2591060372069478
1 36 0.2591060372069478
1 17 0.5918837445788085
1 18 0.5918837445788085
1 19 0.2694990294985473
1 20 0.9167963373474777
1 21 0.2591060372069478
1 22 0.5918837445788085
1 23 0.5918837445788085
1 24 0.2694990294985473
1 25 0.9167963373474777
1 26 0.2591060372069478
1 27 0.9167963373474777
1 28 0.2694990294985473
1 29 0.5918837445788085
1 30 0.5918837445788085
1 31 0.2591060372069478
1 32 0.9167963373474777
1 33 0.2694990294985473
1 34 0.5918837445788085
1 35 0.5918837445788085
1 37 0.9167963373474777
1 38 0.2694990294985473
1 39 0.5918837445788085
1 40 0.5918837445788085
2 3 1.0
2 4 0.5495152161456645
2 5 1.0
2 6 1.0
2 7 0.5495152161456645
2 8 1.0
2 9 1.0
2 10 0.5495152161456645
2 11 1.0
2 12 1.0
2 13 0.5495152161456645
2 14 1.0
2 15 1.0
2 16 0.2748719179071486
2 36 0.2748719179071486
2 17 0.5772658968344331
2 18 0.5772658968344331
2 19 0.2919076019898057
2 20 0.6009200597181916
2 21 0.2748719179071486
2 22 0.5772658968344331
2 23 0.5772658968344331
2 24 0.2919076019898057
2 25 0.6009200597181916
2 26 0.2748719179071486
2 27 0.6009200597181916
2 28 0.2919076019898057
2 29 0.5772658968344331
2 30 0.5772658968344331
2 31 0.2748719179071486
2 32 0.6009200597181916
2 33 0.2919076019898057
2 34 0.5772658968344331
2 35 0.5772658968344331
2 37 0.6009200597181916
2 38 0.2919076019898057
2 39 0.5772658968344331
2 40 0.5772658968344331
3 4 0.5495152161456645
3 5 1.0
3 6 1.0
3 7 0.5495152161456645
3 8 1.0
3 9 1.0
3 10 0.5495152161456645
3 11 1.0
3 12 1.0
3 13 0.5495152161456645
3 14 1.0
3 15 1.0
3 16 0.2748719179071486
3 36 0.2748719179071486
3 17 0.5772658968344331
3 18 0.5772658968344331
3 19 0.2919076019898057
3 20 0.6009200597181916
3 21 0.2748719179071486
3 22 0.5772658968344331
3 23 0.5772658968344331
3 24 0.2919076019898057
3 25 0.6009200597181916
3 26 0.2748719179071486
3 27 0.6009200597181916
3 28 0.2919076019898057
3 29 0.5772658968344331
3 30 0.5772658968344331
3 31 0.2748719179071486
3 32 0.6009200597181916
3 33 0.2919076019898057
3 34 0.5772658968344331
3 35 0.5772658968344331
3 37 0.6009200597181916
3 38 0.2919076019898057
3 39 0.5772658968344331
3 40 0.5772658968344331
4 5 0.5495152161456645
4 6 0.5495152161456645
4 7 1.0
4 8 0.5495152161456645
4 9 0.5495152161456645
4 10 1.0
4 11 0.5495152161456645
4 12 0.5495152161456645
4 13 1.0
4 14 0.5495152161456645
4 15 0.5495152161456645
4 16 0.2591060372069478
4 36 0.2591060372069478
4 17 0.5918837445788085
4 18 0.5918837445788085
4 19 0.2694990294985473
4 20 0.9167963373474777
4 21 0.2591060372069478
4 22 0.5918837445788085
4 23 0.5918837445788085
4 24 0.2694990294985473
4 25 0.9167963373474777
4 26 0.2591060372069478
4 27 0.9167963373474777
4 28 0.2694990294985473
4 29 0.5918837445788085
4 30 0.5918837445788085
4 31 0.2591060372069478
4 32 0.9167963373474777
4 33 0.2694990294985473
4 34 0.5918837445788085
4 35 0.5918837445788085
4 37 0.9167963373474777
4 38 0.2694990294985473
4 39 0.5918837445788085
4 40 0.5918837445788085
5 6 1.0
5 7 0.5495152161456645
5 8 1.0
5 9 1.0
5 10 0.5495152161456645
5 11 1.0
5 12 1.0
5 13 0.5495152161456645
5 14 1.0
5 15 1.0
5 16 0.2748719179071486
5 36 0.2748719179071486
5 17 0.5772658968344331
5 18 0.5772658968344331
5 19 0.2919076019898057
5 20 0.6009200597181916
5 21 0.2748719179071486
5 22 0.5772658968344331
5 23 0.5772658968344331
5 24 0.2919076019898057
5 25 0.6009200597181916
5 26 0.2748719179071486
5 27 0.6009200597181916
5 28 0.2919076019898057
5 29 0.5772658968344331
5 30 0.5772658968344331
5 31 0.2748719179071486
5 32 0.6009200597181916
5 33 0.2919076019898057
5 34 0.5772658968344331
5 35 0.5772658968344331
5 37 0.6009200597181916
5 38 0.2919076019898057
5 39 0.5772658968344331
5 40 0.5772658968344331
6 7 0.5495152161456645
6 8 1.0
6 9 1.0
6 10 0.5495152161456645
6 11 1.0
6 12 1.0
6 13 0.5495152161456645
6 14 1.0
6 15 1.0
6 16 0.2748719179071486
6 36 0.2748719179071486
6 17 0.5772658968344331
6 18 0.5772658968344331
6 19 0.2919076019898057
6 20 0.6009200597181916
6 21 0.2748719179071486
6 22 0.5772658968344331
6 23 0.5772658968344331
6 24 0.2919076019898057
6 25 0.6009200597181916
6 26 0.2748719179071486
6 27 0.6009200597181916
6 28 0.2919076019898057
6 29 0.5772658968344331
6 30 0.5772658968344331
6 31 0.2748719179071486
6 32 0.6009200597181916
6 33 0.2919076019898057
6 34 0.5772658968344331
6 35 0.5772658968344331
6 37 0.6009200597181916
6 38 0.2919076019898057
6 39 0.5772658968344331
6 40 0.5772658968344331
7 8 0.5495152161456645
7 9 0.5495152161456645
7 10 1.0
7 11 0.5495152161456645
7 12 0.5495152161456645
7 13 1.0
7 14 0.5495152161456645
7 15 0.5495152161456645
7 16 0.2591060372069478
7 36 0.2591060372069478
7 17 0.5918837445788085
7 18 0.5918837445788085
7 19 0.2694990294985473
7 20 0.9167963373474777
7 21 0.2591060372069478
7 22 0.5918837445788085
7 23 0.5918837445788085
7 24 0.2694990294985473
7 25 0.9167963373474777
7 26 0.2591060372069478
7 27 0.9167963373474777
7 28 0.2694990294985473
7 29 0.5918837445788085
7 30 0.5918837445788085
7 31 0.2591060372069478
7 32 0.9167963373474777
7 33 0.2694990294985473
7 34 0.5918837445788085
7 35 0.5918837445788085
7 37 0.9167963373474777
7 38 0.2694990294985473
7 39 0.5918837445788085
7 40 0.5918837445788085
8 9 1.0
8 10 0.5495152161456645
8 11 1.0
8 12 1.0
8 13 0.5495152161456645
8 14 1.0
8 15 1.0
8 16 0.2748719179071486
8 36 0.2748719179071486
8 17 0.5772658968344331
8 18 0.5772658968344331
8 19 0.2919076019898057
8 20 0.6009200597181916
8 21 0.2748719179071486
8 22 0.5772658968344331
8 23 0.5772658968344331
8 24 0.2919076019898057
8 25 0.6009200597181916
8 26 0.2748719179071486
8 27 0.6009200597181916
8 28 0.2919076019898057
8 29 0.5772658968344331
8 30 0.5772658968344331
8 31 0.2748719179071486
8 32 0.6009200597181916
8 33 0.2919076019898057
8 34 0.5772658968344331
8 35 0.5772658968344331
8 37 0.6009200597181916
8 38 0.2919076019898057
8 39 0.5772658968344331
8 40 0.5772658968344331
9 10 0.5495152161456645
9 11 1.0
9 12 1.0
9 13 0.5495152161456645
9 14 1.0
9 15 1.0
9 16 0.2748719179071486
9 36 0.2748719179071486
9 17 0.5772658968344331
9 18 0.5772658968344331
9 19 0.2919076019898057
9 20 0.6009200597181916
9 21 0.2748719179071486
9 22 0.5772658968344331
9 23 0.5772658968344331
9 24 0.2919076019898057
9 25 0.6009200597181916
9 26 0.2748719179071486
9 27 0.6009200597181916
9 28 0.2919076019898057
9 29 0.5772658968344331
9 30 0.5772658968344331
9 31 0.2748719179071486
9 32 0.6009200597181916
9 33 0.2919076019898057
9 34 0.5772658968344331
9 35 0.5772658968344331
9 37 0.6009200597181916
9 38 0.2919076019898057
9 39 0.5772658968344331
9 40 0.5772658968344331
10 11 0.5495152161456645
10 12 0.5495152161456645
10 13 1.0
10 14 0.5495152161456645
10 15 0.5495152161456645
10 16 0.2591060372069478
10 36 0.2591060372069478
10 17 0.5918837445788085
10 18 0.5918837445788085
10 19 0.2694990294985473
10 20 0.9167963373474777
10 21 0.2591060372069478
10 22 0.5918837445788085
10 23 0.5918837445788085
10 24 0.2694990294985473
10 25 0.9167963373474777
10 26 0.2591060372069478
10 27 0.9167963373474777
10 28 0.2694990294985473
10 29 0.5918837445788085
10 30 0.5918837445788085
10 31 0.2591060372069478
10 32 0.9167963373474777
10 33 0.2694990294985473
10 34 0.5918837445788085
10 35 0.5918837445788085
10 37 0.9167963373474777
10 38 0.2694990294985473
10 39 0.5918837445788085
10 40 0.5918837445788085
11 12 1.0
11 13 0.5495152161456645
11 14 1.0
11 15 1.0
11 16 0.2748719179071486
11 36 0.2748719179071486
11 17 0.5772658968344331
11 18 0.5772658968344331
11 19 0.2919076019898057
11 20 0.6009200597181916
11 21 0.2748719179071486
11 22 0.5772658968344331
11 23 0.5772658968344331
11 24 0.2919076019898057
11 25 0.6009200597181916
11 26 0.2748719179071486
11 27 0.6009200597181916
11 28 0.2919076019898057
11 29 0.5772658968344331
11 30 0.5772658968344331
11 31 0.2748719179071486
11 32 0.6009200597181916
11 33 0.2919076019898057
11 34 0.5772658968344331
11 35 0.5772658968344331
11 37 0.6009200597181916
11 38 0.2919076019898057
11 39 0.5772658968344331
11 40 0.5772658968344331
12 13 0.5495152161456645
12 14 1.0
12 15 1.0
12 16 0.2748719179071486
12 36 0.2748719179071486
12 17 0.5772658968344331
12 18 0.5772658968344331
12 19 0.2919076019898057
12 20 0.6009200597181916
12 21 0.2748719179071486
12 22 0.5772658968344331
12 23 0.5772658968344331
12 24 0.2919076019898057
12 25 0.6009200597181916
12 26 0.2748719179071486
12 27 0.6009200597181916
12 28 0.2919076019898057
12 29 0.5772658968344331
12 30 0.5772658968344331
12 31 0.2748719179071486
12 32 0.6009200597181916
12 33 0.2919076019898057
12 34 0.5772658968344331
12 35 0.5772658968344331
12 37 0.6009200597181916
12 38 0.2919076019898057
12 39 0.5772658968344331
12 40 0.5772658968344331
13 14 0.5495152161456645
13 15 0.5495152161456645
13 16 0.2591060372069478
13 36 0.2591060372069478
13 17 0.5918837445788085
13 18 0.5918837445788085
13 19 0.2694990294985473
13 20 0.9167963373474777
13 21 0.2591060372069478
13 22 0.5918837445788085
13 23 0.5918837445788085
13 24 0.2694990294985473
13 25 0.9167963373474777
13 26 0.2591060372069478
13 27 0.9167963373474777
13 28 0.2694990294985473
13 29 0.5918837445788085
13 30 0.5918837445788085
13 31 0.2591060372069478
13 32 0.9167963373474777
13 33 0.2694990294985473
13 34 0.5918837445788085
13 35 0.5918837445788085
13 37 0.9167963373474777
13 38 0.2694990294985473
13 39 0.5918837445788085
13 40 0.5918837445788085
14 15 1.0
14 16 0.2748719179071486
14 36 0.2748719179071486
14 17 0.5772658968344331
14 18 0.5772658968344331
14 19 0.2919076019898057
14 20 0.6009200597181916
14 21 0.2748719179071486
14 22 0.5772658968344331
14 23 0.5772658968344331
14 24 0.2919076019898057
14 25 0.6009200597181916
14 26 0.2748719179071486
14 27 0.6009200597181916
14 28 0.2919076019898057
14 29 0.5772658968344331
14 30 0.5772658968344331
14 31 0.2748719179071486
14 32 0.6009200597181916
14 33 0.2919076019898057
14 34 0.5772658968344331
14 35 0.5772658968344331
14 37 0.6009200597181916
14 38 0.2919076019898057
14 39 0.5772658968344331
14 40 0.5772658968344331
15 16 0.2748719179071486
15 36 0.2748719179071486
15 17 0.5772658968344331
15 18 0.5772658968344331
15 19 0.2919076019898057
15 20 0.6009200597181916
15 21 0.2748719179071486
15 22 0.5772658968344331
15 23 0.5772658968344331
15 24 0.2919076019898057
15 25 0.6009200597181916
15 26 0.2748719179071486
15 27 0.6009200597181916
15 28 0.2919076019898057
15 29 0.5772658968344331
15 30 0.5772658968344331
15 31 0.2748719179071486
15 32 0.6009200597181916
15 33 0.2919076019898057
15 34 0.5772658968344331
15 35 0.5772658968344331
15 37 0.6009200597181916
15 38 0.2919076019898057
15 39 0.5772658968344331
15 40 0.5772658968344331
16 36 1.0
16 17 0.6575307813473046
16 18 0.6575307813473046
16 19 0.9233173248358071
16 20 0.32066037924960256
16 21 1.0
16 22 0.6575307813473046
16 23 0.6575307813473046
16 24 0.9233173248358071
16 25 0.32066037924960256
16 26 1.0
16 27 0.32066037924960256
16 28 0.9233173248358071
16 29 0.6575307813473046
16 30 0.6575307813473046
16 31 1.0
16 32 0.32066037924960256
16 33 0.9233173248358071
16 34 0.6575307813473046
16 35 0.6575307813473046
16 37 0.32066037924960256
16 38 0.9233173248358071
16 39 0.6575307813473046
16 40 0.6575307813473046
36 17 0.6575307813473046
36 18 0.6575307813473046
36 19 0.9233173248358071
36 20 0.32066037924960256
36 21 1.0
36 22 0.6575307813473046
36 23 0.6575307813473046
36 24 0.9233173248358071
36 25 0.32066037924960256
36 26 1.0
36 27 0.32066037924960256
36 28 0.9233173248358071
36 29 0.6575307813473046
36 30 0.6575307813473046
36 31 1.0
36 32 0.32066037924960256
36 33 0.9233173248358071
36 34 0.6575307813473046
36 35 0.6575307813473046
36 37 0.32066037924960256
36 38 0.9233173248358071
36 39 0.6575307813473046
36 40 0.6575307813473046
17 18 1.0
17 19 0.6776152849197388
17 20 0.663129597902298
17 21 0.6575307813473046
17 22 1.0
17 23 1.0
17 24 0.6776152849197388
17 25 0.663129597902298
17 26 0.6575307813473046
17 27 0.663129597902298
17 28 0.6776152849197388
17 29 1.0
17 30 1.0
17 31 0.6575307813473046
17 32 0.663129597902298
17 33 0.6776152849197388
17 34 1.0
17 35 1.0
17 37 0.663129597902298
17 38 0.6776152849197388
17 39 1.0
17 40 1.0
18 19 0.6776152849197388
18 20 0.663129597902298
18 21 0.6575307813473046
18 22 1.0
18 23 1.0
18 24 0.6776152849197388
18 25 0.663129597902298
18 26 0.6575307813473046
18 27 0.663129597902298
18 28 0.6776152849197388
18 29 1.0
18 30 1.0
18 31 0.6575307813473046
18 32 0.663129597902298
18 33 0.6776152849197388
18 34 1.0
18 35 1.0
18 37 0.663129597902298
18 38 0.6776152849197388
18 39 1.0
18 40 1.0
19 20 0.34074488282203674
19 21 0.9233173248358071
19 22 0.6776152849197388
19 23 0.6776152849197388
19 24 1.0
19 25 0.34074488282203674
19 26 0.9233173248358071
19 27 0.34074488282203674
19 28 1.0
19 29 0.6776152849197388
19 30 0.6776152849197388
19 31 0.9233173248358071
19 32 0.34074488282203674
19 33 1.0
19 34 0.6776152849197388
19 35 0.6776152849197388
19 37 0.34074488282203674
19 38 1.0
19 39 0.6776152849197388
19 40 0.6776152849197388
20 21 0.32066037924960256
20 22 0.663129597902298
20 23 0.663129597902298
20 24 0.34074488282203674
20 25 1.0
20 26 0.32066037924960256
20 27 1.0
20 28 0.34074488282203674
20 29 0.663129597902298
20 30 0.663129597902298
20 31 0.32066037924960256
20 32 1.0
20 33 0.34074488282203674
20 34 0.663129597902298
20 35 0.663129597902298
20 37 1.0
20 38 0.34074488282203674
20 39 0.663129597902298
20 40 0.663129597902298
21 22 0.6575307813473046
21 23 0.6575307813473046
21 24 0.9233173248358071
21 25 0.32066037924960256
21 26 1.0
21 27 0.32066037924960256
21 28 0.9233173248358071
21 29 0.6575307813473046
21 30 0.6575307813473046
21 31 1.0
21 32 0.32066037924960256
21 33 0.9233173248358071
21 34 0.6575307813473046
21 35 0.6575307813473046
21 37 0.32066037924960256
21 38 0.9233173248358071
21 39 0.6575307813473046
21 40 0.6575307813473046
22 23 1.0
22 24 0.6776152849197388
22 25 0.663129597902298
22 26 0.6575307813473046
22 27 0.663129597902298
22 28 0.6776152849197388
22 29 1.0
22 30 1.0
22 31 0.6575307813473046
22 32 0.663129597902298
22 33 0.6776152849197388
22 34 1.0
22 35 1.0
22 37 0.663129597902298
22 38 0.6776152849197388
22 39 1.0
22 40 1.0
23 24 0.6776152849197388
23 25 0.663129597902298
23 26 0.6575307813473046
23 27 0.663129597902298
23 28 0.6776152849197388
23 29 1.0
23 30 1.0
23 31 0.6575307813473046
23 32 0.663129597902298
23 33 0.6776152849197388
23 34 1.0
23 35 1.0
23 37 0.663129597902298
23 38 0.6776152849197388
23 39 1.0
23 40 1.0
24 25 0.34074488282203674
24 26 0.9233173248358071
24 27 0.34074488282203674
24 28 1.0
24 29 0.6776152849197388
24 30 0.6776152849197388
24 31 0.9233173248358071
24 32 0.34074488282203674
24 33 1.0
24 34 0.6776152849197388
24 35 0.6776152849197388
24 37 0.34074488282203674
24 38 1.0
24 39 0.6776152849197388
24 40 0.6776152849197388
25 26 0.32066037924960256
25 27 1.0
25 28 0.34074488282203674
25 29 0.663129597902298
25 30 0.663129597902298
25 31 0.32066037924960256
25 32 1.0
25 33 0.34074488282203674
25 34 0.663129597902298
25 35 0.663129597902298
25 37 1.0
25 38 0.34074488282203674
25 39 0.663129597902298
25 40 0.663129597902298
26 27 0.32066037924960256
26 28 0.9233173248358071
26 29 0.6575307813473046
26 30 0.6575307813473046
26 31 1.0
26 32 0.32066037924960256
26 33 0.9233173248358071
26 34 0.6575307813473046
26 35 0.6575307813473046
26 37 0.32066037924960256
26 38 0.9233173248358071
26 39 0.6575307813473046
26 40 0.6575307813473046
27 28 0.34074488282203674
27 29 0.663129597902298
27 30 0.663129597902298
27 31 0.32066037924960256
27 32 1.0
27 33 0.34074488282203674
27 34 0.663129597902298
27 35 0.663129597902298
27 37 1.0
27 38 0.34074488282203674
27 39 0.663129597902298
27 40 0.663129597902298
28 29 0.6776152849197388
28 30 0.6776152849197388
28 31 0.9233173248358071
28 32 0.34074488282203674
28 33 1.0
28 34 0.6776152849197388
28 35 0.6776152849197388
28 37 0.34074488282203674
28 38 1.0
28 39 0.6776152849197388
28 40 0.6776152849197388
29 30 1.0
29 31 0.6575307813473046
29 32 0.663129597902298
29 33 0.6776152849197388
29 34 1.0
29 35 1.0
29 37 0.663129597902298
29 38 0.6776152849197388
29 39 1.0
29 40 1.0
30 31 0.6575307813473046
30 32 0.663129597902298
30 33 0.6776152849197388
30 34 1.0
30 35 1.0
30 37 0.663129597902298
30 38 0.6776152849197388
30 39 1.0
30 40 1.0
31 32 0.32066037924960256
31 33 0.9233173248358071
31 34 0.6575307813473046
31 35 0.6575307813473046
31 37 0.32066037924960256
31 38 0.9233173248358071
31 39 0.6575307813473046
31 40 0.6575307813473046
32 33 0.34074488282203674
32 34 0.663129597902298
32 35 0.663129597902298
32 37 1.0
32 38 0.34074488282203674
32 39 0.663129597902298
32 40 0.663129597902298
33 34 0.6776152849197388
33 35 0.6776152849197388
33 37 0.34074488282203674
33 38 1.0
33 39 0.6776152849197388
33 40 0.6776152849197388
34 35 1.0
34 37 0.663129597902298
34 38 0.6776152849197388
34 39 1.0
34 40 1.0
35 37 0.663129597902298
35 38 0.6776152849197388
35 39 1.0
35 40 1.0
37 38 0.34074488282203674
37 39 0.663129597902298
37 40 0.663129597902298
38 39 0.6776152849197388
38 40 0.6776152849197388
39 40 1.0
