1 2 0.44561293964761717
1 3 0.44561293964761717
1 4 1.0
1 5 0.44561293964761717
1 6 0.44561293964761717
1 7 1.0
1 8 0.44561293964761717
1 9 0.44561293964761717
1 10 1.0
1 11 0.44561293964761717
1 12 0.44561293964761717
1 13 1.0
1 14 0.44561293964761717
1 15 0.44561293964761717
1 16 0.25512215867820487
1 36 0.25512215867820487
1 17 0.43161693243564514
1 18 0.43161693243564514
1 19 0.2677429544764891
1 20 0.45006988225759414
1 21 0.25512215867820487
1 22 0.43161693243564514
1 23 0.43161693243564514
1 24 0.2677429544764891
1 25 0.45006988225759414
1 26 0.25512215867820487
1 27 0.45006988225759414
1 28 0.2677429544764891
1 29 0.43161693243564514
1 30 0.43161693243564514
1 31 0.25512215867820487
1 32 0.45006988225759414
1 33 0.2677429544764891
1 34 0.43161693243564514
1 35 0.43161693243564514
1 37 0.45006988225759414
1 38 0.2677429544764891
1 39 0.43161693243564514
1 40 0.43161693243564514
2 3 1.0
2 4 0.44561293964761717
2 5 1.0
2 6 1.0
2 7 0.44561293964761717
2 8 1.0
2 9 1.0
2 10 0.44561293964761717
2 11 1.0
2 12 1.0
2 13 0.44561293964761717
2 14 1.0
2 15 1.0
2 16 0.22887808326231607
2 36 0.22887808326231607
2 17 0.45750569779647776
2 18 0.45750569779647776
2 19 0.2862257458664317
2 20 0.595238196144237
2 21 0.22887808326231607
2 22 0.45750569779647776
2 23 0.45750569779647776
2 24 0.2862257458664317
2 25 0.595238196144237
2 26 0.22887808326231607
2 27 0.595238196144237
2 28 0.2862257458664317
2 29 0.45750569779647776
2 30 0.45750569779647776
2 31 0.22887808326231607
2 32 0.595238196144237
2 33 0.2862257458664317
2 34 0.45750569779647776
2 35 0.45750569779647776
2 37 0.595238196144237
2 38 0.2862257458664317
2 39 0.45750569779647776
2 40 0.45750569779647776
3 4 0.44561293964761717
3 5 1.0
3 6 1.0
3 7 0.44561293964761717
3 8 1.0
3 9 1.0
3 10 0.44561293964761717
3 11 1.0
3 12 1.0
3 13 0.44561293964761717
3 14 1.0
3 15 1.0
3 16 0.22887808326231607
3 36 0.22887808326231607
3 17 0.45750569779647776
3 18 0.45750569779647776
3 19 0.2862257458664317
3 20 0.595238196144237
3 21 0.22887808326231607
3 22 0.45750569779647776
3 23 0.45750569779647776
3 24 0.2862257458664317
3 25 0.595238196144237
3 26 0.22887808326231607
3 27 0.595238196144237
3 28 0.2862257458664317
3 29 0.45750569779647776
3 30 0.45750569779647776
3 31 0.22887808326231607
3 32 0.595238196144237
3 33 0.2862257458664317
3 34 0.45750569779647776
3 35 0.45750569779647776
3 37 0.595238196144237
3 38 0.2862257458664317
3 39 0.45750569779647776
3 40 0.45750569779647776
4 5 0.44561293964761717
4 6 0.44561293964761717
4 7 1.0
4 8 0.44561293964761717
4 9 0.44561293964761717
4 10 1.0
4 11 0.44561293964761717
4 12 0.44561293964761717
4 13 1.0
4 14 0.44561293964761717
4 15 0.44561293964761717
4 16 0.25512215867820487
4 36 0.25512215867820487
4 17 0.43161693243564514
4 18 0.43161693243564514
4 19 0.2677429544764891
4 20 0.45006988225759414
4 21 0.25512215867820487
4 22 0.43161693243564514
4 23 0.43161693243564514
4 24 0.2677429544764891
4 25 0.45006988225759414
4 26 0.25512215867820487
4 27 0.45006988225759414
4 28 0.2677429544764891
4 29 0.43161693243564514
4 30 0.43161693243564514
4 31 0.25512215867820487
4 32 0.45006988225759414
4 33 0.2677429544764891
4 34 0.43161693243564514
4 35 0.43161693243564514
4 37 0.45006988225759414
4 38 0.2677429544764891
4 39 0.43161693243564514
4 40 0.43161693243564514
5 6 1.0
5 7 0.44561293964761717
5 8 1.0
5 9 1.0
5 10 0.44561293964761717
5 11 1.0
5 12 1.0
5 13 0.44561293964761717
5 14 1.0
5 15 1.0
5 16 0.22887808326231607
5 36 0.22887808326231607
5 17 0.45750569779647776
5 18 0.45750569779647776
5 19 0.2862257458664317
5 20 0.595238196144237
5 21 0.22887808326231607
5 22 0.45750569779647776
5 23 0.45750569779647776
5 24 0.2862257458664317
5 25 0.595238196144237
5 26 0.22887808326231607
5 27 0.595238196144237
5 28 0.2862257458664317
5 29 0.45750569779647776
5 30 0.45750569779647776
5 31 0.22887808326231607
5 32 0.595238196144237
5 33 0.2862257458664317
5 34 0.45750569779647776
5 35 0.45750569779647776
5 37 0.595238196144237
5 38 0.2862257458664317
5 39 0.45750569779647776
5 40 0.45750569779647776
6 7 0.44561293964761717
6 8 1.0
6 9 1.0
6 10 0.44561293964761717
6 11 1.0
6 12 1.0
6 13 0.44561293964761717
6 14 1.0
6 15 1.0
6 16 0.22887808326231607
6 36 0.22887808326231607
6 17 0.45750569779647776
6 18 0.45750569779647776
6 19 0.2862257458664317
6 20 0.595238196144237
6 21 0.22887808326231607
6 22 0.45750569779647776
6 23 0.45750569779647776
6 24 0.2862257458664317
6 25 0.595238196144237
6 26 0.22887808326231607
6 27 0.595238196144237
6 28 0.2862257458664317
6 29 0.45750569779647776
6 30 0.45750569779647776
6 31 0.22887808326231607
6 32 0.595238196144237
6 33 0.2862257458664317
6 34 0.45750569779647776
6 35 0.45750569779647776
6 37 0.595238196144237
6 38 0.2862257458664317
6 39 0.45750569779647776
6 40 0.45750569779647776
7 8 0.44561293964761717
7 9 0.44561293964761717
7 10 1.0
7 11 0.44561293964761717
7 12 0.44561293964761717
7 13 1.0
7 14 0.44561293964761717
7 15 0.44561293964761717
7 16 0.25512215867820487
7 36 0.25512215867820487
7 17 0.43161693243564514
7 18 0.43161693243564514
7 19 0.2677429544764891
7 20 0.45006988225759414
7 21 0.25512215867820487
7 22 0.43161693243564514
7 23 0.43161693243564514
7 24 0.2677429544764891
7 25 0.45006988225759414
7 26 0.25512215867820487
7 27 0.45006988225759414
7 28 0.2677429544764891
7 29 0.43161693243564514
7 30 0.43161693243564514
7 31 0.25512215867820487
7 32 0.45006988225759414
7 33 0.2677429544764891
7 34 0.43161693243564514
7 35 0.43161693243564514
7 37 0.45006988225759414
7 38 0.2677429544764891
7 39 0.43161693243564514
7 40 0.43161693243564514
8 9 1.0
8 10 0.44561293964761717
8 11 1.0
8 12 1.0
8 13 0.44561293964761717
8 14 1.0
8 15 1.0
8 16 0.22887808326231607
8 36 0.22887808326231607
8 17 0.45750569779647776
8 18 0.45750569779647776
8 19 0.2862257458664317
8 20 0.595238196144237
8 21 0.22887808326231607
8 22 0.45750569779647776
8 23 0.45750569779647776
8 24 0.2862257458664317
8 25 0.595238196144237
8 26 0.22887808326231607
8 27 0.595238196144237
8 28 0.2862257458664317
8 29 0.45750569779647776
8 30 0.45750569779647776
8 31 0.22887808326231607
8 32 0.595238196144237
8 33 0.2862257458664317
8 34 0.45750569779647776
8 35 0.45750569779647776
8 37 0.595238196144237
8 38 0.2862257458664317
8 39 0.45750569779647776
8 40 0.45750569779647776
9 10 0.44561293964761717
9 11 1.0
9 12 1.0
9 13 0.44561293964761717
9 14 1.0
9 15 1.0
9 16 0.22887808326231607
9 36 0.22887808326231607
9 17 0.45750569779647776
9 18 0.45750569779647776
9 19 0.2862257458664317
9 20 0.595238196144237
9 21 0.22887808326231607
9 22 0.45750569779647776
9 23 0.45750569779647776
9 24 0.2862257458664317
9 25 0.595238196144237
9 26 0.22887808326231607
9 27 0.595238196144237
9 28 0.2862257458664317
9 29 0.45750569779647776
9 30 0.45750569779647776
9 31 0.22887808326231607
9 32 0.595238196144237
9 33 0.2862257458664317
9 34 0.45750569779647776
9 35 0.45750569779647776
9 37 0.595238196144237
9 38 0.2862257458664317
9 39 0.45750569779647776
9 40 0.45750569779647776
10 11 0.44561293964761717
10 12 0.44561293964761717
10 13 1.0
10 14 0.44561293964761717
10 15 0.44561293964761717
10 16 0.25512215867820487
10 36 0.25512215867820487
10 17 0.43161693243564514
10 18 0.43161693243564514
10 19 0.2677429544764891
10 20 0.45006988225759414
10 21 0.25512215867820487
10 22 0.43161693243564514
10 23 0.43161693243564514
10 24 0.2677429544764891
10 25 0.45006988225759414
10 26 0.25512215867820487
10 27 0.45006988225759414
10 28 0.2677429544764891
10 29 0.43161693243564514
10 30 0.43161693243564514
10 31 0.25512215867820487
10 32 0.45006988225759414
10 33 0.2677429544764891
10 34 0.43161693243564514
10 35 0.43161693243564514
10 37 0.45006988225759414
10 38 0.2677429544764891
10 39 0.43161693243564514
10 40 0.43161693243564514
11 12 1.0
11 13 0.44561293964761717
11 14 1.0
11 15 1.0
11 16 0.22887808326231607
11 36 0.22887808326231607
11 17 0.45750569779647776
11 18 0.45750569779647776
11 19 0.2862257458664317
11 20 0.595238196144237
11 21 0.22887808326231607
11 22 0.45750569779647776
11 23 0.45750569779647776
11 24 0.2862257458664317
11 25 0.595238196144237
11 26 0.22887808326231607
11 27 0.595238196144237
11 28 0.2862257458664317
11 29 0.45750569779647776
11 30 0.45750569779647776
11 31 0.22887808326231607
11 32 0.595238196144237
11 33 0.2862257458664317
11 34 0.45750569779647776
11 35 0.45750569779647776
11 37 0.595238196144237
11 38 0.2862257458664317
11 39 0.45750569779647776
11 40 0.45750569779647776
12 13 0.44561293964761717
12 14 1.0
12 15 1.0
12 16 0.22887808326231607
12 36 0.22887808326231607
12 17 0.45750569779647776
12 18 0.45750569779647776
12 19 0.2862257458664317
12 20 0.595238196144237
12 21 0.22887808326231607
12 22 0.45750569779647776
12 23 0.45750569779647776
12 24 0.2862257458664317
12 25 0.595238196144237
12 26 0.22887808326231607
12 27 0.595238196144237
12 28 0.2862257458664317
12 29 0.45750569779647776
12 30 0.45750569779647776
12 31 0.22887808326231607
12 32 0.595238196144237
12 33 0.2862257458664317
12 34 0.45750569779647776
12 35 0.45750569779647776
12 37 0.595238196144237
12 38 0.2862257458664317
12 39 0.45750569779647776
12 40 0.45750569779647776
13 14 0.44561293964761717
13 15 0.44561293964761717
13 16 0.25512215867820487
13 36 0.25512215867820487
13 17 0.43161693243564514
13 18 0.43161693243564514
13 19 0.2677429544764891
13 20 0.45006988225759414
13 21 0.25512215867820487
13 22 0.43161693243564514
13 23 0.43161693243564514
13 24 0.2677429544764891
13 25 0.45006988225759414
13 26 0.25512215867820487
13 27 0.45006988225759414
13 28 0.2677429544764891
13 29 0.43161693243564514
13 30 0.43161693243564514
13 31 0.25512215867820487
13 32 0.45006988225759414
13 33 0.2677429544764891
13 34 0.43161693243564514
13 35 0.43161693243564514
13 37 0.45006988225759414
13 38 0.2677429544764891
13 39 0.43161693243564514
13 40 0.43161693243564514
14 15 1.0
14 16 0.22887808326231607
14 36 0.22887808326231607
14 17 0.45750569779647776
14 18 0.45750569779647776
14 19 0.2862257458664317
14 20 0.595238196144237
14 21 0.22887808326231607
14 22 0.45750569779647776
14 23 0.45750569779647776
14 24 0.2862257458664317
14 25 0.595238196144237
14 26 0.22887808326231607
14 27 0.595238196144237
14 28 0.2862257458664317
14 29 0.45750569779647776
14 30 0.45750569779647776
14 31 0.22887808326231607
14 32 0.595238196144237
14 33 0.2862257458664317
14 34 0.45750569779647776
14 35 0.45750569779647776
14 37 0.595238196144237
14 38 0.2862257458664317
14 39 0.45750569779647776
14 40 0.45750569779647776
15 16 0.22887808326231607
15 36 0.22887808326231607
15 17 0.45750569779647776
15 18 0.45750569779647776
15 19 0.2862257458664317
15 20 0.595238196144237
15 21 0.22887808326231607
15 22 0.45750569779647776
15 23 0.45750569779647776
15 24 0.2862257458664317
15 25 0.595238196144237
15 26 0.22887808326231607
15 27 0.595238196144237
15 28 0.2862257458664317
15 29 0.45750569779647776
15 30 0.45750569779647776
15 31 0.22887808326231607
15 32 0.595238196144237
15 33 0.2862257458664317
15 34 0.45750569779647776
15 35 0.45750569779647776
15 37 0.595238196144237
15 38 0.2862257458664317
15 39 0.45750569779647776
15 40 0.45750569779647776
16 36 1.0
16 17 0.5624931719230517
16 18 0.5624931719230517
16 19 0.7672356110142573
16 20 0.2776036005543574
16 21 1.0
16 22 0.5624931719230517
16 23 0.5624931719230517
16 24 0.7672356110142573
16 25 0.2776036005543574
16 26 1.0
16 27 0.2776036005543574
16 28 0.7672356110142573
16 29 0.5624931719230517
16 30 0.5624931719230517
16 31 1.0
16 32 0.2776036005543574
16 33 0.7672356110142573
16 34 0.5624931719230517
16 35 0.5624931719230517
16 37 0.2776036005543574
16 38 0.7672356110142573
16 39 0.5624931719230517
16 40 0.5624931719230517
36 17 0.5624931719230517
36 18 0.5624931719230517
36 19 0.7672356110142573
36 20 0.2776036005543574
36 21 1.0
36 22 0.5624931719230517
36 23 0.5624931719230517
36 24 0.7672356110142573
36 25 0.2776036005543574
36 26 1.0
36 27 0.2776036005543574
36 28 0.7672356110142573
36 29 0.5624931719230517
36 30 0.5624931719230517
36 31 1.0
36 32 0.2776036005543574
36 33 0.7672356110142573
36 34 0.5624931719230517
36 35 0.5624931719230517
36 37 0.2776036005543574
36 38 0.7672356110142573
36 39 0.5624931719230517
36 40 0.5624931719230517
17 18 1.0
17 19 0.663129597902298
17 20 0.663129597902298
17 21 0.5624931719230517
17 22 1.0
17 23 1.0
17 24 0.663129597902298
17 25 0.663129597902298
17 26 0.5624931719230517
17 27 0.663129597902298
17 28 0.663129597902298
17 29 1.0
17 30 1.0
17 31 0.5624931719230517
17 32 0.663129597902298
17 33 0.663129597902298
17 34 1.0
17 35 1.0
17 37 0.663129597902298
17 38 0.663129597902298
17 39 1.0
17 40 1.0
18 19 0.663129597902298
18 20 0.663129597902298
18 21 0.5624931719230517
18 22 1.0
18 23 1.0
18 24 0.663129597902298
18 25 0.663129597902298
18 26 0.5624931719230517
18 27 0.663129597902298
18 28 0.663129597902298
18 29 1.0
18 30 1.0
18 31 0.5624931719230517
18 32 0.663129597902298
18 33 0.663129597902298
18 34 1.0
18 35 1.0
18 37 0.663129597902298
18 38 0.663129597902298
18 39 1.0
18 40 1.0
19 20 0.34074488282203674
19 21 0.7672356110142573
19 22 0.663129597902298
19 23 0.663129597902298
19 24 1.0
19 25 0.34074488282203674
19 26 0.7672356110142573
19 27 0.34074488282203674
19 28 1.0
19 29 0.663129597902298
19 30 0.663129597902298
19 31 0.7672356110142573
19 32 0.34074488282203674
19 33 1.0
19 34 0.663129597902298
19 35 0.663129597902298
19 37 0.34074488282203674
19 38 1.0
19 39 0.663129597902298
19 40 0.663129597902298
20 21 0.2776036005543574
20 22 0.663129597902298
20 23 0.663129597902298
20 24 0.34074488282203674
20 25 1.0
20 26 0.2776036005543574
20 27 1.0
20 28 0.34074488282203674
20 29 0.663129597902298
20 30 0.663129597902298
20 31 0.2776036005543574
20 32 1.0
20 33 0.34074488282203674
20 34 0.663129597902298
20 35 0.663129597902298
20 37 1.0
20 38 0.34074488282203674
20 39 0.663129597902298
20 40 0.663129597902298
21 22 0.5624931719230517
21 23 0.5624931719230517
21 24 0.7672356110142573
21 25 0.2776036005543574
21 26 1.0
21 27 0.2776036005543574
21 28 0.7672356110142573
21 29 0.5624931719230517
21 30 0.5624931719230517
21 31 1.0
21 32 0.2776036005543574
21 33 0.7672356110142573
21 34 0.5624931719230517
21 35 0.5624931719230517
21 37 0.2776036005543574
21 38 0.7672356110142573
21 39 0.5624931719230517
21 40 0.5624931719230517
22 23 1.0
22 24 0.663129597902298
22 25 0.663129597902298
22 26 0.5624931719230517
22 27 0.663129597902298
22 28 0.663129597902298
22 29 1.0
22 30 1.0
22 31 0.5624931719230517
22 32 0.663129597902298
22 33 0.663129597902298
22 34 1.0
22 35 1.0
22 37 0.663129597902298
22 38 0.663129597902298
22 39 1.0
22 40 1.0
23 24 0.663129597902298
23 25 0.663129597902298
23 26 0.5624931719230517
23 27 0.663129597902298
23 28 0.663129597902298
23 29 1.0
23 30 1.0
23 31 0.5624931719230517
23 32 0.663129597902298
23 33 0.663129597902298
23 34 1.0
23 35 1.0
23 37 0.663129597902298
23 38 0.663129597902298
23 39 1.0
23 40 1.0
24 25 0.34074488282203674
24 26 0.7672356110142573
24 27 0.34074488282203674
24 28 1.0
24 29 0.663129597902298
24 30 0.663129597902298
24 31 0.7672356110142573
24 32 0.34074488282203674
24 33 1.0
24 34 0.663129597902298
24 35 0.663129597902298
24 37 0.34074488282203674
24 38 1.0
24 39 0.663129597902298
24 40 0.663129597902298
25 26 0.2776036005543574
25 27 1.0
25 28 0.34074488282203674
25 29 0.663129597902298
25 30 0.663129597902298
25 31 0.2776036005543574
25 32 1.0
25 33 0.34074488282203674
25 34 0.663129597902298
25 35 0.663129597902298
25 37 1.0
25 38 0.34074488282203674
25 39 0.663129597902298
25 40 0.663129597902298
26 27 0.2776036005543574
26 28 0.7672356110142573
26 29 0.5624931719230517
26 30 0.5624931719230517
26 31 1.0
26 32 0.2776036005543574
26 33 0.7672356110142573
26 34 0.5624931719230517
26 35 0.5624931719230517
26 37 0.2776036005543574
26 38 0.7672356110142573
26 39 0.5624931719230517
26 40 0.5624931719230517
27 28 0.34074488282203674
27 29 0.663129597902298
27 30 0.663129597902298
27 31 0.2776036005543574
27 32 1.0
27 33 0.34074488282203674
27 34 0.663129597902298
27 35 0.663129597902298
27 37 1.0
27 38 0.34074488282203674
27 39 0.663129597902298
27 40 0.663129597902298
28 29 0.663129597902298
28 30 0.663129597902298
28 31 0.7672356110142573
28 32 0.34074488282203674
28 33 1.0
28 34 0.663129597902298
28 35 0.663129597902298
28 37 0.34074488282203674
28 38 1.0
28 39 0.663129597902298
28 40 0.663129597902298
29 30 1.0
29 31 0.5624931719230517
29 32 0.663129597902298
29 33 0.663129597902298
29 34 1.0
29 35 1.0
29 37 0.663129597902298
29 38 0.663129597902298
29 39 1.0
29 40 1.0
30 31 0.5624931719230517
30 32 0.663129597902298
30 33 0.663129597902298
30 34 1.0
30 35 1.0
30 37 0.663129597902298
30 38 0.663129597902298
30 39 1.0
30 40 1.0
31 32 0.2776036005543574
31 33 0.7672356110142573
31 34 0.5624931719230517
31 35 0.5624931719230517
31 37 0.2776036005543574
31 38 0.7672356110142573
31 39 0.5624931719230517
31 40 0.5624931719230517
32 33 0.34074488282203674
32 34 0.663129597902298
32 35 0.663129597902298
32 37 1.0
32 38 0.34074488282203674
32 39 0.663129597902298
32 40 0.663129597902298
33 34 0.663129597902298
33 35 0.663129597902298
33 37 0.34074488282203674
33 38 1.0
33 39 0.663129597902298
33 40 0.663129597902298
34 35 1.0
34 37 0.663129597902298
34 38 0.663129597902298
34 39 1.0
34 40 1.0
35 37 0.663129597902298
35 38 0.663129597902298
35 39 1.0
35 40 1.0
37 38 0.34074488282203674
37 39 0.663129597902298
37 40 0.663129597902298
38 39 0.663129597902298
38 40 0.663129597902298
39 40 1.0
