1 2 0.47503160758060403
1 3 0.3546969128365163
1 4 0.3032923493592534
1 5 0.06844595953589305
1 6 0.12034390744520351
1 7 0.12034390744520351
1 8 0.16503506974549964
1 9 -0.0162769618909806
1 10 0.04425390434334986
1 11 0.06844595953589305
1 12 0.10920468298718333
1 13 0.06865581264719367
1 14 0.0900492149812635
1 15 -0.024898973031667992
1 33 0.5998965738835977
1 34 0.701396105956519
1 32 0.08798689732793719
1 22 0.06028904649429023
1 20 -0.03630073388922028
1 18 0.06028904649429023
1 31 0.05455011653248221
1 29 0.06569232209585607
1 28 0.10339134381501935
1 17 -0.14794984032050706
1 16 -0.024898973031667992
1 19 -0.024898973031667992
1 21 -0.024898973031667992
1 23 -0.024898973031667992
1 24 0.0840392064419575
1 30 0.05072333721909672
1 26 -0.04022974289546255
1 25 -0.03553932665090542
1 27 -0.014848544873530045
1 37 1.0
1 48 0.08798689732793719
1 49 0.06028904649429023
1 54 -0.03630073388922028
1 40 0.06028904649429023
1 60 0.0900492149812635
1 62 0.06865581264719367
1 67 0.10920468298718333
1 53 0.06844595953589305
1 41 -0.0162769618909806
1 43 0.16503506974549964
1 55 0.12034390744520351
1 50 0.12034390744520351
1 63 0.06844595953589305
1 59 0.3032923493592534
1 38 0.3546969128365163
1 39 0.47503160758060403
1 65 0.05455011653248221
1 58 0.04425390434334986
1 51 0.5998965738835977
1 56 0.06569232209585607
1 45 0.10339134381501935
1 52 -0.14794984032050706
1 42 0.701396105956519
1 64 -0.024898973031667992
1 66 -0.024898973031667992
1 61 -0.024898973031667992
1 46 -0.024898973031667992
1 47 -0.024898973031667992
1 35 0.0840392064419575
1 36 0.05072333721909672
1 57 -0.04022974289546255
1 44 -0.03553932665090542
1 68 -0.014848544873530045
2 3 0.5418844212545082
2 4 0.7569220828590915
2 5 0.38700283970683813
2 6 0.4135076152451802
2 7 0.4135076152451802
2 8 0.6054203161329497
2 9 0.19917860685382038
2 10 0.3482370839919895
2 11 0.38700283970683813
2 12 0.42962347908178344
2 13 0.45075358904432505
2 14 0.31637100485386327
2 15 0.27946959325345233
2 33 0.6246625797793968
2 34 0.3568775647727307
2 32 0.3024279728415422
2 22 0.4050326627329923
2 20 0.18762269080616534
2 18 0.4050326627329923
2 31 0.2951341974257957
2 29 0.3074226579919923
2 28 0.35765301989158615
2 17 0.06989057193277404
2 16 0.27946959325345233
2 19 0.27946959325345233
2 21 0.27946959325345233
2 23 0.27946959325345233
2 24 0.38812652611522935
2 30 0.36095428562839516
2 26 0.255184097084566
2 25 0.2602242296998156
2 27 0.2971294460003264
2 37 0.47503160758060403
2 48 0.3024279728415422
2 49 0.4050326627329923
2 54 0.18762269080616534
2 40 0.4050326627329923
2 60 0.31637100485386327
2 62 0.45075358904432505
2 67 0.42962347908178344
2 53 0.38700283970683813
2 41 0.19917860685382038
2 43 0.6054203161329497
2 55 0.4135076152451802
2 50 0.4135076152451802
2 63 0.38700283970683813
2 59 0.7569220828590915
2 38 0.5418844212545082
2 39 1.0
2 65 0.2951341974257957
2 58 0.3482370839919895
2 51 0.6246625797793968
2 56 0.3074226579919923
2 45 0.35765301989158615
2 52 0.06989057193277404
2 42 0.3568775647727307
2 64 0.27946959325345233
2 66 0.27946959325345233
2 61 0.27946959325345233
2 46 0.27946959325345233
2 47 0.27946959325345233
2 35 0.38812652611522935
2 36 0.36095428562839516
2 57 0.255184097084566
2 44 0.2602242296998156
2 68 0.2971294460003264
3 4 0.5527444395702332
3 5 0.25420649826992303
3 6 0.2217073188512586
3 7 0.2217073188512586
3 8 0.5040126978419721
3 9 0.6008107714296784
3 10 0.533100733649917
3 11 0.25420649826992303
3 12 0.3893711447599344
3 13 0.2874745794106275
3 14 0.6483584347879514
3 15 0.3527352088713087
3 33 0.5036702194920508
3 34 0.19359463997534476
3 32 0.6088799017015845
3 22 0.3304477705969475
3 20 0.5300208232947625
3 18 0.3304477705969475
3 31 0.5499479578284081
3 29 0.5414015415881295
3 28 0.5756484359153546
3 17 -0.26192831801017746
3 16 0.3527352088713087
3 19 0.3527352088713087
3 21 0.3527352088713087
3 23 0.3527352088713087
3 24 0.4154125990753528
3 30 0.3791466004040558
3 26 -0.11303745968325529
3 25 -0.11288773904379923
3 27 0.3177243366953917
3 37 0.3546969128365163
3 48 0.6088799017015845
3 49 0.3304477705969475
3 54 0.5300208232947625
3 40 0.3304477705969475
3 60 0.6483584347879514
3 62 0.2874745794106275
3 67 0.3893711447599344
3 53 0.25420649826992303
3 41 0.6008107714296784
3 43 0.5040126978419721
3 55 0.2217073188512586
3 50 0.2217073188512586
3 63 0.25420649826992303
3 59 0.5527444395702332
3 38 1.0
3 39 0.5418844212545082
3 65 0.5499479578284081
3 58 0.533100733649917
3 51 0.5036702194920508
3 56 0.5414015415881295
3 45 0.5756484359153546
3 52 -0.26192831801017746
3 42 0.19359463997534476
3 64 0.3527352088713087
3 66 0.3527352088713087
3 61 0.3527352088713087
3 46 0.3527352088713087
3 47 0.3527352088713087
3 35 0.4154125990753528
3 36 0.3791466004040558
3 57 -0.11303745968325529
3 44 -0.11288773904379923
3 68 0.3177243366953917
4 5 0.5007089391874615
4 6 0.4436085612687748
4 7 0.4436085612687748
4 8 0.8189802203851286
4 9 0.40015433775261045
4 10 0.5369862226070836
4 11 0.5007089391874615
4 12 0.583266451198142
4 13 0.5825638035021257
4 14 0.522522330051288
4 15 0.48383722646394745
4 33 0.45454733753285836
4 34 0.16904635468381457
4 32 0.5279479654855095
4 22 0.5694169315684121
4 20 0.39590238977689296
4 18 0.5694169315684121
4 31 0.5010786511411425
4 29 0.5195208144432399
4 28 0.5860002835397609
4 17 0.09434220363618806
4 16 0.48383722646394745
4 19 0.48383722646394745
4 21 0.48383722646394745
4 23 0.48383722646394745
4 24 0.5537130528537091
4 30 0.5331054518755991
4 26 0.2793121472786879
4 25 0.283421676067519
4 27 0.47206606779946014
4 37 0.3032923493592534
4 48 0.5279479654855095
4 49 0.5694169315684121
4 54 0.39590238977689296
4 40 0.5694169315684121
4 60 0.522522330051288
4 62 0.5825638035021257
4 67 0.583266451198142
4 53 0.5007089391874615
4 41 0.40015433775261045
4 43 0.8189802203851286
4 55 0.4436085612687748
4 50 0.4436085612687748
4 63 0.5007089391874615
4 59 1.0
4 38 0.5527444395702332
4 39 0.7569220828590915
4 65 0.5010786511411425
4 58 0.5369862226070836
4 51 0.45454733753285836
4 56 0.5195208144432399
4 45 0.5860002835397609
4 52 0.09434220363618806
4 42 0.16904635468381457
4 64 0.48383722646394745
4 66 0.48383722646394745
4 61 0.48383722646394745
4 46 0.48383722646394745
4 47 0.48383722646394745
4 35 0.5537130528537091
4 36 0.5331054518755991
4 57 0.2793121472786879
4 44 0.283421676067519
4 68 0.47206606779946014
5 6 0.7480528698652051
5 7 0.7480528698652051
5 8 0.5067108297953382
5 9 0.25731902103871107
5 10 0.38312819998827763
5 11 1.0
5 12 0.6660280227661133
5 13 0.6439617045107298
5 14 0.31264253525296226
5 15 0.5012807832972612
5 33 0.32311198649404105
5 34 -0.039096522610634565
5 32 0.3287649168923963
5 22 0.6236363478237763
5 20 0.29933984630042687
5 18 0.6236363478237763
5 31 0.4044430691283196
5 29 0.4313506981707178
5 28 0.5168047042388935
5 17 0.362656027689809
5 16 0.5012807832972612
5 19 0.5012807832972612
5 21 0.5012807832972612
5 23 0.5012807832972612
5 24 0.5368572303559631
5 30 0.5723803508444689
5 26 0.2790670835383935
5 25 0.2809385628643213
5 27 0.5704579181328882
5 37 0.06844595953589305
5 48 0.3287649168923963
5 49 0.6236363478237763
5 54 0.29933984630042687
5 40 0.6236363478237763
5 60 0.31264253525296226
5 62 0.6439617045107298
5 67 0.6660280227661133
5 53 1.0
5 41 0.25731902103871107
5 43 0.5067108297953382
5 55 0.7480528698652051
5 50 0.7480528698652051
5 63 1.0
5 59 0.5007089391874615
5 38 0.25420649826992303
5 39 0.38700283970683813
5 65 0.4044430691283196
5 58 0.38312819998827763
5 51 0.32311198649404105
5 56 0.4313506981707178
5 45 0.5168047042388935
5 52 0.362656027689809
5 42 -0.039096522610634565
5 64 0.5012807832972612
5 66 0.5012807832972612
5 61 0.5012807832972612
5 46 0.5012807832972612
5 47 0.5012807832972612
5 35 0.5368572303559631
5 36 0.5723803508444689
5 57 0.2790670835383935
5 44 0.2809385628643213
5 68 0.5704579181328882
6 7 1.0
6 8 0.423033433733508
6 9 0.188834008469712
6 10 0.25379870433243923
6 11 0.7480528698652051
6 12 0.5103891916223802
6 13 0.4796304788906127
6 14 0.24558764867833816
6 15 0.3360023012792226
6 33 0.355752484567347
6 34 0.023315236845519394
6 32 0.26911979282158427
6 22 0.45669911365257576
6 20 0.17211800467339344
6 18 0.45669911365257576
6 31 0.26429038360947743
6 29 0.2839068864705041
6 28 0.430171611456899
6 17 0.31795192291610874
6 16 0.3360023012792226
6 19 0.3360023012792226
6 21 0.3360023012792226
6 23 0.3360023012792226
6 24 0.46266891330014914
6 30 0.49801537668099627
6 26 0.2575788836547872
6 25 0.2655519787076628
6 27 0.42153078972478397
6 37 0.12034390744520351
6 48 0.26911979282158427
6 49 0.45669911365257576
6 54 0.17211800467339344
6 40 0.45669911365257576
6 60 0.24558764867833816
6 62 0.4796304788906127
6 67 0.5103891916223802
6 53 0.7480528698652051
6 41 0.188834008469712
6 43 0.423033433733508
6 55 1.0
6 50 1.0
6 63 0.7480528698652051
6 59 0.4436085612687748
6 38 0.2217073188512586
6 39 0.4135076152451802
6 65 0.26429038360947743
6 58 0.25379870433243923
6 51 0.355752484567347
6 56 0.2839068864705041
6 45 0.430171611456899
6 52 0.31795192291610874
6 42 0.023315236845519394
6 64 0.3360023012792226
6 66 0.3360023012792226
6 61 0.3360023012792226
6 46 0.3360023012792226
6 47 0.3360023012792226
6 35 0.46266891330014914
6 36 0.49801537668099627
6 57 0.2575788836547872
6 44 0.2655519787076628
6 68 0.42153078972478397
7 8 0.423033433733508
7 9 0.188834008469712
7 10 0.25379870433243923
7 11 0.7480528698652051
7 12 0.5103891916223802
7 13 0.4796304788906127
7 14 0.24558764867833816
7 15 0.3360023012792226
7 33 0.355752484567347
7 34 0.023315236845519394
7 32 0.26911979282158427
7 22 0.45669911365257576
7 20 0.17211800467339344
7 18 0.45669911365257576
7 31 0.26429038360947743
7 29 0.2839068864705041
7 28 0.430171611456899
7 17 0.31795192291610874
7 16 0.3360023012792226
7 19 0.3360023012792226
7 21 0.3360023012792226
7 23 0.3360023012792226
7 24 0.46266891330014914
7 30 0.49801537668099627
7 26 0.2575788836547872
7 25 0.2655519787076628
7 27 0.42153078972478397
7 37 0.12034390744520351
7 48 0.26911979282158427
7 49 0.45669911365257576
7 54 0.17211800467339344
7 40 0.45669911365257576
7 60 0.24558764867833816
7 62 0.4796304788906127
7 67 0.5103891916223802
7 53 0.7480528698652051
7 41 0.188834008469712
7 43 0.423033433733508
7 55 1.0
7 50 1.0
7 63 0.7480528698652051
7 59 0.4436085612687748
7 38 0.2217073188512586
7 39 0.4135076152451802
7 65 0.26429038360947743
7 58 0.25379870433243923
7 51 0.355752484567347
7 56 0.2839068864705041
7 45 0.430171611456899
7 52 0.31795192291610874
7 42 0.023315236845519394
7 64 0.3360023012792226
7 66 0.3360023012792226
7 61 0.3360023012792226
7 46 0.3360023012792226
7 47 0.3360023012792226
7 35 0.46266891330014914
7 36 0.49801537668099627
7 57 0.2575788836547872
7 44 0.2655519787076628
7 68 0.42153078972478397
8 9 0.5033818477531895
8 10 0.655271668365458
8 11 0.5067108297953382
8 12 0.6392412448185496
8 13 0.6633511222316884
8 14 0.5645960219553672
8 15 0.5954340912576299
8 33 0.3291834323463263
8 34 0.033017467241734266
8 32 0.47567897479166277
8 22 0.6801873805816285
8 20 0.48781388337374665
8 18 0.6801873805816285
8 31 0.6398163015255705
8 29 0.6573578540119343
8 28 0.6901514775527176
8 17 0.11472501305979677
8 16 0.5954340912576299
8 19 0.5954340912576299
8 21 0.5954340912576299
8 23 0.5954340912576299
8 24 0.5478539399337023
8 30 0.5915092160576023
8 26 0.30827427039912436
8 25 0.28758129647758324
8 27 0.5593287973606493
8 37 0.16503506974549964
8 48 0.47567897479166277
8 49 0.6801873805816285
8 54 0.48781388337374665
8 40 0.6801873805816285
8 60 0.5645960219553672
8 62 0.6633511222316884
8 67 0.6392412448185496
8 53 0.5067108297953382
8 41 0.5033818477531895
8 43 1.0
8 55 0.423033433733508
8 50 0.423033433733508
8 63 0.5067108297953382
8 59 0.8189802203851286
8 38 0.5040126978419721
8 39 0.6054203161329497
8 65 0.6398163015255705
8 58 0.655271668365458
8 51 0.3291834323463263
8 56 0.6573578540119343
8 45 0.6901514775527176
8 52 0.11472501305979677
8 42 0.033017467241734266
8 64 0.5954340912576299
8 66 0.5954340912576299
8 61 0.5954340912576299
8 46 0.5954340912576299
8 47 0.5954340912576299
8 35 0.5478539399337023
8 36 0.5915092160576023
8 57 0.30827427039912436
8 44 0.28758129647758324
8 68 0.5593287973606493
9 10 0.6493296801054385
9 11 0.25731902103871107
9 12 0.42144381353864446
9 13 0.3368468591943383
9 14 0.8423189088935032
9 15 0.41352401123731397
9 33 0.13657982893346343
9 34 -0.19700458570150658
9 32 0.7186079932725988
9 22 0.37989618798019364
9 20 0.8512879660120234
9 18 0.37989618798019364
9 31 0.7190740558435209
9 29 0.6958421611925587
9 28 0.6356405970000196
9 17 -0.2655613603128586
9 16 0.41352401123731397
9 19 0.41352401123731397
9 21 0.41352401123731397
9 23 0.41352401123731397
9 24 0.38332607958000153
9 30 0.4088432610151358
9 26 -0.10835106104786973
9 25 -0.11421721869555768
9 27 0.3758206824713852
9 37 -0.0162769618909806
9 48 0.7186079932725988
9 49 0.37989618798019364
9 54 0.8512879660120234
9 40 0.37989618798019364
9 60 0.8423189088935032
9 62 0.3368468591943383
9 67 0.42144381353864446
9 53 0.25731902103871107
9 41 1.0
9 43 0.5033818477531895
9 55 0.188834008469712
9 50 0.188834008469712
9 63 0.25731902103871107
9 59 0.40015433775261045
9 38 0.6008107714296784
9 39 0.19917860685382038
9 65 0.7190740558435209
9 58 0.6493296801054385
9 51 0.13657982893346343
9 56 0.6958421611925587
9 45 0.6356405970000196
9 52 -0.2655613603128586
9 42 -0.19700458570150658
9 64 0.41352401123731397
9 66 0.41352401123731397
9 61 0.41352401123731397
9 46 0.41352401123731397
9 47 0.41352401123731397
9 35 0.38332607958000153
9 36 0.4088432610151358
9 57 -0.10835106104786973
9 44 -0.11421721869555768
9 68 0.3758206824713852
10 11 0.38312819998827763
10 12 0.6218998974945862
10 13 0.6104148309386801
10 14 0.5790813638013788
10 15 0.6345741571276449
10 33 0.2310931577667361
10 34 -0.0521958417375572
10 32 0.48633087929920293
10 22 0.6240835318167228
10 20 0.5958028150489554
10 18 0.6240835318167228
10 31 0.8680082626233343
10 29 0.8529271525330842
10 28 0.7521990255336277
10 17 0.0434572376543656
10 16 0.6345741571276449
10 19 0.6345741571276449
10 21 0.6345741571276449
10 23 0.6345741571276449
10 24 0.4250513803854119
10 30 0.4814881852653343
10 26 0.10583291848888621
10 25 0.10322597017511725
10 27 0.5896309774834663
10 37 0.04425390434334986
10 48 0.48633087929920293
10 49 0.6240835318167228
10 54 0.5958028150489554
10 40 0.6240835318167228
10 60 0.5790813638013788
10 62 0.6104148309386801
10 67 0.6218998974945862
10 53 0.38312819998827763
10 41 0.6493296801054385
10 43 0.655271668365458
10 55 0.25379870433243923
10 50 0.25379870433243923
10 63 0.38312819998827763
10 59 0.5369862226070836
10 38 0.533100733649917
10 39 0.3482370839919895
10 65 0.8680082626233343
10 58 1.0
10 51 0.2310931577667361
10 56 0.8529271525330842
10 45 0.7521990255336277
10 52 0.0434572376543656
10 42 -0.0521958417375572
10 64 0.6345741571276449
10 66 0.6345741571276449
10 61 0.6345741571276449
10 46 0.6345741571276449
10 47 0.6345741571276449
10 35 0.4250513803854119
10 36 0.4814881852653343
10 57 0.10583291848888621
10 44 0.10322597017511725
10 68 0.5896309774834663
11 12 0.6660280227661133
11 13 0.6439617045107298
11 14 0.31264253525296226
11 15 0.5012807832972612
11 33 0.32311198649404105
11 34 -0.039096522610634565
11 32 0.3287649168923963
11 22 0.6236363478237763
11 20 0.29933984630042687
11 18 0.6236363478237763
11 31 0.4044430691283196
11 29 0.4313506981707178
11 28 0.5168047042388935
11 17 0.362656027689809
11 16 0.5012807832972612
11 19 0.5012807832972612
11 21 0.5012807832972612
11 23 0.5012807832972612
11 24 0.5368572303559631
11 30 0.5723803508444689
11 26 0.2790670835383935
11 25 0.2809385628643213
11 27 0.5704579181328882
11 37 0.06844595953589305
11 48 0.3287649168923963
11 49 0.6236363478237763
11 54 0.29933984630042687
11 40 0.6236363478237763
11 60 0.31264253525296226
11 62 0.6439617045107298
11 67 0.6660280227661133
11 53 1.0
11 41 0.25731902103871107
11 43 0.5067108297953382
11 55 0.7480528698652051
11 50 0.7480528698652051
11 63 1.0
11 59 0.5007089391874615
11 38 0.25420649826992303
11 39 0.38700283970683813
11 65 0.4044430691283196
11 58 0.38312819998827763
11 51 0.32311198649404105
11 56 0.4313506981707178
11 45 0.5168047042388935
11 52 0.362656027689809
11 42 -0.039096522610634565
11 64 0.5012807832972612
11 66 0.5012807832972612
11 61 0.5012807832972612
11 46 0.5012807832972612
11 47 0.5012807832972612
11 35 0.5368572303559631
11 36 0.5723803508444689
11 57 0.2790670835383935
11 44 0.2809385628643213
11 68 0.5704579181328882
12 13 0.8005325176636688
12 14 0.43210098904091865
12 15 0.6637877899047453
12 33 0.3243639536522096
12 34 0.017995000816881657
12 32 0.341543532529613
12 22 0.8068543802946806
12 20 0.44911903014872223
12 18 0.8068543802946806
12 31 0.5630313570145518
12 29 0.5665872087120079
12 28 0.5369891387235839
12 17 0.16375070073991083
12 16 0.6637877899047453
12 19 0.6637877899047453
12 21 0.6637877899047453
12 23 0.6637877899047453
12 24 0.5512443262268789
12 30 0.5915954340016469
12 26 0.18319277818955015
12 25 0.17696063737093937
12 27 0.6700224609521683
12 37 0.10920468298718333
12 48 0.341543532529613
12 49 0.8068543802946806
12 54 0.44911903014872223
12 40 0.8068543802946806
12 60 0.43210098904091865
12 62 0.8005325176636688
12 67 1.0
12 53 0.6660280227661133
12 41 0.42144381353864446
12 43 0.6392412448185496
12 55 0.5103891916223802
12 50 0.5103891916223802
12 63 0.6660280227661133
12 59 0.583266451198142
12 38 0.3893711447599344
12 39 0.42962347908178344
12 65 0.5630313570145518
12 58 0.6218998974945862
12 51 0.3243639536522096
12 56 0.5665872087120079
12 45 0.5369891387235839
12 52 0.16375070073991083
12 42 0.017995000816881657
12 64 0.6637877899047453
12 66 0.6637877899047453
12 61 0.6637877899047453
12 46 0.6637877899047453
12 47 0.6637877899047453
12 35 0.5512443262268789
12 36 0.5915954340016469
12 57 0.18319277818955015
12 44 0.17696063737093937
12 68 0.6700224609521683
13 14 0.35711048933444545
13 15 0.7322652138827834
13 33 0.2789853745343862
13 34 -0.02550775493727997
13 32 0.29915932918083854
13 22 0.9159416814218275
13 20 0.3534689010703005
13 18 0.9159416814218275
13 31 0.5569261554046534
13 29 0.5605100212851539
13 28 0.5468210344843101
13 17 0.23374279713607393
13 16 0.7322652138827834
13 19 0.7322652138827834
13 21 0.7322652138827834
13 23 0.7322652138827834
13 24 0.6250753739732318
13 30 0.6600163904950023
13 26 0.2557363393570995
13 25 0.23714051883143838
13 27 0.7610668593260925
13 37 0.06865581264719367
13 48 0.29915932918083854
13 49 0.9159416814218275
13 54 0.3534689010703005
13 40 0.9159416814218275
13 60 0.35711048933444545
13 62 1.0
13 67 0.8005325176636688
13 53 0.6439617045107298
13 41 0.3368468591943383
13 43 0.6633511222316884
13 55 0.4796304788906127
13 50 0.4796304788906127
13 63 0.6439617045107298
13 59 0.5825638035021257
13 38 0.2874745794106275
13 39 0.45075358904432505
13 65 0.5569261554046534
13 58 0.6104148309386801
13 51 0.2789853745343862
13 56 0.5605100212851539
13 45 0.5468210344843101
13 52 0.23374279713607393
13 42 -0.02550775493727997
13 64 0.7322652138827834
13 66 0.7322652138827834
13 61 0.7322652138827834
13 46 0.7322652138827834
13 47 0.7322652138827834
13 35 0.6250753739732318
13 36 0.6600163904950023
13 57 0.2557363393570995
13 44 0.23714051883143838
13 68 0.7610668593260925
14 15 0.399272927606944
14 33 0.24251873172761407
14 34 -0.09860845861840062
14 32 0.7584777805604972
14 22 0.399794188211672
14 20 0.8585999054485001
14 18 0.399794188211672
14 31 0.6616430897556711
14 29 0.6654566117504146
14 28 0.6467230706475675
14 17 -0.21809321851469576
14 16 0.399272927606944
14 19 0.399272927606944
14 21 0.399272927606944
14 23 0.399272927606944
14 24 0.4612348334339913
14 30 0.42603257836890407
14 26 -0.06355167827859987
14 25 -0.07524854854273144
14 27 0.3657284310320392
14 37 0.0900492149812635
14 48 0.7584777805604972
14 49 0.399794188211672
14 54 0.8585999054485001
14 40 0.399794188211672
14 60 1.0
14 62 0.35711048933444545
14 67 0.43210098904091865
14 53 0.31264253525296226
14 41 0.8423189088935032
14 43 0.5645960219553672
14 55 0.24558764867833816
14 50 0.24558764867833816
14 63 0.31264253525296226
14 59 0.522522330051288
14 38 0.6483584347879514
14 39 0.31637100485386327
14 65 0.6616430897556711
14 58 0.5790813638013788
14 51 0.24251873172761407
14 56 0.6654566117504146
14 45 0.6467230706475675
14 52 -0.21809321851469576
14 42 -0.09860845861840062
14 64 0.399272927606944
14 66 0.399272927606944
14 61 0.399272927606944
14 46 0.399272927606944
14 47 0.399272927606944
14 35 0.4612348334339913
14 36 0.42603257836890407
14 57 -0.06355167827859987
14 44 -0.07524854854273144
14 68 0.3657284310320392
15 33 0.2227601247286657
15 34 -0.11177613399922848
15 32 0.3642496973625384
15 22 0.7822881525207777
15 20 0.3957873823819682
15 18 0.7822881525207777
15 31 0.6086094293568749
15 29 0.6202348439546768
15 28 0.6132593395304866
15 17 0.11733237764565274
15 16 1.0
15 19 1.0
15 21 1.0
15 23 1.0
15 24 0.7299922921229154
15 30 0.7879301706852857
15 26 0.08295464339607861
15 25 0.06242042467056308
15 27 0.8756133150309324
15 37 -0.024898973031667992
15 48 0.3642496973625384
15 49 0.7822881525207777
15 54 0.3957873823819682
15 40 0.7822881525207777
15 60 0.399272927606944
15 62 0.7322652138827834
15 67 0.6637877899047453
15 53 0.5012807832972612
15 41 0.41352401123731397
15 43 0.5954340912576299
15 55 0.3360023012792226
15 50 0.3360023012792226
15 63 0.5012807832972612
15 59 0.48383722646394745
15 38 0.3527352088713087
15 39 0.27946959325345233
15 65 0.6086094293568749
15 58 0.6345741571276449
15 51 0.2227601247286657
15 56 0.6202348439546768
15 45 0.6132593395304866
15 52 0.11733237764565274
15 42 -0.11177613399922848
15 64 1.0
15 66 1.0
15 61 1.0
15 46 1.0
15 47 1.0
15 35 0.7299922921229154
15 36 0.7879301706852857
15 57 0.08295464339607861
15 44 0.06242042467056308
15 68 0.8756133150309324
33 34 0.5930553700891323
33 32 0.2693595077289501
33 22 0.2691577144287294
33 20 0.11465010621759575
33 18 0.2691577144287294
33 31 0.2560123656876385
33 29 0.2742935292189941
33 28 0.3695009813964134
33 17 -0.10415983349957969
33 16 0.2227601247286657
33 19 0.2227601247286657
33 21 0.2227601247286657
33 23 0.2227601247286657
33 24 0.38182882794353645
33 30 0.33432144856487866
33 26 0.051007559057325125
33 25 0.04472770541906357
33 27 0.2501300085132243
33 37 0.5998965738835977
33 48 0.2693595077289501
33 49 0.2691577144287294
33 54 0.11465010621759575
33 40 0.2691577144287294
33 60 0.24251873172761407
33 62 0.2789853745343862
33 67 0.3243639536522096
33 53 0.32311198649404105
33 41 0.13657982893346343
33 43 0.3291834323463263
33 55 0.355752484567347
33 50 0.355752484567347
33 63 0.32311198649404105
33 59 0.45454733753285836
33 38 0.5036702194920508
33 39 0.6246625797793968
33 65 0.2560123656876385
33 58 0.2310931577667361
33 51 1.0
33 56 0.2742935292189941
33 45 0.3695009813964134
33 52 -0.10415983349957969
33 42 0.5930553700891323
33 64 0.2227601247286657
33 66 0.2227601247286657
33 61 0.2227601247286657
33 46 0.2227601247286657
33 47 0.2227601247286657
33 35 0.38182882794353645
33 36 0.33432144856487866
33 57 0.051007559057325125
33 44 0.04472770541906357
33 68 0.2501300085132243
34 32 -0.10337705496931449
34 22 -0.05176247050985694
34 20 -0.22513598264777102
34 18 -0.05176247050985694
34 31 -0.06480579092749394
34 29 -0.05802995411795564
34 28 -0.010655759135261178
34 17 -0.07457825570600107
34 16 -0.11177613399922848
34 19 -0.11177613399922848
34 21 -0.11177613399922848
34 23 -0.11177613399922848
34 24 0.018415633152471855
34 30 -0.01198149161064066
34 26 0.030155860353261232
34 25 0.03661867883056402
34 27 -0.08713251206791028
34 37 0.701396105956519
34 48 -0.10337705496931449
34 49 -0.05176247050985694
34 54 -0.22513598264777102
34 40 -0.05176247050985694
34 60 -0.09860845861840062
34 62 -0.02550775493727997
34 67 0.017995000816881657
34 53 -0.039096522610634565
34 41 -0.19700458570150658
34 43 0.033017467241734266
34 55 0.023315236845519394
34 50 0.023315236845519394
34 63 -0.039096522610634565
34 59 0.16904635468381457
34 38 0.19359463997534476
34 39 0.3568775647727307
34 65 -0.06480579092749394
34 58 -0.0521958417375572
34 51 0.5930553700891323
34 56 -0.05802995411795564
34 45 -0.010655759135261178
34 52 -0.07457825570600107
34 42 1.0
34 64 -0.11177613399922848
34 66 -0.11177613399922848
34 61 -0.11177613399922848
34 46 -0.11177613399922848
34 47 -0.11177613399922848
34 35 0.018415633152471855
34 36 -0.01198149161064066
34 57 0.030155860353261232
34 44 0.03661867883056402
34 68 -0.08713251206791028
32 22 0.33093064322019927
32 20 0.6705920025124215
32 18 0.33093064322019927
32 31 0.546892701939214
32 29 0.5731693540583365
32 28 0.6546270849939901
32 17 -0.24687131072278135
32 16 0.3642496973625384
32 19 0.3642496973625384
32 21 0.3642496973625384
32 23 0.3642496973625384
32 24 0.5014385361864697
32 30 0.446759292302886
32 26 -0.09275588257878553
32 25 -0.09681286283012014
32 27 0.3545602809463162
32 37 0.08798689732793719
32 48 1.0
32 49 0.33093064322019927
32 54 0.6705920025124215
32 40 0.33093064322019927
32 60 0.7584777805604972
32 62 0.29915932918083854
32 67 0.341543532529613
32 53 0.3287649168923963
32 41 0.7186079932725988
32 43 0.47567897479166277
32 55 0.26911979282158427
32 50 0.26911979282158427
32 63 0.3287649168923963
32 59 0.5279479654855095
32 38 0.6088799017015845
32 39 0.3024279728415422
32 65 0.546892701939214
32 58 0.48633087929920293
32 51 0.2693595077289501
32 56 0.5731693540583365
32 45 0.6546270849939901
32 52 -0.24687131072278135
32 42 -0.10337705496931449
32 64 0.3642496973625384
32 66 0.3642496973625384
32 61 0.3642496973625384
32 46 0.3642496973625384
32 47 0.3642496973625384
32 35 0.5014385361864697
32 36 0.446759292302886
32 57 -0.09275588257878553
32 44 -0.09681286283012014
32 68 0.3545602809463162
22 20 0.39683813916053623
22 18 1.0
22 31 0.5951865504030138
22 29 0.607022914045956
22 28 0.5805449851613957
22 17 0.1769370251276996
22 16 0.7822881525207777
22 19 0.7822881525207777
22 21 0.7822881525207777
22 23 0.7822881525207777
22 24 0.6519920866121538
22 30 0.6754002769012004
22 26 0.1975593899114756
22 25 0.17736986400268506
22 27 0.7788478838920128
22 37 0.06028904649429023
22 48 0.33093064322019927
22 49 1.0
22 54 0.39683813916053623
22 40 1.0
22 60 0.399794188211672
22 62 0.9159416814218275
22 67 0.8068543802946806
22 53 0.6236363478237763
22 41 0.37989618798019364
22 43 0.6801873805816285
22 55 0.45669911365257576
22 50 0.45669911365257576
22 63 0.6236363478237763
22 59 0.5694169315684121
22 38 0.3304477705969475
22 39 0.4050326627329923
22 65 0.5951865504030138
22 58 0.6240835318167228
22 51 0.2691577144287294
22 56 0.607022914045956
22 45 0.5805449851613957
22 52 0.1769370251276996
22 42 -0.05176247050985694
22 64 0.7822881525207777
22 66 0.7822881525207777
22 61 0.7822881525207777
22 46 0.7822881525207777
22 47 0.7822881525207777
22 35 0.6519920866121538
22 36 0.6754002769012004
22 57 0.1975593899114756
22 44 0.17736986400268506
22 68 0.7788478838920128
20 18 0.39683813916053623
20 31 0.6647206485213246
20 29 0.6655614931660239
20 28 0.5799993344699033
20 17 -0.23035656503634527
20 16 0.3957873823819682
20 19 0.3957873823819682
20 21 0.3957873823819682
20 23 0.3957873823819682
20 24 0.3390200116264168
20 30 0.3545480417960789
20 26 -0.08733209538331721
20 25 -0.09315646877803374
20 27 0.36177842813776806
20 37 -0.03630073388922028
20 48 0.6705920025124215
20 49 0.39683813916053623
20 54 1.0
20 40 0.39683813916053623
20 60 0.8585999054485001
20 62 0.3534689010703005
20 67 0.44911903014872223
20 53 0.29933984630042687
20 41 0.8512879660120234
20 43 0.48781388337374665
20 55 0.17211800467339344
20 50 0.17211800467339344
20 63 0.29933984630042687
20 59 0.39590238977689296
20 38 0.5300208232947625
20 39 0.18762269080616534
20 65 0.6647206485213246
20 58 0.5958028150489554
20 51 0.11465010621759575
20 56 0.6655614931660239
20 45 0.5799993344699033
20 52 -0.23035656503634527
20 42 -0.22513598264777102
20 64 0.3957873823819682
20 66 0.3957873823819682
20 61 0.3957873823819682
20 46 0.3957873823819682
20 47 0.3957873823819682
20 35 0.3390200116264168
20 36 0.3545480417960789
20 57 -0.08733209538331721
20 44 -0.09315646877803374
20 68 0.36177842813776806
18 31 0.5951865504030138
18 29 0.607022914045956
18 28 0.5805449851613957
18 17 0.1769370251276996
18 16 0.7822881525207777
18 19 0.7822881525207777
18 21 0.7822881525207777
18 23 0.7822881525207777
18 24 0.6519920866121538
18 30 0.6754002769012004
18 26 0.1975593899114756
18 25 0.17736986400268506
18 27 0.7788478838920128
18 37 0.06028904649429023
18 48 0.33093064322019927
18 49 1.0
18 54 0.39683813916053623
18 40 1.0
18 60 0.399794188211672
18 62 0.9159416814218275
18 67 0.8068543802946806
18 53 0.6236363478237763
18 41 0.37989618798019364
18 43 0.6801873805816285
18 55 0.45669911365257576
18 50 0.45669911365257576
18 63 0.6236363478237763
18 59 0.5694169315684121
18 38 0.3304477705969475
18 39 0.4050326627329923
18 65 0.5951865504030138
18 58 0.6240835318167228
18 51 0.2691577144287294
18 56 0.607022914045956
18 45 0.5805449851613957
18 52 0.1769370251276996
18 42 -0.05176247050985694
18 64 0.7822881525207777
18 66 0.7822881525207777
18 61 0.7822881525207777
18 46 0.7822881525207777
18 47 0.7822881525207777
18 35 0.6519920866121538
18 36 0.6754002769012004
18 57 0.1975593899114756
18 44 0.17736986400268506
18 68 0.7788478838920128
31 29 0.954041879507713
31 28 0.796167689259164
31 17 -0.051487911521689966
31 16 0.6086094293568749
31 19 0.6086094293568749
31 21 0.6086094293568749
31 23 0.6086094293568749
31 24 0.47693376085953787
31 30 0.5266313647152856
31 26 0.07420699368230999
31 25 0.058277985197491944
31 27 0.5744277556368615
31 37 0.05455011653248221
31 48 0.546892701939214
31 49 0.5951865504030138
31 54 0.6647206485213246
31 40 0.5951865504030138
31 60 0.6616430897556711
31 62 0.5569261554046534
31 67 0.5630313570145518
31 53 0.4044430691283196
31 41 0.7190740558435209
31 43 0.6398163015255705
31 55 0.26429038360947743
31 50 0.26429038360947743
31 63 0.4044430691283196
31 59 0.5010786511411425
31 38 0.5499479578284081
31 39 0.2951341974257957
31 65 1.0
31 58 0.8680082626233343
31 51 0.2560123656876385
31 56 0.954041879507713
31 45 0.796167689259164
31 52 -0.051487911521689966
31 42 -0.06480579092749394
31 64 0.6086094293568749
31 66 0.6086094293568749
31 61 0.6086094293568749
31 46 0.6086094293568749
31 47 0.6086094293568749
31 35 0.47693376085953787
31 36 0.5266313647152856
31 57 0.07420699368230999
31 44 0.058277985197491944
31 68 0.5744277556368615
29 28 0.8308123561437242
29 17 -0.045355901500443
29 16 0.6202348439546768
29 19 0.6202348439546768
29 21 0.6202348439546768
29 23 0.6202348439546768
29 24 0.5006639363127761
29 30 0.5429710354655981
29 26 0.07596159016247839
29 25 0.060785597073845565
29 27 0.5727925388782751
29 37 0.06569232209585607
29 48 0.5731693540583365
29 49 0.607022914045956
29 54 0.6655614931660239
29 40 0.607022914045956
29 60 0.6654566117504146
29 62 0.5605100212851539
29 67 0.5665872087120079
29 53 0.4313506981707178
29 41 0.6958421611925587
29 43 0.6573578540119343
29 55 0.2839068864705041
29 50 0.2839068864705041
29 63 0.4313506981707178
29 59 0.5195208144432399
29 38 0.5414015415881295
29 39 0.3074226579919923
29 65 0.954041879507713
29 58 0.8529271525330842
29 51 0.2742935292189941
29 56 1.0
29 45 0.8308123561437242
29 52 -0.045355901500443
29 42 -0.05802995411795564
29 64 0.6202348439546768
29 66 0.6202348439546768
29 61 0.6202348439546768
29 46 0.6202348439546768
29 47 0.6202348439546768
29 35 0.5006639363127761
29 36 0.5429710354655981
29 57 0.07596159016247839
29 44 0.060785597073845565
29 68 0.5727925388782751
28 17 -0.008966187597252429
28 16 0.6132593395304866
28 19 0.6132593395304866
28 21 0.6132593395304866
28 23 0.6132593395304866
28 24 0.6245175612566527
28 30 0.6463382534275297
28 26 0.12854246445931494
28 25 0.10517728139529936
28 27 0.5992387068690732
28 37 0.10339134381501935
28 48 0.6546270849939901
28 49 0.5805449851613957
28 54 0.5799993344699033
28 40 0.5805449851613957
28 60 0.6467230706475675
28 62 0.5468210344843101
28 67 0.5369891387235839
28 53 0.5168047042388935
28 41 0.6356405970000196
28 43 0.6901514775527176
28 55 0.430171611456899
28 50 0.430171611456899
28 63 0.5168047042388935
28 59 0.5860002835397609
28 38 0.5756484359153546
28 39 0.35765301989158615
28 65 0.796167689259164
28 58 0.7521990255336277
28 51 0.3695009813964134
28 56 0.8308123561437242
28 45 1.0
28 52 -0.008966187597252429
28 42 -0.010655759135261178
28 64 0.6132593395304866
28 66 0.6132593395304866
28 61 0.6132593395304866
28 46 0.6132593395304866
28 47 0.6132593395304866
28 35 0.6245175612566527
28 36 0.6463382534275297
28 57 0.12854246445931494
28 44 0.10517728139529936
28 68 0.5992387068690732
17 16 0.11733237764565274
17 19 0.11733237764565274
17 21 0.11733237764565274
17 23 0.11733237764565274
17 24 0.02801114780595526
17 30 0.08171824185410514
17 26 0.3606893195392331
17 25 0.3604787605727324
17 27 0.18668462260393426
17 37 -0.14794984032050706
17 48 -0.24687131072278135
17 49 0.1769370251276996
17 54 -0.23035656503634527
17 40 0.1769370251276996
17 60 -0.21809321851469576
17 62 0.23374279713607393
17 67 0.16375070073991083
17 53 0.362656027689809
17 41 -0.2655613603128586
17 43 0.11472501305979677
17 55 0.31795192291610874
17 50 0.31795192291610874
17 63 0.362656027689809
17 59 0.09434220363618806
17 38 -0.26192831801017746
17 39 0.06989057193277404
17 65 -0.051487911521689966
17 58 0.0434572376543656
17 51 -0.10415983349957969
17 56 -0.045355901500443
17 45 -0.008966187597252429
17 52 1.0
17 42 -0.07457825570600107
17 64 0.11733237764565274
17 66 0.11733237764565274
17 61 0.11733237764565274
17 46 0.11733237764565274
17 47 0.11733237764565274
17 35 0.02801114780595526
17 36 0.08171824185410514
17 57 0.3606893195392331
17 44 0.3604787605727324
17 68 0.18668462260393426
16 19 1.0
16 21 1.0
16 23 1.0
16 24 0.7299922921229154
16 30 0.7879301706852857
16 26 0.08295464339607861
16 25 0.06242042467056308
16 27 0.8756133150309324
16 37 -0.024898973031667992
16 48 0.3642496973625384
16 49 0.7822881525207777
16 54 0.3957873823819682
16 40 0.7822881525207777
16 60 0.399272927606944
16 62 0.7322652138827834
16 67 0.6637877899047453
16 53 0.5012807832972612
16 41 0.41352401123731397
16 43 0.5954340912576299
16 55 0.3360023012792226
16 50 0.3360023012792226
16 63 0.5012807832972612
16 59 0.48383722646394745
16 38 0.3527352088713087
16 39 0.27946959325345233
16 65 0.6086094293568749
16 58 0.6345741571276449
16 51 0.2227601247286657
16 56 0.6202348439546768
16 45 0.6132593395304866
16 52 0.11733237764565274
16 42 -0.11177613399922848
16 64 1.0
16 66 1.0
16 61 1.0
16 46 1.0
16 47 1.0
16 35 0.7299922921229154
16 36 0.7879301706852857
16 57 0.08295464339607861
16 44 0.06242042467056308
16 68 0.8756133150309324
19 21 1.0
19 23 1.0
19 24 0.7299922921229154
19 30 0.7879301706852857
19 26 0.08295464339607861
19 25 0.06242042467056308
19 27 0.8756133150309324
19 37 -0.024898973031667992
19 48 0.3642496973625384
19 49 0.7822881525207777
19 54 0.3957873823819682
19 40 0.7822881525207777
19 60 0.399272927606944
19 62 0.7322652138827834
19 67 0.6637877899047453
19 53 0.5012807832972612
19 41 0.41352401123731397
19 43 0.5954340912576299
19 55 0.3360023012792226
19 50 0.3360023012792226
19 63 0.5012807832972612
19 59 0.48383722646394745
19 38 0.3527352088713087
19 39 0.27946959325345233
19 65 0.6086094293568749
19 58 0.6345741571276449
19 51 0.2227601247286657
19 56 0.6202348439546768
19 45 0.6132593395304866
19 52 0.11733237764565274
19 42 -0.11177613399922848
19 64 1.0
19 66 1.0
19 61 1.0
19 46 1.0
19 47 1.0
19 35 0.7299922921229154
19 36 0.7879301706852857
19 57 0.08295464339607861
19 44 0.06242042467056308
19 68 0.8756133150309324
21 23 1.0
21 24 0.7299922921229154
21 30 0.7879301706852857
21 26 0.08295464339607861
21 25 0.06242042467056308
21 27 0.8756133150309324
21 37 -0.024898973031667992
21 48 0.3642496973625384
21 49 0.7822881525207777
21 54 0.3957873823819682
21 40 0.7822881525207777
21 60 0.399272927606944
21 62 0.7322652138827834
21 67 0.6637877899047453
21 53 0.5012807832972612
21 41 0.41352401123731397
21 43 0.5954340912576299
21 55 0.3360023012792226
21 50 0.3360023012792226
21 63 0.5012807832972612
21 59 0.48383722646394745
21 38 0.3527352088713087
21 39 0.27946959325345233
21 65 0.6086094293568749
21 58 0.6345741571276449
21 51 0.2227601247286657
21 56 0.6202348439546768
21 45 0.6132593395304866
21 52 0.11733237764565274
21 42 -0.11177613399922848
21 64 1.0
21 66 1.0
21 61 1.0
21 46 1.0
21 47 1.0
21 35 0.7299922921229154
21 36 0.7879301706852857
21 57 0.08295464339607861
21 44 0.06242042467056308
21 68 0.8756133150309324
23 24 0.7299922921229154
23 30 0.7879301706852857
23 26 0.08295464339607861
23 25 0.06242042467056308
23 27 0.8756133150309324
23 37 -0.024898973031667992
23 48 0.3642496973625384
23 49 0.7822881525207777
23 54 0.3957873823819682
23 40 0.7822881525207777
23 60 0.399272927606944
23 62 0.7322652138827834
23 67 0.6637877899047453
23 53 0.5012807832972612
23 41 0.41352401123731397
23 43 0.5954340912576299
23 55 0.3360023012792226
23 50 0.3360023012792226
23 63 0.5012807832972612
23 59 0.48383722646394745
23 38 0.3527352088713087
23 39 0.27946959325345233
23 65 0.6086094293568749
23 58 0.6345741571276449
23 51 0.2227601247286657
23 56 0.6202348439546768
23 45 0.6132593395304866
23 52 0.11733237764565274
23 42 -0.11177613399922848
23 64 1.0
23 66 1.0
23 61 1.0
23 46 1.0
23 47 1.0
23 35 0.7299922921229154
23 36 0.7879301706852857
23 57 0.08295464339607861
23 44 0.06242042467056308
23 68 0.8756133150309324
24 30 0.8554692286998034
24 26 0.06311394054500852
24 25 0.04257972181949299
24 27 0.7390746858436614
24 37 0.0840392064419575
24 48 0.5014385361864697
24 49 0.6519920866121538
24 54 0.3390200116264168
24 40 0.6519920866121538
24 60 0.4612348334339913
24 62 0.6250753739732318
24 67 0.5512443262268789
24 53 0.5368572303559631
24 41 0.38332607958000153
24 43 0.5478539399337023
24 55 0.46266891330014914
24 50 0.46266891330014914
24 63 0.5368572303559631
24 59 0.5537130528537091
24 38 0.4154125990753528
24 39 0.38812652611522935
24 65 0.47693376085953787
24 58 0.4250513803854119
24 51 0.38182882794353645
24 56 0.5006639363127761
24 45 0.6245175612566527
24 52 0.02801114780595526
24 42 0.018415633152471855
24 64 0.7299922921229154
24 66 0.7299922921229154
24 61 0.7299922921229154
24 46 0.7299922921229154
24 47 0.7299922921229154
24 35 1.0
24 36 0.8554692286998034
24 57 0.06311394054500852
24 44 0.04257972181949299
24 68 0.7390746858436614
30 26 0.13493163460225333
30 25 0.12191479837929364
30 27 0.8371013075811788
30 37 0.05072333721909672
30 48 0.446759292302886
30 49 0.6754002769012004
30 54 0.3545480417960789
30 40 0.6754002769012004
30 60 0.42603257836890407
30 62 0.6600163904950023
30 67 0.5915954340016469
30 53 0.5723803508444689
30 41 0.4088432610151358
30 43 0.5915092160576023
30 55 0.49801537668099627
30 50 0.49801537668099627
30 63 0.5723803508444689
30 59 0.5331054518755991
30 38 0.3791466004040558
30 39 0.36095428562839516
30 65 0.5266313647152856
30 58 0.4814881852653343
30 51 0.33432144856487866
30 56 0.5429710354655981
30 45 0.6463382534275297
30 52 0.08171824185410514
30 42 -0.01198149161064066
30 64 0.7879301706852857
30 66 0.7879301706852857
30 61 0.7879301706852857
30 46 0.7879301706852857
30 47 0.7879301706852857
30 35 0.8554692286998034
30 36 1.0
30 57 0.13493163460225333
30 44 0.12191479837929364
30 68 0.8371013075811788
26 25 0.9532778206339572
26 27 0.1756576241896255
26 37 -0.04022974289546255
26 48 -0.09275588257878553
26 49 0.1975593899114756
26 54 -0.08733209538331721
26 40 0.1975593899114756
26 60 -0.06355167827859987
26 62 0.2557363393570995
26 67 0.18319277818955015
26 53 0.2790670835383935
26 41 -0.10835106104786973
26 43 0.30827427039912436
26 55 0.2575788836547872
26 50 0.2575788836547872
26 63 0.2790670835383935
26 59 0.2793121472786879
26 38 -0.11303745968325529
26 39 0.255184097084566
26 65 0.07420699368230999
26 58 0.10583291848888621
26 51 0.051007559057325125
26 56 0.07596159016247839
26 45 0.12854246445931494
26 52 0.3606893195392331
26 42 0.030155860353261232
26 64 0.08295464339607861
26 66 0.08295464339607861
26 61 0.08295464339607861
26 46 0.08295464339607861
26 47 0.08295464339607861
26 35 0.06311394054500852
26 36 0.13493163460225333
26 57 1.0
26 44 0.9532778206339572
26 68 0.1756576241896255
25 27 0.15415904037945438
25 37 -0.03553932665090542
25 48 -0.09681286283012014
25 49 0.17736986400268506
25 54 -0.09315646877803374
25 40 0.17736986400268506
25 60 -0.07524854854273144
25 62 0.23714051883143838
25 67 0.17696063737093937
25 53 0.2809385628643213
25 41 -0.11421721869555768
25 43 0.28758129647758324
25 55 0.2655519787076628
25 50 0.2655519787076628
25 63 0.2809385628643213
25 59 0.283421676067519
25 38 -0.11288773904379923
25 39 0.2602242296998156
25 65 0.058277985197491944
25 58 0.10322597017511725
25 51 0.04472770541906357
25 56 0.060785597073845565
25 45 0.10517728139529936
25 52 0.3604787605727324
25 42 0.03661867883056402
25 64 0.06242042467056308
25 66 0.06242042467056308
25 61 0.06242042467056308
25 46 0.06242042467056308
25 47 0.06242042467056308
25 35 0.04257972181949299
25 36 0.12191479837929364
25 57 0.9532778206339572
25 44 1.0
25 68 0.15415904037945438
27 37 -0.014848544873530045
27 48 0.3545602809463162
27 49 0.7788478838920128
27 54 0.36177842813776806
27 40 0.7788478838920128
27 60 0.3657284310320392
27 62 0.7610668593260925
27 67 0.6700224609521683
27 53 0.5704579181328882
27 41 0.3758206824713852
27 43 0.5593287973606493
27 55 0.42153078972478397
27 50 0.42153078972478397
27 63 0.5704579181328882
27 59 0.47206606779946014
27 38 0.3177243366953917
27 39 0.2971294460003264
27 65 0.5744277556368615
27 58 0.5896309774834663
27 51 0.2501300085132243
27 56 0.5727925388782751
27 45 0.5992387068690732
27 52 0.18668462260393426
27 42 -0.08713251206791028
27 64 0.8756133150309324
27 66 0.8756133150309324
27 61 0.8756133150309324
27 46 0.8756133150309324
27 47 0.8756133150309324
27 35 0.7390746858436614
27 36 0.8371013075811788
27 57 0.1756576241896255
27 44 0.15415904037945438
27 68 1.0
37 48 0.08798689732793719
37 49 0.06028904649429023
37 54 -0.03630073388922028
37 40 0.06028904649429023
37 60 0.0900492149812635
37 62 0.06865581264719367
37 67 0.10920468298718333
37 53 0.06844595953589305
37 41 -0.0162769618909806
37 43 0.16503506974549964
37 55 0.12034390744520351
37 50 0.12034390744520351
37 63 0.06844595953589305
37 59 0.3032923493592534
37 38 0.3546969128365163
37 39 0.47503160758060403
37 65 0.05455011653248221
37 58 0.04425390434334986
37 51 0.5998965738835977
37 56 0.06569232209585607
37 45 0.10339134381501935
37 52 -0.14794984032050706
37 42 0.701396105956519
37 64 -0.024898973031667992
37 66 -0.024898973031667992
37 61 -0.024898973031667992
37 46 -0.024898973031667992
37 47 -0.024898973031667992
37 35 0.0840392064419575
37 36 0.05072333721909672
37 57 -0.04022974289546255
37 44 -0.03553932665090542
37 68 -0.014848544873530045
48 49 0.33093064322019927
48 54 0.6705920025124215
48 40 0.33093064322019927
48 60 0.7584777805604972
48 62 0.29915932918083854
48 67 0.341543532529613
48 53 0.3287649168923963
48 41 0.7186079932725988
48 43 0.47567897479166277
48 55 0.26911979282158427
48 50 0.26911979282158427
48 63 0.3287649168923963
48 59 0.5279479654855095
48 38 0.6088799017015845
48 39 0.3024279728415422
48 65 0.546892701939214
48 58 0.48633087929920293
48 51 0.2693595077289501
48 56 0.5731693540583365
48 45 0.6546270849939901
48 52 -0.24687131072278135
48 42 -0.10337705496931449
48 64 0.3642496973625384
48 66 0.3642496973625384
48 61 0.3642496973625384
48 46 0.3642496973625384
48 47 0.3642496973625384
48 35 0.5014385361864697
48 36 0.446759292302886
48 57 -0.09275588257878553
48 44 -0.09681286283012014
48 68 0.3545602809463162
49 54 0.39683813916053623
49 40 1.0
49 60 0.399794188211672
49 62 0.9159416814218275
49 67 0.8068543802946806
49 53 0.6236363478237763
49 41 0.37989618798019364
49 43 0.6801873805816285
49 55 0.45669911365257576
49 50 0.45669911365257576
49 63 0.6236363478237763
49 59 0.5694169315684121
49 38 0.3304477705969475
49 39 0.4050326627329923
49 65 0.5951865504030138
49 58 0.6240835318167228
49 51 0.2691577144287294
49 56 0.607022914045956
49 45 0.5805449851613957
49 52 0.1769370251276996
49 42 -0.05176247050985694
49 64 0.7822881525207777
49 66 0.7822881525207777
49 61 0.7822881525207777
49 46 0.7822881525207777
49 47 0.7822881525207777
49 35 0.6519920866121538
49 36 0.6754002769012004
49 57 0.1975593899114756
49 44 0.17736986400268506
49 68 0.7788478838920128
54 40 0.39683813916053623
54 60 0.8585999054485001
54 62 0.3534689010703005
54 67 0.44911903014872223
54 53 0.29933984630042687
54 41 0.8512879660120234
54 43 0.48781388337374665
54 55 0.17211800467339344
54 50 0.17211800467339344
54 63 0.29933984630042687
54 59 0.39590238977689296
54 38 0.5300208232947625
54 39 0.18762269080616534
54 65 0.6647206485213246
54 58 0.5958028150489554
54 51 0.11465010621759575
54 56 0.6655614931660239
54 45 0.5799993344699033
54 52 -0.23035656503634527
54 42 -0.22513598264777102
54 64 0.3957873823819682
54 66 0.3957873823819682
54 61 0.3957873823819682
54 46 0.3957873823819682
54 47 0.3957873823819682
54 35 0.3390200116264168
54 36 0.3545480417960789
54 57 -0.08733209538331721
54 44 -0.09315646877803374
54 68 0.36177842813776806
40 60 0.399794188211672
40 62 0.9159416814218275
40 67 0.8068543802946806
40 53 0.6236363478237763
40 41 0.37989618798019364
40 43 0.6801873805816285
40 55 0.45669911365257576
40 50 0.45669911365257576
40 63 0.6236363478237763
40 59 0.5694169315684121
40 38 0.3304477705969475
40 39 0.4050326627329923
40 65 0.5951865504030138
40 58 0.6240835318167228
40 51 0.2691577144287294
40 56 0.607022914045956
40 45 0.5805449851613957
40 52 0.1769370251276996
40 42 -0.05176247050985694
40 64 0.7822881525207777
40 66 0.7822881525207777
40 61 0.7822881525207777
40 46 0.7822881525207777
40 47 0.7822881525207777
40 35 0.6519920866121538
40 36 0.6754002769012004
40 57 0.1975593899114756
40 44 0.17736986400268506
40 68 0.7788478838920128
60 62 0.35711048933444545
60 67 0.43210098904091865
60 53 0.31264253525296226
60 41 0.8423189088935032
60 43 0.5645960219553672
60 55 0.24558764867833816
60 50 0.24558764867833816
60 63 0.31264253525296226
60 59 0.522522330051288
60 38 0.6483584347879514
60 39 0.31637100485386327
60 65 0.6616430897556711
60 58 0.5790813638013788
60 51 0.24251873172761407
60 56 0.6654566117504146
60 45 0.6467230706475675
60 52 -0.21809321851469576
60 42 -0.09860845861840062
60 64 0.399272927606944
60 66 0.399272927606944
60 61 0.399272927606944
60 46 0.399272927606944
60 47 0.399272927606944
60 35 0.4612348334339913
60 36 0.42603257836890407
60 57 -0.06355167827859987
60 44 -0.07524854854273144
60 68 0.3657284310320392
62 67 0.8005325176636688
62 53 0.6439617045107298
62 41 0.3368468591943383
62 43 0.6633511222316884
62 55 0.4796304788906127
62 50 0.4796304788906127
62 63 0.6439617045107298
62 59 0.5825638035021257
62 38 0.2874745794106275
62 39 0.45075358904432505
62 65 0.5569261554046534
62 58 0.6104148309386801
62 51 0.2789853745343862
62 56 0.5605100212851539
62 45 0.5468210344843101
62 52 0.23374279713607393
62 42 -0.02550775493727997
62 64 0.7322652138827834
62 66 0.7322652138827834
62 61 0.7322652138827834
62 46 0.7322652138827834
62 47 0.7322652138827834
62 35 0.6250753739732318
62 36 0.6600163904950023
62 57 0.2557363393570995
62 44 0.23714051883143838
62 68 0.7610668593260925
67 53 0.6660280227661133
67 41 0.42144381353864446
67 43 0.6392412448185496
67 55 0.5103891916223802
67 50 0.5103891916223802
67 63 0.6660280227661133
67 59 0.583266451198142
67 38 0.3893711447599344
67 39 0.42962347908178344
67 65 0.5630313570145518
67 58 0.6218998974945862
67 51 0.3243639536522096
67 56 0.5665872087120079
67 45 0.5369891387235839
67 52 0.16375070073991083
67 42 0.017995000816881657
67 64 0.6637877899047453
67 66 0.6637877899047453
67 61 0.6637877899047453
67 46 0.6637877899047453
67 47 0.6637877899047453
67 35 0.5512443262268789
67 36 0.5915954340016469
67 57 0.18319277818955015
67 44 0.17696063737093937
67 68 0.6700224609521683
53 41 0.25731902103871107
53 43 0.5067108297953382
53 55 0.7480528698652051
53 50 0.7480528698652051
53 63 1.0
53 59 0.5007089391874615
53 38 0.25420649826992303
53 39 0.38700283970683813
53 65 0.4044430691283196
53 58 0.38312819998827763
53 51 0.32311198649404105
53 56 0.4313506981707178
53 45 0.5168047042388935
53 52 0.362656027689809
53 42 -0.039096522610634565
53 64 0.5012807832972612
53 66 0.5012807832972612
53 61 0.5012807832972612
53 46 0.5012807832972612
53 47 0.5012807832972612
53 35 0.5368572303559631
53 36 0.5723803508444689
53 57 0.2790670835383935
53 44 0.2809385628643213
53 68 0.5704579181328882
41 43 0.5033818477531895
41 55 0.188834008469712
41 50 0.188834008469712
41 63 0.25731902103871107
41 59 0.40015433775261045
41 38 0.6008107714296784
41 39 0.19917860685382038
41 65 0.7190740558435209
41 58 0.6493296801054385
41 51 0.13657982893346343
41 56 0.6958421611925587
41 45 0.6356405970000196
41 52 -0.2655613603128586
41 42 -0.19700458570150658
41 64 0.41352401123731397
41 66 0.41352401123731397
41 61 0.41352401123731397
41 46 0.41352401123731397
41 47 0.41352401123731397
41 35 0.38332607958000153
41 36 0.4088432610151358
41 57 -0.10835106104786973
41 44 -0.11421721869555768
41 68 0.3758206824713852
43 55 0.423033433733508
43 50 0.423033433733508
43 63 0.5067108297953382
43 59 0.8189802203851286
43 38 0.5040126978419721
43 39 0.6054203161329497
43 65 0.6398163015255705
43 58 0.655271668365458
43 51 0.3291834323463263
43 56 0.6573578540119343
43 45 0.6901514775527176
43 52 0.11472501305979677
43 42 0.033017467241734266
43 64 0.5954340912576299
43 66 0.5954340912576299
43 61 0.5954340912576299
43 46 0.5954340912576299
43 47 0.5954340912576299
43 35 0.5478539399337023
43 36 0.5915092160576023
43 57 0.30827427039912436
43 44 0.28758129647758324
43 68 0.5593287973606493
55 50 1.0
55 63 0.7480528698652051
55 59 0.4436085612687748
55 38 0.2217073188512586
55 39 0.4135076152451802
55 65 0.26429038360947743
55 58 0.25379870433243923
55 51 0.355752484567347
55 56 0.2839068864705041
55 45 0.430171611456899
55 52 0.31795192291610874
55 42 0.023315236845519394
55 64 0.3360023012792226
55 66 0.3360023012792226
55 61 0.3360023012792226
55 46 0.3360023012792226
55 47 0.3360023012792226
55 35 0.46266891330014914
55 36 0.49801537668099627
55 57 0.2575788836547872
55 44 0.2655519787076628
55 68 0.42153078972478397
50 63 0.7480528698652051
50 59 0.4436085612687748
50 38 0.2217073188512586
50 39 0.4135076152451802
50 65 0.26429038360947743
50 58 0.25379870433243923
50 51 0.355752484567347
50 56 0.2839068864705041
50 45 0.430171611456899
50 52 0.31795192291610874
50 42 0.023315236845519394
50 64 0.3360023012792226
50 66 0.3360023012792226
50 61 0.3360023012792226
50 46 0.3360023012792226
50 47 0.3360023012792226
50 35 0.46266891330014914
50 36 0.49801537668099627
50 57 0.2575788836547872
50 44 0.2655519787076628
50 68 0.42153078972478397
63 59 0.5007089391874615
63 38 0.25420649826992303
63 39 0.38700283970683813
63 65 0.4044430691283196
63 58 0.38312819998827763
63 51 0.32311198649404105
63 56 0.4313506981707178
63 45 0.5168047042388935
63 52 0.362656027689809
63 42 -0.039096522610634565
63 64 0.5012807832972612
63 66 0.5012807832972612
63 61 0.5012807832972612
63 46 0.5012807832972612
63 47 0.5012807832972612
63 35 0.5368572303559631
63 36 0.5723803508444689
63 57 0.2790670835383935
63 44 0.2809385628643213
63 68 0.5704579181328882
59 38 0.5527444395702332
59 39 0.7569220828590915
59 65 0.5010786511411425
59 58 0.5369862226070836
59 51 0.45454733753285836
59 56 0.5195208144432399
59 45 0.5860002835397609
59 52 0.09434220363618806
59 42 0.16904635468381457
59 64 0.48383722646394745
59 66 0.48383722646394745
59 61 0.48383722646394745
59 46 0.48383722646394745
59 47 0.48383722646394745
59 35 0.5537130528537091
59 36 0.5331054518755991
59 57 0.2793121472786879
59 44 0.283421676067519
59 68 0.47206606779946014
38 39 0.5418844212545082
38 65 0.5499479578284081
38 58 0.533100733649917
38 51 0.5036702194920508
38 56 0.5414015415881295
38 45 0.5756484359153546
38 52 -0.26192831801017746
38 42 0.19359463997534476
38 64 0.3527352088713087
38 66 0.3527352088713087
38 61 0.3527352088713087
38 46 0.3527352088713087
38 47 0.3527352088713087
38 35 0.4154125990753528
38 36 0.3791466004040558
38 57 -0.11303745968325529
38 44 -0.11288773904379923
38 68 0.3177243366953917
39 65 0.2951341974257957
39 58 0.3482370839919895
39 51 0.6246625797793968
39 56 0.3074226579919923
39 45 0.35765301989158615
39 52 0.06989057193277404
39 42 0.3568775647727307
39 64 0.27946959325345233
39 66 0.27946959325345233
39 61 0.27946959325345233
39 46 0.27946959325345233
39 47 0.27946959325345233
39 35 0.38812652611522935
39 36 0.36095428562839516
39 57 0.255184097084566
39 44 0.2602242296998156
39 68 0.2971294460003264
65 58 0.8680082626233343
65 51 0.2560123656876385
65 56 0.954041879507713
65 45 0.796167689259164
65 52 -0.051487911521689966
65 42 -0.06480579092749394
65 64 0.6086094293568749
65 66 0.6086094293568749
65 61 0.6086094293568749
65 46 0.6086094293568749
65 47 0.6086094293568749
65 35 0.47693376085953787
65 36 0.5266313647152856
65 57 0.07420699368230999
65 44 0.058277985197491944
65 68 0.5744277556368615
58 51 0.2310931577667361
58 56 0.8529271525330842
58 45 0.7521990255336277
58 52 0.0434572376543656
58 42 -0.0521958417375572
58 64 0.6345741571276449
58 66 0.6345741571276449
58 61 0.6345741571276449
58 46 0.6345741571276449
58 47 0.6345741571276449
58 35 0.4250513803854119
58 36 0.4814881852653343
58 57 0.10583291848888621
58 44 0.10322597017511725
58 68 0.5896309774834663
51 56 0.2742935292189941
51 45 0.3695009813964134
51 52 -0.10415983349957969
51 42 0.5930553700891323
51 64 0.2227601247286657
51 66 0.2227601247286657
51 61 0.2227601247286657
51 46 0.2227601247286657
51 47 0.2227601247286657
51 35 0.38182882794353645
51 36 0.33432144856487866
51 57 0.051007559057325125
51 44 0.04472770541906357
51 68 0.2501300085132243
56 45 0.8308123561437242
56 52 -0.045355901500443
56 42 -0.05802995411795564
56 64 0.6202348439546768
56 66 0.6202348439546768
56 61 0.6202348439546768
56 46 0.6202348439546768
56 47 0.6202348439546768
56 35 0.5006639363127761
56 36 0.5429710354655981
56 57 0.07596159016247839
56 44 0.060785597073845565
56 68 0.5727925388782751
45 52 -0.008966187597252429
45 42 -0.010655759135261178
45 64 0.6132593395304866
45 66 0.6132593395304866
45 61 0.6132593395304866
45 46 0.6132593395304866
45 47 0.6132593395304866
45 35 0.6245175612566527
45 36 0.6463382534275297
45 57 0.12854246445931494
45 44 0.10517728139529936
45 68 0.5992387068690732
52 42 -0.07457825570600107
52 64 0.11733237764565274
52 66 0.11733237764565274
52 61 0.11733237764565274
52 46 0.11733237764565274
52 47 0.11733237764565274
52 35 0.02801114780595526
52 36 0.08171824185410514
52 57 0.3606893195392331
52 44 0.3604787605727324
52 68 0.18668462260393426
42 64 -0.11177613399922848
42 66 -0.11177613399922848
42 61 -0.11177613399922848
42 46 -0.11177613399922848
42 47 -0.11177613399922848
42 35 0.018415633152471855
42 36 -0.01198149161064066
42 57 0.030155860353261232
42 44 0.03661867883056402
42 68 -0.08713251206791028
64 66 1.0
64 61 1.0
64 46 1.0
64 47 1.0
64 35 0.7299922921229154
64 36 0.7879301706852857
64 57 0.08295464339607861
64 44 0.06242042467056308
64 68 0.8756133150309324
66 61 1.0
66 46 1.0
66 47 1.0
66 35 0.7299922921229154
66 36 0.7879301706852857
66 57 0.08295464339607861
66 44 0.06242042467056308
66 68 0.8756133150309324
61 46 1.0
61 47 1.0
61 35 0.7299922921229154
61 36 0.7879301706852857
61 57 0.08295464339607861
61 44 0.06242042467056308
61 68 0.8756133150309324
46 47 1.0
46 35 0.7299922921229154
46 36 0.7879301706852857
46 57 0.08295464339607861
46 44 0.06242042467056308
46 68 0.8756133150309324
47 35 0.7299922921229154
47 36 0.7879301706852857
47 57 0.08295464339607861
47 44 0.06242042467056308
47 68 0.8756133150309324
35 36 0.8554692286998034
35 57 0.06311394054500852
35 44 0.04257972181949299
35 68 0.7390746858436614
36 57 0.13493163460225333
36 44 0.12191479837929364
36 68 0.8371013075811788
57 44 0.9532778206339572
57 68 0.1756576241896255
44 68 0.15415904037945438
