prob=0.95
 report:
{'scores': [0.875, 0.8625, 0.925, 0.9125, 0.8625, 0.9, 0.8875, 0.925, 0.875, 0.925, 0.9375, 0.9125, 0.9, 0.9, 0.925, 0.9125, 0.8875, 0.925, 0.9125, 0.95],
'mean': 0.905625, 'std': 0.02387303656848035,
'mean_time': 52.10285605192185}

prob=0.85
 report:
{'scores': [0.925, 0.9375, 0.8125, 0.9375, 0.9, 0.8625, 0.9, 0.825, 0.875, 0.8375, 0.9125, 0.8625, 0.8875, 0.9125, 0.8125, 0.9, 0.875, 0.8375, 0.925, 0.9125],
'mean': 0.8825000000000001, 'std': 0.03960744879438715,
'mean_time': 51.03779346942902}

prob=0.75
 report:
{'scores': [0.925, 0.8375, 0.9, 0.8625, 0.9, 0.85, 0.85, 0.8875, 0.825, 0.8625, 0.9, 0.9125, 0.8125, 0.9375, 0.8875, 0.85, 0.8625, 0.8875, 0.9, 0.9],
 'mean': 0.8774999999999998, 'std': 0.03273950213427199, 'mean_time': 51.5766101360321}

prob=0.65
 report:
{'scores': [0.8, 0.85, 0.8875, 0.85, 0.7875, 0.7875, 0.9125, 0.8875, 0.7875, 0.8625, 0.8375, 0.8625, 0.7625, 0.875, 0.8, 0.8625, 0.9, 0.85, 0.8125, 0.8125],
'mean': 0.8393750000000001, 'std': 0.04207043944386605, 'mean_time': 51.921663916110994}

prob=0.55
 report:
{'scores': [0.8375, 0.7625, 0.8625, 0.7625, 0.8125, 0.8125, 0.825, 0.8125, 0.775, 0.85, 0.7875, 0.8375, 0.8625, 0.85, 0.775, 0.7375, 0.8, 0.7875, 0.85, 0.75],
'mean': 0.8074999999999999, 'std': 0.037996710383926664, 'mean_time': 50.87488579750061}

