0 1 1.0
0 2 0.9997934228606085
0 3 0.9982601025982889
0 4 0.9913657992813878
0 5 0.9752373134336446
0 6 0.9627981796616609
0 7 0.9757123045145548
0 8 0.9757123045145548
0 9 0.9757123045145548
0 10 0.9757123045145548
0 11 1.0
0 12 0.9997934228606085
0 13 0.9982601025982889
0 14 0.9913657992813878
0 15 0.9752373134336446
0 16 0.9627981796616609
0 17 0.9757123045145548
0 18 0.9757123045145548
0 19 0.9757123045145548
0 20 0.9757123045145548
1 2 0.9998055766743605
1 3 0.9982760514642807
1 4 0.9913675271978867
1 5 0.9752456162954853
1 6 0.9628195145383944
1 7 0.9757269450445465
1 8 0.9757269450445465
1 9 0.9757269450445465
1 10 0.9757269450445465
1 11 1.0
1 12 0.9998055766743605
1 13 0.9982760514642807
1 14 0.9913675271978867
1 15 0.9752456162954853
1 16 0.9628195145383944
1 17 0.9757269450445465
1 18 0.9757269450445465
1 19 0.9757269450445465
1 20 0.9757269450445465
2 3 0.9983430005319723
2 4 0.9915111272037253
2 5 0.9753923405609808
2 6 0.9630977400048271
2 7 0.9759250078588695
2 8 0.9759250078588695
2 9 0.9759250078588695
2 10 0.9759250078588695
2 11 0.9998055766743605
2 12 1.0
2 13 0.9983430005319723
2 14 0.9915111272037253
2 15 0.9753923405609808
2 16 0.9630977400048271
2 17 0.9759250078588695
2 18 0.9759250078588695
2 19 0.9759250078588695
2 20 0.9759250078588695
3 4 0.9918935375438409
3 5 0.977211934170257
3 6 0.9654729507129688
3 7 0.977684176803648
3 8 0.977684176803648
3 9 0.977684176803648
3 10 0.977684176803648
3 11 0.9982760514642807
3 12 0.9983430005319723
3 13 1.0
3 14 0.9918935375438409
3 15 0.977211934170257
3 16 0.9654729507129688
3 17 0.977684176803648
3 18 0.977684176803648
3 19 0.977684176803648
3 20 0.977684176803648
4 5 0.9809838576482747
4 6 0.9775434224143521
4 7 0.9876897122937021
4 8 0.9876897122937021
4 9 0.9876897122937021
4 10 0.9876897122937021
4 11 0.9913675271978867
4 12 0.9915111272037253
4 13 0.9918935375438409
4 14 1.0
4 15 0.9809838576482747
4 16 0.9775434224143521
4 17 0.9876897122937021
4 18 0.9876897122937021
4 19 0.9876897122937021
4 20 0.9876897122937021
5 6 0.9768278534185474
5 7 0.9936475706096842
5 8 0.9936475706096842
5 9 0.9936475706096842
5 10 0.9936475706096842
5 11 0.9752456162954853
5 12 0.9753923405609808
5 13 0.977211934170257
5 14 0.9809838576482747
5 15 1.0
5 16 0.9768278534185474
5 17 0.9936475706096842
5 18 0.9936475706096842
5 19 0.9936475706096842
5 20 0.9936475706096842
6 7 0.9837495457347728
6 8 0.9837495457347728
6 9 0.9837495457347728
6 10 0.9837495457347728
6 11 0.9628195145383944
6 12 0.9630977400048271
6 13 0.9654729507129688
6 14 0.9775434224143521
6 15 0.9768278534185474
6 16 1.0
6 17 0.9837495457347728
6 18 0.9837495457347728
6 19 0.9837495457347728
6 20 0.9837495457347728
7 8 1.0
7 9 1.0
7 10 1.0
7 11 0.9757269450445465
7 12 0.9759250078588695
7 13 0.977684176803648
7 14 0.9876897122937021
7 15 0.9936475706096842
7 16 0.9837495457347728
7 17 1.0
7 18 1.0
7 19 1.0
7 20 1.0
8 9 1.0
8 10 1.0
8 11 0.9757269450445465
8 12 0.9759250078588695
8 13 0.977684176803648
8 14 0.9876897122937021
8 15 0.9936475706096842
8 16 0.9837495457347728
8 17 1.0
8 18 1.0
8 19 1.0
8 20 1.0
9 10 1.0
9 11 0.9757269450445465
9 12 0.9759250078588695
9 13 0.977684176803648
9 14 0.9876897122937021
9 15 0.9936475706096842
9 16 0.9837495457347728
9 17 1.0
9 18 1.0
9 19 1.0
9 20 1.0
10 11 0.9757269450445465
10 12 0.9759250078588695
10 13 0.977684176803648
10 14 0.9876897122937021
10 15 0.9936475706096842
10 16 0.9837495457347728
10 17 1.0
10 18 1.0
10 19 1.0
10 20 1.0
11 12 0.9998055766743605
11 13 0.9982760514642807
11 14 0.9913675271978867
11 15 0.9752456162954853
11 16 0.9628195145383944
11 17 0.9757269450445465
11 18 0.9757269450445465
11 19 0.9757269450445465
11 20 0.9757269450445465
12 13 0.9983430005319723
12 14 0.9915111272037253
12 15 0.9753923405609808
12 16 0.9630977400048271
12 17 0.9759250078588695
12 18 0.9759250078588695
12 19 0.9759250078588695
12 20 0.9759250078588695
13 14 0.9918935375438409
13 15 0.977211934170257
13 16 0.9654729507129688
13 17 0.977684176803648
13 18 0.977684176803648
13 19 0.977684176803648
13 20 0.977684176803648
14 15 0.9809838576482747
14 16 0.9775434224143521
14 17 0.9876897122937021
14 18 0.9876897122937021
14 19 0.9876897122937021
14 20 0.9876897122937021
15 16 0.9768278534185474
15 17 0.9936475706096842
15 18 0.9936475706096842
15 19 0.9936475706096842
15 20 0.9936475706096842
16 17 0.9837495457347728
16 18 0.9837495457347728
16 19 0.9837495457347728
16 20 0.9837495457347728
17 18 1.0
17 19 1.0
17 20 1.0
18 19 1.0
18 20 1.0
19 20 1.0
