0 1 0.994951912201941
0 2 0.9606176186352968
0 3 0.8836393496021628
0 4 0.7263571936637163
0 5 0.4835803275927901
0 6 0.23078412283211946
0 7 0.39892736123874784
0 8 0.39892736123874784
0 9 0.39892736123874784
0 10 0.39892736123874784
0 11 0.994951912201941
0 12 0.9606176186352968
0 13 0.8836393496021628
0 14 0.7263571936637163
0 15 0.4835803275927901
0 16 0.23078412283211946
0 17 0.39892736123874784
0 18 0.39892736123874784
0 19 0.39892736123874784
0 20 0.39892736123874784
1 2 0.9624194223433733
1 3 0.8886591475456953
1 4 0.7312594214454293
1 5 0.4879658780992031
1 6 0.23516967333853245
1 7 0.4033129117451608
1 8 0.4033129117451608
1 9 0.4033129117451608
1 10 0.4033129117451608
1 11 1.0
1 12 0.9624194223433733
1 13 0.8886591475456953
1 14 0.7312594214454293
1 15 0.4879658780992031
1 16 0.23516967333853245
1 17 0.4033129117451608
1 18 0.4033129117451608
1 19 0.4033129117451608
1 20 0.4033129117451608
2 3 0.8697489257901907
2 4 0.7223065895959735
2 5 0.4790130462497473
2 6 0.22621684148907661
2 7 0.394360079895705
2 8 0.394360079895705
2 9 0.394360079895705
2 10 0.394360079895705
2 11 0.9624194223433733
2 12 1.0
2 13 0.8697489257901907
2 14 0.7223065895959735
2 15 0.4790130462497473
2 16 0.22621684148907661
2 17 0.394360079895705
2 18 0.394360079895705
2 19 0.394360079895705
2 20 0.394360079895705
3 4 0.695298888720572
3 5 0.4780089072883129
3 6 0.22521270252764225
3 7 0.3933559409342706
3 8 0.3933559409342706
3 9 0.3933559409342706
3 10 0.3933559409342706
3 11 0.8886591475456953
3 12 0.8697489257901907
3 13 1.0
3 14 0.695298888720572
3 15 0.4780089072883129
3 16 0.22521270252764225
3 17 0.3933559409342706
3 18 0.3933559409342706
3 19 0.3933559409342706
3 20 0.3933559409342706
4 5 0.4126592157408595
4 6 0.2110800752416253
4 7 0.3533970979042351
4 8 0.3533970979042351
4 9 0.3533970979042351
4 10 0.3533970979042351
4 11 0.7312594214454293
4 12 0.7223065895959735
4 13 0.695298888720572
4 14 1.0
4 15 0.4126592157408595
4 16 0.2110800752416253
4 17 0.3533970979042351
4 18 0.3533970979042351
4 19 0.3533970979042351
4 20 0.3533970979042351
5 6 0.0771589856594801
5 7 0.19364979257807136
5 8 0.19364979257807136
5 9 0.19364979257807136
5 10 0.19364979257807136
5 11 0.4879658780992031
5 12 0.4790130462497473
5 13 0.4780089072883129
5 14 0.4126592157408595
5 15 1.0
5 16 0.0771589856594801
5 17 0.19364979257807136
5 18 0.19364979257807136
5 19 0.19364979257807136
5 20 0.19364979257807136
6 7 0.8060305458493531
6 8 0.8060305458493531
6 9 0.8060305458493531
6 10 0.8060305458493531
6 11 0.23516967333853245
6 12 0.22621684148907661
6 13 0.22521270252764225
6 14 0.2110800752416253
6 15 0.0771589856594801
6 16 1.0
6 17 0.8060305458493531
6 18 0.8060305458493531
6 19 0.8060305458493531
6 20 0.8060305458493531
7 8 1.0
7 9 1.0
7 10 1.0
7 11 0.4033129117451608
7 12 0.394360079895705
7 13 0.3933559409342706
7 14 0.3533970979042351
7 15 0.19364979257807136
7 16 0.8060305458493531
7 17 1.0
7 18 1.0
7 19 1.0
7 20 1.0
8 9 1.0
8 10 1.0
8 11 0.4033129117451608
8 12 0.394360079895705
8 13 0.3933559409342706
8 14 0.3533970979042351
8 15 0.19364979257807136
8 16 0.8060305458493531
8 17 1.0
8 18 1.0
8 19 1.0
8 20 1.0
9 10 1.0
9 11 0.4033129117451608
9 12 0.394360079895705
9 13 0.3933559409342706
9 14 0.3533970979042351
9 15 0.19364979257807136
9 16 0.8060305458493531
9 17 1.0
9 18 1.0
9 19 1.0
9 20 1.0
10 11 0.4033129117451608
10 12 0.394360079895705
10 13 0.3933559409342706
10 14 0.3533970979042351
10 15 0.19364979257807136
10 16 0.8060305458493531
10 17 1.0
10 18 1.0
10 19 1.0
10 20 1.0
11 12 0.9624194223433733
11 13 0.8886591475456953
11 14 0.7312594214454293
11 15 0.4879658780992031
11 16 0.23516967333853245
11 17 0.4033129117451608
11 18 0.4033129117451608
11 19 0.4033129117451608
11 20 0.4033129117451608
12 13 0.8697489257901907
12 14 0.7223065895959735
12 15 0.4790130462497473
12 16 0.22621684148907661
12 17 0.394360079895705
12 18 0.394360079895705
12 19 0.394360079895705
12 20 0.394360079895705
13 14 0.695298888720572
13 15 0.4780089072883129
13 16 0.22521270252764225
13 17 0.3933559409342706
13 18 0.3933559409342706
13 19 0.3933559409342706
13 20 0.3933559409342706
14 15 0.4126592157408595
14 16 0.2110800752416253
14 17 0.3533970979042351
14 18 0.3533970979042351
14 19 0.3533970979042351
14 20 0.3533970979042351
15 16 0.0771589856594801
15 17 0.19364979257807136
15 18 0.19364979257807136
15 19 0.19364979257807136
15 20 0.19364979257807136
16 17 0.8060305458493531
16 18 0.8060305458493531
16 19 0.8060305458493531
16 20 0.8060305458493531
17 18 1.0
17 19 1.0
17 20 1.0
18 19 1.0
18 20 1.0
19 20 1.0
