0 1 0.9934014143218519
0 2 0.9774773143853963
0 3 0.9236053123477177
0 4 0.7839601655218758
0 5 0.5278933798214673
0 6 0.23782419541843502
0 7 0.3994189671585864
0 8 0.3994189671585865
0 9 0.3994189671585864
0 10 0.3994189671585867
0 11 0.9934014143218519
0 12 0.9774773143853963
0 13 0.9236053123477177
0 14 0.7839601655218758
0 15 0.5278933798214673
0 16 0.23782419541843514
0 17 0.3994189671585866
0 18 0.3994189671585866
0 19 0.3994189671585864
0 20 0.3994189671585866
1 2 0.9769853849447827
1 3 0.9244821562042489
1 4 0.7848135288736557
1 5 0.5286097744935212
1 6 0.23788098462049767
1 7 0.3997233886122067
1 8 0.3997233886122068
1 9 0.3997233886122067
1 10 0.399723388612207
1 11 1.0
1 12 0.9769853849447827
1 13 0.9244821562042489
1 14 0.7848135288736557
1 15 0.5286097744935212
1 16 0.23788098462049778
1 17 0.3997233886122069
1 18 0.3997233886122069
1 19 0.3997233886122067
1 20 0.3997233886122069
2 3 0.9192061653466226
2 4 0.7849638622633393
2 5 0.5287366299395906
2 6 0.2378787613752511
2 7 0.3997686908179694
2 8 0.3997686908179695
2 9 0.3997686908179694
2 10 0.39976869081796973
2 11 0.9769853849447827
2 12 1.0
2 13 0.9192061653466226
2 14 0.7849638622633393
2 15 0.5287366299395906
2 16 0.2378787613752512
2 17 0.3997686908179696
2 18 0.3997686908179696
2 19 0.3997686908179694
2 20 0.3997686908179696
3 4 0.7665617481618483
3 5 0.5284074530711003
3 6 0.23752731635685542
3 7 0.3994253281022302
3 8 0.3994253281022303
3 9 0.3994253281022302
3 10 0.3994253281022305
3 11 0.9244821562042489
3 12 0.9192061653466226
3 13 1.0
3 14 0.7665617481618483
3 15 0.5284074530711003
3 16 0.23752731635685553
3 17 0.3994253281022304
3 18 0.3994253281022304
3 19 0.3994253281022302
3 20 0.3994253281022304
4 5 0.4739184028423189
4 6 0.2315762213634347
4 7 0.3934754675239751
4 8 0.3934754675239752
4 9 0.3934754675239751
4 10 0.39347546752397544
4 11 0.7848135288736557
4 12 0.7849638622633393
4 13 0.7665617481618483
4 14 1.0
4 15 0.4739184028423189
4 16 0.2315762213634348
4 17 0.39347546752397533
4 18 0.39347546752397533
4 19 0.3934754675239751
4 20 0.39347546752397533
5 6 0.08885473460830973
5 7 0.21899030518452234
5 8 0.21899030518452245
5 9 0.21899030518452234
5 10 0.21899030518452267
5 11 0.5286097744935212
5 12 0.5287366299395906
5 13 0.5284074530711003
5 14 0.4739184028423189
5 15 1.0
5 16 0.08885473460830984
5 17 0.21899030518452256
5 18 0.21899030518452256
5 19 0.21899030518452234
5 20 0.21899030518452256
6 7 0.8063367001966246
6 8 0.8063367001966247
6 9 0.8063367001966246
6 10 0.8063367001966247
6 11 0.23788098462049767
6 12 0.2378787613752511
6 13 0.23752731635685542
6 14 0.2315762213634347
6 15 0.08885473460830973
6 16 1.0
6 17 0.8063367001966246
6 18 0.8063367001966246
6 19 0.8063367001966246
6 20 0.8063367001966246
7 8 1.0
7 9 1.0
7 10 1.0
7 11 0.3997233886122067
7 12 0.3997686908179694
7 13 0.3994253281022302
7 14 0.3934754675239751
7 15 0.21899030518452234
7 16 0.8063367001966247
7 17 1.0
7 18 1.0
7 19 1.0
7 20 1.0
8 9 1.0
8 10 1.0
8 11 0.3997233886122068
8 12 0.3997686908179695
8 13 0.3994253281022303
8 14 0.3934754675239752
8 15 0.21899030518452245
8 16 0.8063367001966248
8 17 1.0
8 18 1.0
8 19 1.0
8 20 1.0
9 10 1.0
9 11 0.3997233886122067
9 12 0.3997686908179694
9 13 0.3994253281022302
9 14 0.3934754675239751
9 15 0.21899030518452234
9 16 0.8063367001966248
9 17 1.0
9 18 1.0
9 19 1.0
9 20 1.0
10 11 0.399723388612207
10 12 0.39976869081796973
10 13 0.3994253281022305
10 14 0.39347546752397544
10 15 0.21899030518452267
10 16 0.8063367001966248
10 17 1.0
10 18 1.0
10 19 1.0
10 20 1.0
11 12 0.9769853849447827
11 13 0.9244821562042489
11 14 0.7848135288736557
11 15 0.5286097744935212
11 16 0.23788098462049778
11 17 0.3997233886122069
11 18 0.3997233886122069
11 19 0.3997233886122067
11 20 0.3997233886122069
12 13 0.9192061653466226
12 14 0.7849638622633393
12 15 0.5287366299395906
12 16 0.2378787613752512
12 17 0.3997686908179696
12 18 0.3997686908179696
12 19 0.3997686908179694
12 20 0.3997686908179696
13 14 0.7665617481618483
13 15 0.5284074530711003
13 16 0.23752731635685553
13 17 0.3994253281022304
13 18 0.3994253281022304
13 19 0.3994253281022302
13 20 0.3994253281022304
14 15 0.4739184028423189
14 16 0.2315762213634348
14 17 0.39347546752397533
14 18 0.39347546752397533
14 19 0.3934754675239751
14 20 0.39347546752397533
15 16 0.08885473460830984
15 17 0.21899030518452256
15 18 0.21899030518452256
15 19 0.21899030518452234
15 20 0.21899030518452256
16 17 0.8063367001966247
16 18 0.8063367001966247
16 19 0.8063367001966248
16 20 0.8063367001966247
17 18 1.0
17 19 1.0
17 20 1.0
18 19 1.0
18 20 1.0
19 20 1.0
