1 1 0.0
1 2 1.3058850634536148
1 3 1.5777297244251327
1 4 1.1406420532796946
1 5 1.3835816215596497
1 6 1.5366504640048935
1 7 1.9433122992892855
1 8 1.4087885533067959
1 13 1.6277659561142388
1 14 1.6301511468926153
1 15 1.5544239403948483
1 16 1.5848490988794992
1 17 1.5453291239353857
1 9 1.558214383358192
1 10 2.0067397389132084
1 11 1.6155724525228634
1 12 1.7442239418002317
2 1 1.3058850634536148
2 2 0.0
2 3 1.2456161652808242
2 4 1.6556004553635368
2 5 1.5367589533876993
2 6 1.6866705420331258
2 7 2.102516975768507
2 8 1.4880910958955418
2 13 1.7488171696212058
2 14 1.5578268999183984
2 15 1.1910117128151483
2 16 1.462546679799366
2 17 1.8427253112997346
2 9 1.4989735814065417
2 10 2.0550445310605
2 11 1.6424995585188755
2 12 1.805723984268705
3 1 1.5777297244251327
3 2 1.2456161652808242
3 3 0.0
3 4 1.3032189460692445
3 5 1.7225306041916317
3 6 1.2875312484484105
3 7 1.5731250717426613
3 8 1.0867155762927239
3 13 1.9836903521198335
3 14 1.74003142912118
3 15 1.2871456377188788
3 16 1.035541171083603
3 17 1.566713394568921
3 9 1.8483825216084229
3 10 1.572196586991916
3 11 1.6887786818679984
3 12 1.8289411494089987
4 1 1.1406420532796946
4 2 1.6556004553635368
4 3 1.3032189460692445
4 4 0.0
4 5 1.400852538790155
4 6 1.3672520237803711
4 7 1.6021140998552652
4 8 0.9804174423622632
4 13 1.9995629024735955
4 14 1.767737224024413
4 15 1.5895348166501986
4 16 1.4772655212830734
4 17 1.318912002720326
4 9 1.7244598547040768
4 10 1.6948782418301362
4 11 1.5205892776678898
4 12 1.8776061760501275
5 1 1.3835816215596497
5 2 1.5367589533876993
5 3 1.7225306041916317
5 4 1.400852538790155
5 5 0.0
5 6 1.5574395772590692
5 7 1.9592646821227644
5 8 1.3433247291467605
5 13 1.71485304282198
5 14 1.7725532135728594
5 15 1.5802213705247583
5 16 1.5421603693537194
5 17 1.7408996636178655
5 9 1.5698873558103188
5 10 1.8443268152567083
5 11 1.702803531992029
5 12 1.8672778899372513
6 1 1.5366504640048935
6 2 1.6866705420331258
6 3 1.2875312484484105
6 4 1.3672520237803711
6 5 1.5574395772590692
6 6 0.0
6 7 0.9319048412113704
6 8 1.2622643437774779
6 13 2.095877844538154
6 14 2.0283778293690027
6 15 1.7524008703675569
6 16 1.3843499160470978
6 17 1.6776886557148256
6 9 2.00540561851676
6 10 1.1160447434418677
6 11 1.8926690287236752
6 12 2.094586904708579
7 1 1.9433122992892855
7 2 2.102516975768507
7 3 1.5731250717426613
7 4 1.6021140998552652
7 5 1.9592646821227644
7 6 0.9319048412113704
7 7 0.0
7 8 1.522449360292432
7 13 2.402518815658493
7 14 2.371128517819823
7 15 2.0568222731651713
7 16 1.6277642249897144
7 17 1.9236884152203586
7 9 2.298568625158413
7 10 0.9133492328514938
7 11 2.1405248612741734
7 12 2.2641283367195637
8 1 1.4087885533067959
8 2 1.4880910958955418
8 3 1.0867155762927239
8 4 0.9804174423622632
8 5 1.3433247291467605
8 6 1.2622643437774779
8 7 1.522449360292432
8 8 0.0
8 13 1.8771012798580082
8 14 1.8196732400358229
8 15 1.6386442097100604
8 16 1.4183037098171958
8 17 1.6173546812587227
8 9 1.9422513128773236
8 10 1.5897497720483675
8 11 1.6365204990337592
8 12 1.718324469063321
13 1 1.6277659561142388
13 2 1.7488171696212058
13 3 1.9836903521198335
13 4 1.9995629024735955
13 5 1.71485304282198
13 6 2.095877844538154
13 7 2.402518815658493
13 8 1.8771012798580082
13 13 0.0
13 14 1.1977781246855828
13 15 1.5282870654108267
13 16 1.9318646358737228
13 17 1.8670881008791964
13 9 1.785847391226818
13 10 2.5084478148506384
13 11 2.0393592494969446
13 12 1.251514815106053
14 1 1.6301511468926153
14 2 1.5578268999183984
14 3 1.74003142912118
14 4 1.767737224024413
14 5 1.7725532135728594
14 6 2.0283778293690027
14 7 2.371128517819823
14 8 1.8196732400358229
14 13 1.1977781246855828
14 14 0.0
14 15 1.0668570203163534
14 16 1.8192434428948192
14 17 1.329670499152122
14 9 1.5435755605046904
14 10 2.427692522281987
14 11 1.7922826998465566
14 12 1.70119534284017
15 1 1.5544239403948483
15 2 1.1910117128151483
15 3 1.2871456377188788
15 4 1.5895348166501986
15 5 1.5802213705247583
15 6 1.7524008703675569
15 7 2.0568222731651713
15 8 1.6386442097100604
15 13 1.5282870654108267
15 14 1.0668570203163534
15 15 0.0
15 16 1.3728925121090512
15 17 1.3455982962032387
15 9 1.2300216761415872
15 10 2.097040072922295
15 11 1.4701015088366596
15 12 1.6166331185835252
16 1 1.5848490988794992
16 2 1.462546679799366
16 3 1.035541171083603
16 4 1.4772655212830734
16 5 1.5421603693537194
16 6 1.3843499160470978
16 7 1.6277642249897144
16 8 1.4183037098171958
16 13 1.9318646358737228
16 14 1.8192434428948192
16 15 1.3728925121090512
16 16 0.0
16 17 1.629260326740192
16 9 1.621029737584181
16 10 1.5840946170874572
16 11 1.6184379414585341
16 12 1.974501731595214
17 1 1.5453291239353857
17 2 1.8427253112997346
17 3 1.566713394568921
17 4 1.318912002720326
17 5 1.7408996636178655
17 6 1.6776886557148256
17 7 1.9236884152203586
17 8 1.6173546812587227
17 13 1.8670881008791964
17 14 1.329670499152122
17 15 1.3455982962032387
17 16 1.629260326740192
17 17 0.0
17 9 1.8032166924897697
17 10 2.078778571083725
17 11 1.8034654479339258
17 12 1.7577141543502308
9 1 1.558214383358192
9 2 1.4989735814065417
9 3 1.8483825216084229
9 4 1.7244598547040768
9 5 1.5698873558103188
9 6 2.00540561851676
9 7 2.298568625158413
9 8 1.9422513128773236
9 13 1.785847391226818
9 14 1.5435755605046904
9 15 1.2300216761415872
9 16 1.621029737584181
9 17 1.8032166924897697
9 9 0.0
9 10 2.118465900087098
9 11 1.2305424359444534
9 12 1.9905433589078574
10 1 2.0067397389132084
10 2 2.0550445310605
10 3 1.572196586991916
10 4 1.6948782418301362
10 5 1.8443268152567083
10 6 1.1160447434418677
10 7 0.9133492328514938
10 8 1.5897497720483675
10 13 2.5084478148506384
10 14 2.427692522281987
10 15 2.097040072922295
10 16 1.5840946170874572
10 17 2.078778571083725
10 9 2.118465900087098
10 10 0.0
10 11 2.0331150492551853
10 12 2.530193286302672
11 1 1.6155724525228634
11 2 1.6424995585188755
11 3 1.6887786818679984
11 4 1.5205892776678898
11 5 1.702803531992029
11 6 1.8926690287236752
11 7 2.1405248612741734
11 8 1.6365204990337592
11 13 2.0393592494969446
11 14 1.7922826998465566
11 15 1.4701015088366596
11 16 1.6184379414585341
11 17 1.8034654479339258
11 9 1.2305424359444534
11 10 2.0331150492551853
11 11 0.0
11 12 2.0661222052722974
12 1 1.7442239418002317
12 2 1.805723984268705
12 3 1.8289411494089987
12 4 1.8776061760501275
12 5 1.8672778899372513
12 6 2.094586904708579
12 7 2.2641283367195637
12 8 1.718324469063321
12 13 1.251514815106053
12 14 1.70119534284017
12 15 1.6166331185835252
12 16 1.974501731595214
12 17 1.7577141543502308
12 9 1.9905433589078574
12 10 2.530193286302672
12 11 2.0661222052722974
12 12 0.0
