1 2 0.196894402615726
1 3 0.196894402615726
1 4 1.0
1 5 0.196894402615726
1 6 0.196894402615726
1 7 1.0
1 8 0.196894402615726
1 9 0.196894402615726
1 10 1.0
1 11 0.196894402615726
1 12 0.196894402615726
1 13 1.0
1 14 0.196894402615726
1 15 0.196894402615726
1 16 0.18528016470372677
1 36 0.18528016470372677
1 17 0.2921358458697796
1 18 0.2921358458697796
1 19 0.13916703686118126
1 20 0.3218587003648281
1 21 0.18528016470372677
1 22 0.2921358458697796
1 23 0.2921358458697796
1 24 0.13916703686118126
1 25 0.3218587003648281
1 26 0.18528016470372677
1 27 0.3218587003648281
1 28 0.13916703686118126
1 29 0.2921358458697796
1 30 0.2921358458697796
1 31 0.18528016470372677
1 32 0.3218587003648281
1 33 0.13916703686118126
1 34 0.2921358458697796
1 35 0.2921358458697796
1 37 0.3218587003648281
1 38 0.13916703686118126
1 39 0.2921358458697796
1 40 0.2921358458697796
2 3 1.0
2 4 0.196894402615726
2 5 1.0
2 6 1.0
2 7 0.196894402615726
2 8 1.0
2 9 1.0
2 10 0.196894402615726
2 11 1.0
2 12 1.0
2 13 0.196894402615726
2 14 1.0
2 15 1.0
2 16 0.09779692348092794
2 36 0.09779692348092794
2 17 0.2531097000464797
2 18 0.2531097000464797
2 19 0.14635334070771933
2 20 0.3493802836164832
2 21 0.09779692348092794
2 22 0.2531097000464797
2 23 0.2531097000464797
2 24 0.14635334070771933
2 25 0.3493802836164832
2 26 0.09779692348092794
2 27 0.3493802836164832
2 28 0.14635334070771933
2 29 0.2531097000464797
2 30 0.2531097000464797
2 31 0.09779692348092794
2 32 0.3493802836164832
2 33 0.14635334070771933
2 34 0.2531097000464797
2 35 0.2531097000464797
2 37 0.3493802836164832
2 38 0.14635334070771933
2 39 0.2531097000464797
2 40 0.2531097000464797
3 4 0.196894402615726
3 5 1.0
3 6 1.0
3 7 0.196894402615726
3 8 1.0
3 9 1.0
3 10 0.196894402615726
3 11 1.0
3 12 1.0
3 13 0.196894402615726
3 14 1.0
3 15 1.0
3 16 0.09779692348092794
3 36 0.09779692348092794
3 17 0.2531097000464797
3 18 0.2531097000464797
3 19 0.14635334070771933
3 20 0.3493802836164832
3 21 0.09779692348092794
3 22 0.2531097000464797
3 23 0.2531097000464797
3 24 0.14635334070771933
3 25 0.3493802836164832
3 26 0.09779692348092794
3 27 0.3493802836164832
3 28 0.14635334070771933
3 29 0.2531097000464797
3 30 0.2531097000464797
3 31 0.09779692348092794
3 32 0.3493802836164832
3 33 0.14635334070771933
3 34 0.2531097000464797
3 35 0.2531097000464797
3 37 0.3493802836164832
3 38 0.14635334070771933
3 39 0.2531097000464797
3 40 0.2531097000464797
4 5 0.196894402615726
4 6 0.196894402615726
4 7 1.0
4 8 0.196894402615726
4 9 0.196894402615726
4 10 1.0
4 11 0.196894402615726
4 12 0.196894402615726
4 13 1.0
4 14 0.196894402615726
4 15 0.196894402615726
4 16 0.18528016470372677
4 36 0.18528016470372677
4 17 0.2921358458697796
4 18 0.2921358458697796
4 19 0.13916703686118126
4 20 0.3218587003648281
4 21 0.18528016470372677
4 22 0.2921358458697796
4 23 0.2921358458697796
4 24 0.13916703686118126
4 25 0.3218587003648281
4 26 0.18528016470372677
4 27 0.3218587003648281
4 28 0.13916703686118126
4 29 0.2921358458697796
4 30 0.2921358458697796
4 31 0.18528016470372677
4 32 0.3218587003648281
4 33 0.13916703686118126
4 34 0.2921358458697796
4 35 0.2921358458697796
4 37 0.3218587003648281
4 38 0.13916703686118126
4 39 0.2921358458697796
4 40 0.2921358458697796
5 6 1.0
5 7 0.196894402615726
5 8 1.0
5 9 1.0
5 10 0.196894402615726
5 11 1.0
5 12 1.0
5 13 0.196894402615726
5 14 1.0
5 15 1.0
5 16 0.09779692348092794
5 36 0.09779692348092794
5 17 0.2531097000464797
5 18 0.2531097000464797
5 19 0.14635334070771933
5 20 0.3493802836164832
5 21 0.09779692348092794
5 22 0.2531097000464797
5 23 0.2531097000464797
5 24 0.14635334070771933
5 25 0.3493802836164832
5 26 0.09779692348092794
5 27 0.3493802836164832
5 28 0.14635334070771933
5 29 0.2531097000464797
5 30 0.2531097000464797
5 31 0.09779692348092794
5 32 0.3493802836164832
5 33 0.14635334070771933
5 34 0.2531097000464797
5 35 0.2531097000464797
5 37 0.3493802836164832
5 38 0.14635334070771933
5 39 0.2531097000464797
5 40 0.2531097000464797
6 7 0.196894402615726
6 8 1.0
6 9 1.0
6 10 0.196894402615726
6 11 1.0
6 12 1.0
6 13 0.196894402615726
6 14 1.0
6 15 1.0
6 16 0.09779692348092794
6 36 0.09779692348092794
6 17 0.2531097000464797
6 18 0.2531097000464797
6 19 0.14635334070771933
6 20 0.3493802836164832
6 21 0.09779692348092794
6 22 0.2531097000464797
6 23 0.2531097000464797
6 24 0.14635334070771933
6 25 0.3493802836164832
6 26 0.09779692348092794
6 27 0.3493802836164832
6 28 0.14635334070771933
6 29 0.2531097000464797
6 30 0.2531097000464797
6 31 0.09779692348092794
6 32 0.3493802836164832
6 33 0.14635334070771933
6 34 0.2531097000464797
6 35 0.2531097000464797
6 37 0.3493802836164832
6 38 0.14635334070771933
6 39 0.2531097000464797
6 40 0.2531097000464797
7 8 0.196894402615726
7 9 0.196894402615726
7 10 1.0
7 11 0.196894402615726
7 12 0.196894402615726
7 13 1.0
7 14 0.196894402615726
7 15 0.196894402615726
7 16 0.18528016470372677
7 36 0.18528016470372677
7 17 0.2921358458697796
7 18 0.2921358458697796
7 19 0.13916703686118126
7 20 0.3218587003648281
7 21 0.18528016470372677
7 22 0.2921358458697796
7 23 0.2921358458697796
7 24 0.13916703686118126
7 25 0.3218587003648281
7 26 0.18528016470372677
7 27 0.3218587003648281
7 28 0.13916703686118126
7 29 0.2921358458697796
7 30 0.2921358458697796
7 31 0.18528016470372677
7 32 0.3218587003648281
7 33 0.13916703686118126
7 34 0.2921358458697796
7 35 0.2921358458697796
7 37 0.3218587003648281
7 38 0.13916703686118126
7 39 0.2921358458697796
7 40 0.2921358458697796
8 9 1.0
8 10 0.196894402615726
8 11 1.0
8 12 1.0
8 13 0.196894402615726
8 14 1.0
8 15 1.0
8 16 0.09779692348092794
8 36 0.09779692348092794
8 17 0.2531097000464797
8 18 0.2531097000464797
8 19 0.14635334070771933
8 20 0.3493802836164832
8 21 0.09779692348092794
8 22 0.2531097000464797
8 23 0.2531097000464797
8 24 0.14635334070771933
8 25 0.3493802836164832
8 26 0.09779692348092794
8 27 0.3493802836164832
8 28 0.14635334070771933
8 29 0.2531097000464797
8 30 0.2531097000464797
8 31 0.09779692348092794
8 32 0.3493802836164832
8 33 0.14635334070771933
8 34 0.2531097000464797
8 35 0.2531097000464797
8 37 0.3493802836164832
8 38 0.14635334070771933
8 39 0.2531097000464797
8 40 0.2531097000464797
9 10 0.196894402615726
9 11 1.0
9 12 1.0
9 13 0.196894402615726
9 14 1.0
9 15 1.0
9 16 0.09779692348092794
9 36 0.09779692348092794
9 17 0.2531097000464797
9 18 0.2531097000464797
9 19 0.14635334070771933
9 20 0.3493802836164832
9 21 0.09779692348092794
9 22 0.2531097000464797
9 23 0.2531097000464797
9 24 0.14635334070771933
9 25 0.3493802836164832
9 26 0.09779692348092794
9 27 0.3493802836164832
9 28 0.14635334070771933
9 29 0.2531097000464797
9 30 0.2531097000464797
9 31 0.09779692348092794
9 32 0.3493802836164832
9 33 0.14635334070771933
9 34 0.2531097000464797
9 35 0.2531097000464797
9 37 0.3493802836164832
9 38 0.14635334070771933
9 39 0.2531097000464797
9 40 0.2531097000464797
10 11 0.196894402615726
10 12 0.196894402615726
10 13 1.0
10 14 0.196894402615726
10 15 0.196894402615726
10 16 0.18528016470372677
10 36 0.18528016470372677
10 17 0.2921358458697796
10 18 0.2921358458697796
10 19 0.13916703686118126
10 20 0.3218587003648281
10 21 0.18528016470372677
10 22 0.2921358458697796
10 23 0.2921358458697796
10 24 0.13916703686118126
10 25 0.3218587003648281
10 26 0.18528016470372677
10 27 0.3218587003648281
10 28 0.13916703686118126
10 29 0.2921358458697796
10 30 0.2921358458697796
10 31 0.18528016470372677
10 32 0.3218587003648281
10 33 0.13916703686118126
10 34 0.2921358458697796
10 35 0.2921358458697796
10 37 0.3218587003648281
10 38 0.13916703686118126
10 39 0.2921358458697796
10 40 0.2921358458697796
11 12 1.0
11 13 0.196894402615726
11 14 1.0
11 15 1.0
11 16 0.09779692348092794
11 36 0.09779692348092794
11 17 0.2531097000464797
11 18 0.2531097000464797
11 19 0.14635334070771933
11 20 0.3493802836164832
11 21 0.09779692348092794
11 22 0.2531097000464797
11 23 0.2531097000464797
11 24 0.14635334070771933
11 25 0.3493802836164832
11 26 0.09779692348092794
11 27 0.3493802836164832
11 28 0.14635334070771933
11 29 0.2531097000464797
11 30 0.2531097000464797
11 31 0.09779692348092794
11 32 0.3493802836164832
11 33 0.14635334070771933
11 34 0.2531097000464797
11 35 0.2531097000464797
11 37 0.3493802836164832
11 38 0.14635334070771933
11 39 0.2531097000464797
11 40 0.2531097000464797
12 13 0.196894402615726
12 14 1.0
12 15 1.0
12 16 0.09779692348092794
12 36 0.09779692348092794
12 17 0.2531097000464797
12 18 0.2531097000464797
12 19 0.14635334070771933
12 20 0.3493802836164832
12 21 0.09779692348092794
12 22 0.2531097000464797
12 23 0.2531097000464797
12 24 0.14635334070771933
12 25 0.3493802836164832
12 26 0.09779692348092794
12 27 0.3493802836164832
12 28 0.14635334070771933
12 29 0.2531097000464797
12 30 0.2531097000464797
12 31 0.09779692348092794
12 32 0.3493802836164832
12 33 0.14635334070771933
12 34 0.2531097000464797
12 35 0.2531097000464797
12 37 0.3493802836164832
12 38 0.14635334070771933
12 39 0.2531097000464797
12 40 0.2531097000464797
13 14 0.196894402615726
13 15 0.196894402615726
13 16 0.18528016470372677
13 36 0.18528016470372677
13 17 0.2921358458697796
13 18 0.2921358458697796
13 19 0.13916703686118126
13 20 0.3218587003648281
13 21 0.18528016470372677
13 22 0.2921358458697796
13 23 0.2921358458697796
13 24 0.13916703686118126
13 25 0.3218587003648281
13 26 0.18528016470372677
13 27 0.3218587003648281
13 28 0.13916703686118126
13 29 0.2921358458697796
13 30 0.2921358458697796
13 31 0.18528016470372677
13 32 0.3218587003648281
13 33 0.13916703686118126
13 34 0.2921358458697796
13 35 0.2921358458697796
13 37 0.3218587003648281
13 38 0.13916703686118126
13 39 0.2921358458697796
13 40 0.2921358458697796
14 15 1.0
14 16 0.09779692348092794
14 36 0.09779692348092794
14 17 0.2531097000464797
14 18 0.2531097000464797
14 19 0.14635334070771933
14 20 0.3493802836164832
14 21 0.09779692348092794
14 22 0.2531097000464797
14 23 0.2531097000464797
14 24 0.14635334070771933
14 25 0.3493802836164832
14 26 0.09779692348092794
14 27 0.3493802836164832
14 28 0.14635334070771933
14 29 0.2531097000464797
14 30 0.2531097000464797
14 31 0.09779692348092794
14 32 0.3493802836164832
14 33 0.14635334070771933
14 34 0.2531097000464797
14 35 0.2531097000464797
14 37 0.3493802836164832
14 38 0.14635334070771933
14 39 0.2531097000464797
14 40 0.2531097000464797
15 16 0.09779692348092794
15 36 0.09779692348092794
15 17 0.2531097000464797
15 18 0.2531097000464797
15 19 0.14635334070771933
15 20 0.3493802836164832
15 21 0.09779692348092794
15 22 0.2531097000464797
15 23 0.2531097000464797
15 24 0.14635334070771933
15 25 0.3493802836164832
15 26 0.09779692348092794
15 27 0.3493802836164832
15 28 0.14635334070771933
15 29 0.2531097000464797
15 30 0.2531097000464797
15 31 0.09779692348092794
15 32 0.3493802836164832
15 33 0.14635334070771933
15 34 0.2531097000464797
15 35 0.2531097000464797
15 37 0.3493802836164832
15 38 0.14635334070771933
15 39 0.2531097000464797
15 40 0.2531097000464797
16 36 1.0
16 17 0.6009591314941645
16 18 0.6009591314941645
16 19 0.7292572353035212
16 20 0.3613088969141245
16 21 1.0
16 22 0.6009591314941645
16 23 0.6009591314941645
16 24 0.7292572353035212
16 25 0.3613088969141245
16 26 1.0
16 27 0.3613088969141245
16 28 0.7292572353035212
16 29 0.6009591314941645
16 30 0.6009591314941645
16 31 1.0
16 32 0.3613088969141245
16 33 0.7292572353035212
16 34 0.6009591314941645
16 35 0.6009591314941645
16 37 0.3613088969141245
16 38 0.7292572353035212
16 39 0.6009591314941645
16 40 0.6009591314941645
36 17 0.6009591314941645
36 18 0.6009591314941645
36 19 0.7292572353035212
36 20 0.3613088969141245
36 21 1.0
36 22 0.6009591314941645
36 23 0.6009591314941645
36 24 0.7292572353035212
36 25 0.3613088969141245
36 26 1.0
36 27 0.3613088969141245
36 28 0.7292572353035212
36 29 0.6009591314941645
36 30 0.6009591314941645
36 31 1.0
36 32 0.3613088969141245
36 33 0.7292572353035212
36 34 0.6009591314941645
36 35 0.6009591314941645
36 37 0.3613088969141245
36 38 0.7292572353035212
36 39 0.6009591314941645
36 40 0.6009591314941645
17 18 1.0
17 19 0.742451399564743
17 20 0.742451399564743
17 21 0.6009591314941645
17 22 1.0
17 23 1.0
17 24 0.742451399564743
17 25 0.742451399564743
17 26 0.6009591314941645
17 27 0.742451399564743
17 28 0.742451399564743
17 29 1.0
17 30 1.0
17 31 0.6009591314941645
17 32 0.742451399564743
17 33 0.742451399564743
17 34 1.0
17 35 1.0
17 37 0.742451399564743
17 38 0.742451399564743
17 39 1.0
17 40 1.0
18 19 0.742451399564743
18 20 0.742451399564743
18 21 0.6009591314941645
18 22 1.0
18 23 1.0
18 24 0.742451399564743
18 25 0.742451399564743
18 26 0.6009591314941645
18 27 0.742451399564743
18 28 0.742451399564743
18 29 1.0
18 30 1.0
18 31 0.6009591314941645
18 32 0.742451399564743
18 33 0.742451399564743
18 34 1.0
18 35 1.0
18 37 0.742451399564743
18 38 0.742451399564743
18 39 1.0
18 40 1.0
19 20 0.48491793870925903
19 21 0.7292572353035212
19 22 0.742451399564743
19 23 0.742451399564743
19 24 1.0
19 25 0.48491793870925903
19 26 0.7292572353035212
19 27 0.48491793870925903
19 28 1.0
19 29 0.742451399564743
19 30 0.742451399564743
19 31 0.7292572353035212
19 32 0.48491793870925903
19 33 1.0
19 34 0.742451399564743
19 35 0.742451399564743
19 37 0.48491793870925903
19 38 1.0
19 39 0.742451399564743
19 40 0.742451399564743
20 21 0.3613088969141245
20 22 0.742451399564743
20 23 0.742451399564743
20 24 0.48491793870925903
20 25 1.0
20 26 0.3613088969141245
20 27 1.0
20 28 0.48491793870925903
20 29 0.742451399564743
20 30 0.742451399564743
20 31 0.3613088969141245
20 32 1.0
20 33 0.48491793870925903
20 34 0.742451399564743
20 35 0.742451399564743
20 37 1.0
20 38 0.48491793870925903
20 39 0.742451399564743
20 40 0.742451399564743
21 22 0.6009591314941645
21 23 0.6009591314941645
21 24 0.7292572353035212
21 25 0.3613088969141245
21 26 1.0
21 27 0.3613088969141245
21 28 0.7292572353035212
21 29 0.6009591314941645
21 30 0.6009591314941645
21 31 1.0
21 32 0.3613088969141245
21 33 0.7292572353035212
21 34 0.6009591314941645
21 35 0.6009591314941645
21 37 0.3613088969141245
21 38 0.7292572353035212
21 39 0.6009591314941645
21 40 0.6009591314941645
22 23 1.0
22 24 0.742451399564743
22 25 0.742451399564743
22 26 0.6009591314941645
22 27 0.742451399564743
22 28 0.742451399564743
22 29 1.0
22 30 1.0
22 31 0.6009591314941645
22 32 0.742451399564743
22 33 0.742451399564743
22 34 1.0
22 35 1.0
22 37 0.742451399564743
22 38 0.742451399564743
22 39 1.0
22 40 1.0
23 24 0.742451399564743
23 25 0.742451399564743
23 26 0.6009591314941645
23 27 0.742451399564743
23 28 0.742451399564743
23 29 1.0
23 30 1.0
23 31 0.6009591314941645
23 32 0.742451399564743
23 33 0.742451399564743
23 34 1.0
23 35 1.0
23 37 0.742451399564743
23 38 0.742451399564743
23 39 1.0
23 40 1.0
24 25 0.48491793870925903
24 26 0.7292572353035212
24 27 0.48491793870925903
24 28 1.0
24 29 0.742451399564743
24 30 0.742451399564743
24 31 0.7292572353035212
24 32 0.48491793870925903
24 33 1.0
24 34 0.742451399564743
24 35 0.742451399564743
24 37 0.48491793870925903
24 38 1.0
24 39 0.742451399564743
24 40 0.742451399564743
25 26 0.3613088969141245
25 27 1.0
25 28 0.48491793870925903
25 29 0.742451399564743
25 30 0.742451399564743
25 31 0.3613088969141245
25 32 1.0
25 33 0.48491793870925903
25 34 0.742451399564743
25 35 0.742451399564743
25 37 1.0
25 38 0.48491793870925903
25 39 0.742451399564743
25 40 0.742451399564743
26 27 0.3613088969141245
26 28 0.7292572353035212
26 29 0.6009591314941645
26 30 0.6009591314941645
26 31 1.0
26 32 0.3613088969141245
26 33 0.7292572353035212
26 34 0.6009591314941645
26 35 0.6009591314941645
26 37 0.3613088969141245
26 38 0.7292572353035212
26 39 0.6009591314941645
26 40 0.6009591314941645
27 28 0.48491793870925903
27 29 0.742451399564743
27 30 0.742451399564743
27 31 0.3613088969141245
27 32 1.0
27 33 0.48491793870925903
27 34 0.742451399564743
27 35 0.742451399564743
27 37 1.0
27 38 0.48491793870925903
27 39 0.742451399564743
27 40 0.742451399564743
28 29 0.742451399564743
28 30 0.742451399564743
28 31 0.7292572353035212
28 32 0.48491793870925903
28 33 1.0
28 34 0.742451399564743
28 35 0.742451399564743
28 37 0.48491793870925903
28 38 1.0
28 39 0.742451399564743
28 40 0.742451399564743
29 30 1.0
29 31 0.6009591314941645
29 32 0.742451399564743
29 33 0.742451399564743
29 34 1.0
29 35 1.0
29 37 0.742451399564743
29 38 0.742451399564743
29 39 1.0
29 40 1.0
30 31 0.6009591314941645
30 32 0.742451399564743
30 33 0.742451399564743
30 34 1.0
30 35 1.0
30 37 0.742451399564743
30 38 0.742451399564743
30 39 1.0
30 40 1.0
31 32 0.3613088969141245
31 33 0.7292572353035212
31 34 0.6009591314941645
31 35 0.6009591314941645
31 37 0.3613088969141245
31 38 0.7292572353035212
31 39 0.6009591314941645
31 40 0.6009591314941645
32 33 0.48491793870925903
32 34 0.742451399564743
32 35 0.742451399564743
32 37 1.0
32 38 0.48491793870925903
32 39 0.742451399564743
32 40 0.742451399564743
33 34 0.742451399564743
33 35 0.742451399564743
33 37 0.48491793870925903
33 38 1.0
33 39 0.742451399564743
33 40 0.742451399564743
34 35 1.0
34 37 0.742451399564743
34 38 0.742451399564743
34 39 1.0
34 40 1.0
35 37 0.742451399564743
35 38 0.742451399564743
35 39 1.0
35 40 1.0
37 38 0.48491793870925903
37 39 0.742451399564743
37 40 0.742451399564743
38 39 0.742451399564743
38 40 0.742451399564743
39 40 1.0
