1 2 0.99580321352259
1 3 0.99580321352259
1 4 1.0
1 5 0.99580321352259
1 6 0.99580321352259
1 7 1.0
1 8 0.99580321352259
1 9 0.99580321352259
1 10 1.0
1 11 0.99580321352259
1 12 0.99580321352259
1 13 1.0
1 14 0.99580321352259
1 15 0.99580321352259
1 16 1.0
1 36 1.0
1 17 0.9981618760578993
1 18 0.9981618760578993
1 19 1.0
1 20 0.9944353709825305
1 21 1.0
1 22 0.9981618760578993
1 23 0.9981618760578993
1 24 1.0
1 25 0.9944353709825305
1 26 1.0
1 27 0.9944353709825305
1 28 1.0
1 29 0.9981618760578993
1 30 0.9981618760578993
1 31 1.0
1 32 0.9944353709825305
1 33 1.0
1 34 0.9981618760578993
1 35 0.9981618760578993
1 37 0.9944353709825305
1 38 1.0
1 39 0.9981618760578993
1 40 0.9981618760578993
2 3 1.0
2 4 0.9832139735789299
2 5 1.0
2 6 1.0
2 7 0.9832139735789299
2 8 1.0
2 9 1.0
2 10 0.9832139735789299
2 11 1.0
2 12 1.0
2 13 0.9832139735789299
2 14 1.0
2 15 1.0
2 16 0.9934165294152839
2 36 0.9934165294152839
2 17 0.9981380254624783
2 18 0.9981380254624783
2 19 0.9910654356441947
2 20 0.9993110691157766
2 21 0.9934165294152839
2 22 0.9981380254624783
2 23 0.9981380254624783
2 24 0.9910654356441947
2 25 0.9993110691157766
2 26 0.9934165294152839
2 27 0.9993110691157766
2 28 0.9910654356441947
2 29 0.9981380254624783
2 30 0.9981380254624783
2 31 0.9934165294152839
2 32 0.9993110691157766
2 33 0.9910654356441947
2 34 0.9981380254624783
2 35 0.9981380254624783
2 37 0.9993110691157766
2 38 0.9910654356441947
2 39 0.9981380254624783
2 40 0.9981380254624783
3 4 0.9832139735789299
3 5 1.0
3 6 1.0
3 7 0.9832139735789299
3 8 1.0
3 9 1.0
3 10 0.9832139735789299
3 11 1.0
3 12 1.0
3 13 0.9832139735789299
3 14 1.0
3 15 1.0
3 16 0.9934165294152839
3 36 0.9934165294152839
3 17 0.9981380254624783
3 18 0.9981380254624783
3 19 0.9910654356441947
3 20 0.9993110691157766
3 21 0.9934165294152839
3 22 0.9981380254624783
3 23 0.9981380254624783
3 24 0.9910654356441947
3 25 0.9993110691157766
3 26 0.9934165294152839
3 27 0.9993110691157766
3 28 0.9910654356441947
3 29 0.9981380254624783
3 30 0.9981380254624783
3 31 0.9934165294152839
3 32 0.9993110691157766
3 33 0.9910654356441947
3 34 0.9981380254624783
3 35 0.9981380254624783
3 37 0.9993110691157766
3 38 0.9910654356441947
3 39 0.9981380254624783
3 40 0.9981380254624783
4 5 0.99580321352259
4 6 0.99580321352259
4 7 1.0
4 8 0.99580321352259
4 9 0.99580321352259
4 10 1.0
4 11 0.99580321352259
4 12 0.99580321352259
4 13 1.0
4 14 0.99580321352259
4 15 0.99580321352259
4 16 1.0
4 36 1.0
4 17 0.9981618760578993
4 18 0.9981618760578993
4 19 1.0
4 20 0.9944353709825305
4 21 1.0
4 22 0.9981618760578993
4 23 0.9981618760578993
4 24 1.0
4 25 0.9944353709825305
4 26 1.0
4 27 0.9944353709825305
4 28 1.0
4 29 0.9981618760578993
4 30 0.9981618760578993
4 31 1.0
4 32 0.9944353709825305
4 33 1.0
4 34 0.9981618760578993
4 35 0.9981618760578993
4 37 0.9944353709825305
4 38 1.0
4 39 0.9981618760578993
4 40 0.9981618760578993
5 6 1.0
5 7 0.9832139735789299
5 8 1.0
5 9 1.0
5 10 0.9832139735789299
5 11 1.0
5 12 1.0
5 13 0.9832139735789299
5 14 1.0
5 15 1.0
5 16 0.9934165294152839
5 36 0.9934165294152839
5 17 0.9981380254624783
5 18 0.9981380254624783
5 19 0.9910654356441947
5 20 0.9993110691157766
5 21 0.9934165294152839
5 22 0.9981380254624783
5 23 0.9981380254624783
5 24 0.9910654356441947
5 25 0.9993110691157766
5 26 0.9934165294152839
5 27 0.9993110691157766
5 28 0.9910654356441947
5 29 0.9981380254624783
5 30 0.9981380254624783
5 31 0.9934165294152839
5 32 0.9993110691157766
5 33 0.9910654356441947
5 34 0.9981380254624783
5 35 0.9981380254624783
5 37 0.9993110691157766
5 38 0.9910654356441947
5 39 0.9981380254624783
5 40 0.9981380254624783
6 7 0.9832139735789299
6 8 1.0
6 9 1.0
6 10 0.9832139735789299
6 11 1.0
6 12 1.0
6 13 0.9832139735789299
6 14 1.0
6 15 1.0
6 16 0.9934165294152839
6 36 0.9934165294152839
6 17 0.9981380254624783
6 18 0.9981380254624783
6 19 0.9910654356441947
6 20 0.9993110691157766
6 21 0.9934165294152839
6 22 0.9981380254624783
6 23 0.9981380254624783
6 24 0.9910654356441947
6 25 0.9993110691157766
6 26 0.9934165294152839
6 27 0.9993110691157766
6 28 0.9910654356441947
6 29 0.9981380254624783
6 30 0.9981380254624783
6 31 0.9934165294152839
6 32 0.9993110691157766
6 33 0.9910654356441947
6 34 0.9981380254624783
6 35 0.9981380254624783
6 37 0.9993110691157766
6 38 0.9910654356441947
6 39 0.9981380254624783
6 40 0.9981380254624783
7 8 0.99580321352259
7 9 0.99580321352259
7 10 1.0
7 11 0.99580321352259
7 12 0.99580321352259
7 13 1.0
7 14 0.99580321352259
7 15 0.99580321352259
7 16 1.0
7 36 1.0
7 17 0.9981618760578993
7 18 0.9981618760578993
7 19 1.0
7 20 0.9944353709825305
7 21 1.0
7 22 0.9981618760578993
7 23 0.9981618760578993
7 24 1.0
7 25 0.9944353709825305
7 26 1.0
7 27 0.9944353709825305
7 28 1.0
7 29 0.9981618760578993
7 30 0.9981618760578993
7 31 1.0
7 32 0.9944353709825305
7 33 1.0
7 34 0.9981618760578993
7 35 0.9981618760578993
7 37 0.9944353709825305
7 38 1.0
7 39 0.9981618760578993
7 40 0.9981618760578993
8 9 1.0
8 10 0.9832139735789299
8 11 1.0
8 12 1.0
8 13 0.9832139735789299
8 14 1.0
8 15 1.0
8 16 0.9934165294152839
8 36 0.9934165294152839
8 17 0.9981380254624783
8 18 0.9981380254624783
8 19 0.9910654356441947
8 20 0.9993110691157766
8 21 0.9934165294152839
8 22 0.9981380254624783
8 23 0.9981380254624783
8 24 0.9910654356441947
8 25 0.9993110691157766
8 26 0.9934165294152839
8 27 0.9993110691157766
8 28 0.9910654356441947
8 29 0.9981380254624783
8 30 0.9981380254624783
8 31 0.9934165294152839
8 32 0.9993110691157766
8 33 0.9910654356441947
8 34 0.9981380254624783
8 35 0.9981380254624783
8 37 0.9993110691157766
8 38 0.9910654356441947
8 39 0.9981380254624783
8 40 0.9981380254624783
9 10 0.9832139735789299
9 11 1.0
9 12 1.0
9 13 0.9832139735789299
9 14 1.0
9 15 1.0
9 16 0.9934165294152839
9 36 0.9934165294152839
9 17 0.9981380254624783
9 18 0.9981380254624783
9 19 0.9910654356441947
9 20 0.9993110691157766
9 21 0.9934165294152839
9 22 0.9981380254624783
9 23 0.9981380254624783
9 24 0.9910654356441947
9 25 0.9993110691157766
9 26 0.9934165294152839
9 27 0.9993110691157766
9 28 0.9910654356441947
9 29 0.9981380254624783
9 30 0.9981380254624783
9 31 0.9934165294152839
9 32 0.9993110691157766
9 33 0.9910654356441947
9 34 0.9981380254624783
9 35 0.9981380254624783
9 37 0.9993110691157766
9 38 0.9910654356441947
9 39 0.9981380254624783
9 40 0.9981380254624783
10 11 0.99580321352259
10 12 0.99580321352259
10 13 1.0
10 14 0.99580321352259
10 15 0.99580321352259
10 16 1.0
10 36 1.0
10 17 0.9981618760578993
10 18 0.9981618760578993
10 19 1.0
10 20 0.9944353709825305
10 21 1.0
10 22 0.9981618760578993
10 23 0.9981618760578993
10 24 1.0
10 25 0.9944353709825305
10 26 1.0
10 27 0.9944353709825305
10 28 1.0
10 29 0.9981618760578993
10 30 0.9981618760578993
10 31 1.0
10 32 0.9944353709825305
10 33 1.0
10 34 0.9981618760578993
10 35 0.9981618760578993
10 37 0.9944353709825305
10 38 1.0
10 39 0.9981618760578993
10 40 0.9981618760578993
11 12 1.0
11 13 0.9832139735789299
11 14 1.0
11 15 1.0
11 16 0.9934165294152839
11 36 0.9934165294152839
11 17 0.9981380254624783
11 18 0.9981380254624783
11 19 0.9910654356441947
11 20 0.9993110691157766
11 21 0.9934165294152839
11 22 0.9981380254624783
11 23 0.9981380254624783
11 24 0.9910654356441947
11 25 0.9993110691157766
11 26 0.9934165294152839
11 27 0.9993110691157766
11 28 0.9910654356441947
11 29 0.9981380254624783
11 30 0.9981380254624783
11 31 0.9934165294152839
11 32 0.9993110691157766
11 33 0.9910654356441947
11 34 0.9981380254624783
11 35 0.9981380254624783
11 37 0.9993110691157766
11 38 0.9910654356441947
11 39 0.9981380254624783
11 40 0.9981380254624783
12 13 0.9832139735789299
12 14 1.0
12 15 1.0
12 16 0.9934165294152839
12 36 0.9934165294152839
12 17 0.9981380254624783
12 18 0.9981380254624783
12 19 0.9910654356441947
12 20 0.9993110691157766
12 21 0.9934165294152839
12 22 0.9981380254624783
12 23 0.9981380254624783
12 24 0.9910654356441947
12 25 0.9993110691157766
12 26 0.9934165294152839
12 27 0.9993110691157766
12 28 0.9910654356441947
12 29 0.9981380254624783
12 30 0.9981380254624783
12 31 0.9934165294152839
12 32 0.9993110691157766
12 33 0.9910654356441947
12 34 0.9981380254624783
12 35 0.9981380254624783
12 37 0.9993110691157766
12 38 0.9910654356441947
12 39 0.9981380254624783
12 40 0.9981380254624783
13 14 0.99580321352259
13 15 0.99580321352259
13 16 1.0
13 36 1.0
13 17 0.9981618760578993
13 18 0.9981618760578993
13 19 1.0
13 20 0.9944353709825305
13 21 1.0
13 22 0.9981618760578993
13 23 0.9981618760578993
13 24 1.0
13 25 0.9944353709825305
13 26 1.0
13 27 0.9944353709825305
13 28 1.0
13 29 0.9981618760578993
13 30 0.9981618760578993
13 31 1.0
13 32 0.9944353709825305
13 33 1.0
13 34 0.9981618760578993
13 35 0.9981618760578993
13 37 0.9944353709825305
13 38 1.0
13 39 0.9981618760578993
13 40 0.9981618760578993
14 15 1.0
14 16 0.9934165294152839
14 36 0.9934165294152839
14 17 0.9981380254624783
14 18 0.9981380254624783
14 19 0.9910654356441947
14 20 0.9993110691157766
14 21 0.9934165294152839
14 22 0.9981380254624783
14 23 0.9981380254624783
14 24 0.9910654356441947
14 25 0.9993110691157766
14 26 0.9934165294152839
14 27 0.9993110691157766
14 28 0.9910654356441947
14 29 0.9981380254624783
14 30 0.9981380254624783
14 31 0.9934165294152839
14 32 0.9993110691157766
14 33 0.9910654356441947
14 34 0.9981380254624783
14 35 0.9981380254624783
14 37 0.9993110691157766
14 38 0.9910654356441947
14 39 0.9981380254624783
14 40 0.9981380254624783
15 16 0.9934165294152839
15 36 0.9934165294152839
15 17 0.9981380254624783
15 18 0.9981380254624783
15 19 0.9910654356441947
15 20 0.9993110691157766
15 21 0.9934165294152839
15 22 0.9981380254624783
15 23 0.9981380254624783
15 24 0.9910654356441947
15 25 0.9993110691157766
15 26 0.9934165294152839
15 27 0.9993110691157766
15 28 0.9910654356441947
15 29 0.9981380254624783
15 30 0.9981380254624783
15 31 0.9934165294152839
15 32 0.9993110691157766
15 33 0.9910654356441947
15 34 0.9981380254624783
15 35 0.9981380254624783
15 37 0.9993110691157766
15 38 0.9910654356441947
15 39 0.9981380254624783
15 40 0.9981380254624783
16 36 1.0
16 17 1.0
16 18 1.0
16 19 0.9949377385270665
16 20 1.0
16 21 1.0
16 22 1.0
16 23 1.0
16 24 0.9949377385270665
16 25 1.0
16 26 1.0
16 27 1.0
16 28 0.9949377385270665
16 29 1.0
16 30 1.0
16 31 1.0
16 32 1.0
16 33 0.9949377385270665
16 34 1.0
16 35 1.0
16 37 1.0
16 38 0.9949377385270665
16 39 1.0
16 40 1.0
36 17 1.0
36 18 1.0
36 19 0.9949377385270665
36 20 1.0
36 21 1.0
36 22 1.0
36 23 1.0
36 24 0.9949377385270665
36 25 1.0
36 26 1.0
36 27 1.0
36 28 0.9949377385270665
36 29 1.0
36 30 1.0
36 31 1.0
36 32 1.0
36 33 0.9949377385270665
36 34 1.0
36 35 1.0
36 37 1.0
36 38 0.9949377385270665
36 39 1.0
36 40 1.0
17 18 1.0
17 19 0.9976574545375209
17 20 0.9929311502383038
17 21 0.9749875805999181
17 22 1.0
17 23 1.0
17 24 0.9976574545375209
17 25 0.9929311502383038
17 26 0.9749875805999181
17 27 0.9929311502383038
17 28 0.9976574545375209
17 29 1.0
17 30 1.0
17 31 0.9749875805999181
17 32 0.9929311502383038
17 33 0.9976574545375209
17 34 1.0
17 35 1.0
17 37 0.9929311502383038
17 38 0.9976574545375209
17 39 1.0
17 40 1.0
18 19 0.9976574545375209
18 20 0.9929311502383038
18 21 0.9749875805999181
18 22 1.0
18 23 1.0
18 24 0.9976574545375209
18 25 0.9929311502383038
18 26 0.9749875805999181
18 27 0.9929311502383038
18 28 0.9976574545375209
18 29 1.0
18 30 1.0
18 31 0.9749875805999181
18 32 0.9929311502383038
18 33 0.9976574545375209
18 34 1.0
18 35 1.0
18 37 0.9929311502383038
18 38 0.9976574545375209
18 39 1.0
18 40 1.0
19 20 1.0
19 21 0.9860127010400531
19 22 1.0
19 23 1.0
19 24 1.0
19 25 1.0
19 26 0.9860127010400531
19 27 1.0
19 28 1.0
19 29 1.0
19 30 1.0
19 31 0.9860127010400531
19 32 1.0
19 33 1.0
19 34 1.0
19 35 1.0
19 37 1.0
19 38 1.0
19 39 1.0
19 40 1.0
20 21 0.9785979316650967
20 22 1.0
20 23 1.0
20 24 0.9967563062797851
20 25 1.0
20 26 0.9785979316650967
20 27 1.0
20 28 0.9967563062797851
20 29 1.0
20 30 1.0
20 31 0.9785979316650967
20 32 1.0
20 33 0.9967563062797851
20 34 1.0
20 35 1.0
20 37 1.0
20 38 0.9967563062797851
20 39 1.0
20 40 1.0
21 22 1.0
21 23 1.0
21 24 0.9949377385270665
21 25 1.0
21 26 1.0
21 27 1.0
21 28 0.9949377385270665
21 29 1.0
21 30 1.0
21 31 1.0
21 32 1.0
21 33 0.9949377385270665
21 34 1.0
21 35 1.0
21 37 1.0
21 38 0.9949377385270665
21 39 1.0
21 40 1.0
22 23 1.0
22 24 0.9976574545375209
22 25 0.9929311502383038
22 26 0.9749875805999181
22 27 0.9929311502383038
22 28 0.9976574545375209
22 29 1.0
22 30 1.0
22 31 0.9749875805999181
22 32 0.9929311502383038
22 33 0.9976574545375209
22 34 1.0
22 35 1.0
22 37 0.9929311502383038
22 38 0.9976574545375209
22 39 1.0
22 40 1.0
23 24 0.9976574545375209
23 25 0.9929311502383038
23 26 0.9749875805999181
23 27 0.9929311502383038
23 28 0.9976574545375209
23 29 1.0
23 30 1.0
23 31 0.9749875805999181
23 32 0.9929311502383038
23 33 0.9976574545375209
23 34 1.0
23 35 1.0
23 37 0.9929311502383038
23 38 0.9976574545375209
23 39 1.0
23 40 1.0
24 25 1.0
24 26 0.9860127010400531
24 27 1.0
24 28 1.0
24 29 1.0
24 30 1.0
24 31 0.9860127010400531
24 32 1.0
24 33 1.0
24 34 1.0
24 35 1.0
24 37 1.0
24 38 1.0
24 39 1.0
24 40 1.0
25 26 0.9785979316650967
25 27 1.0
25 28 0.9967563062797851
25 29 1.0
25 30 1.0
25 31 0.9785979316650967
25 32 1.0
25 33 0.9967563062797851
25 34 1.0
25 35 1.0
25 37 1.0
25 38 0.9967563062797851
25 39 1.0
25 40 1.0
26 27 1.0
26 28 0.9949377385270665
26 29 1.0
26 30 1.0
26 31 1.0
26 32 1.0
26 33 0.9949377385270665
26 34 1.0
26 35 1.0
26 37 1.0
26 38 0.9949377385270665
26 39 1.0
26 40 1.0
27 28 0.9967563062797851
27 29 1.0
27 30 1.0
27 31 0.9785979316650967
27 32 1.0
27 33 0.9967563062797851
27 34 1.0
27 35 1.0
27 37 1.0
27 38 0.9967563062797851
27 39 1.0
27 40 1.0
28 29 1.0
28 30 1.0
28 31 0.9860127010400531
28 32 1.0
28 33 1.0
28 34 1.0
28 35 1.0
28 37 1.0
28 38 1.0
28 39 1.0
28 40 1.0
29 30 1.0
29 31 0.9749875805999181
29 32 0.9929311502383038
29 33 0.9976574545375209
29 34 1.0
29 35 1.0
29 37 0.9929311502383038
29 38 0.9976574545375209
29 39 1.0
29 40 1.0
30 31 0.9749875805999181
30 32 0.9929311502383038
30 33 0.9976574545375209
30 34 1.0
30 35 1.0
30 37 0.9929311502383038
30 38 0.9976574545375209
30 39 1.0
30 40 1.0
31 32 1.0
31 33 0.9949377385270665
31 34 1.0
31 35 1.0
31 37 1.0
31 38 0.9949377385270665
31 39 1.0
31 40 1.0
32 33 0.9967563062797851
32 34 1.0
32 35 1.0
32 37 1.0
32 38 0.9967563062797851
32 39 1.0
32 40 1.0
33 34 1.0
33 35 1.0
33 37 1.0
33 38 1.0
33 39 1.0
33 40 1.0
34 35 1.0
34 37 0.9929311502383038
34 38 0.9976574545375209
34 39 1.0
34 40 1.0
35 37 0.9929311502383038
35 38 0.9976574545375209
35 39 1.0
35 40 1.0
37 38 0.9967563062797851
37 39 1.0
37 40 1.0
38 39 1.0
38 40 1.0
39 40 1.0
