1 2 0.47503160758060403
1 3 0.3546969128365163
1 4 0.3032923493592534
1 5 0.06844595953589305
1 6 0.12034390744520351
1 7 0.12034390744520351
1 8 0.16503506974549964
1 9 -0.0162769618909806
1 10 0.042889122050837614
1 11 0.06844595953589305
1 12 0.10920468298718333
1 13 0.06865581264719367
1 14 0.0900492149812635
1 15 -0.027278294241114054
1 33 0.5985874259786215
1 34 0.6999199680867605
1 32 0.08798689732793719
1 22 0.06028904649429023
1 20 -0.03630073388922028
1 18 0.06028904649429023
1 31 0.05297677349881269
1 29 0.06402313755825162
1 28 0.10218125319079263
1 17 -0.1505211475014221
1 16 -0.027278294241114054
1 19 -0.027278294241114054
1 21 -0.027278294241114054
1 23 -0.027278294241114054
1 24 0.08131831270293333
1 30 0.04837920964928344
1 26 -0.04116909549338743
1 25 -0.03654857147921575
1 27 -0.016682937501173
1 37 1.0
1 48 0.08798689732793719
1 49 0.06028904649429023
1 54 -0.03630073388922028
1 40 0.06028904649429023
1 60 0.0900492149812635
1 62 0.06865581264719367
1 67 0.10920468298718333
1 53 0.06844595953589305
1 41 -0.0162769618909806
1 43 0.16503506974549964
1 55 0.12034390744520351
1 50 0.12034390744520351
1 63 0.06844595953589305
1 59 0.3032923493592534
1 38 0.3546969128365163
1 39 0.47503160758060403
1 65 0.05297677349881269
1 58 0.042889122050837614
1 51 0.5985874259786215
1 56 0.06402313755825162
1 45 0.10218125319079263
1 52 -0.1505211475014221
1 42 0.6999199680867605
1 64 -0.027278294241114054
1 66 -0.027278294241114054
1 61 -0.027278294241114054
1 46 -0.027278294241114054
1 47 -0.027278294241114054
1 35 0.08131831270293333
1 36 0.04837920964928344
1 57 -0.04116909549338743
1 44 -0.03654857147921575
1 68 -0.016682937501173
2 3 0.5418844212545082
2 4 0.7569220828590915
2 5 0.38700283970683813
2 6 0.4135076152451802
2 7 0.4135076152451802
2 8 0.6054203161329497
2 9 0.19917860685382038
2 10 0.34687230169947725
2 11 0.38700283970683813
2 12 0.42962347908178344
2 13 0.45075358904432505
2 14 0.31637100485386327
2 15 0.27709027204400627
2 33 0.6233534318744205
2 34 0.35540142690297216
2 32 0.3024279728415422
2 22 0.4050326627329923
2 20 0.18762269080616534
2 18 0.4050326627329923
2 31 0.2935608543921262
2 29 0.30575347345438786
2 28 0.35644292926735943
2 17 0.06731926475185901
2 16 0.27709027204400627
2 19 0.27709027204400627
2 21 0.27709027204400627
2 23 0.27709027204400627
2 24 0.3854056323762052
2 30 0.3586101580585819
2 26 0.25424474448664114
2 25 0.2592149848715053
2 27 0.29529505337268347
2 37 0.47503160758060403
2 48 0.3024279728415422
2 49 0.4050326627329923
2 54 0.18762269080616534
2 40 0.4050326627329923
2 60 0.31637100485386327
2 62 0.45075358904432505
2 67 0.42962347908178344
2 53 0.38700283970683813
2 41 0.19917860685382038
2 43 0.6054203161329497
2 55 0.4135076152451802
2 50 0.4135076152451802
2 63 0.38700283970683813
2 59 0.7569220828590915
2 38 0.5418844212545082
2 39 1.0
2 65 0.2935608543921262
2 58 0.34687230169947725
2 51 0.6233534318744205
2 56 0.30575347345438786
2 45 0.35644292926735943
2 52 0.06731926475185901
2 42 0.35540142690297216
2 64 0.27709027204400627
2 66 0.27709027204400627
2 61 0.27709027204400627
2 46 0.27709027204400627
2 47 0.27709027204400627
2 35 0.3854056323762052
2 36 0.3586101580585819
2 57 0.25424474448664114
2 44 0.2592149848715053
2 68 0.29529505337268347
3 4 0.5527444395702332
3 5 0.25420649826992303
3 6 0.2217073188512586
3 7 0.2217073188512586
3 8 0.5040126978419721
3 9 0.6008107714296784
3 10 0.5317359513574047
3 11 0.25420649826992303
3 12 0.3893711447599344
3 13 0.2874745794106275
3 14 0.6483584347879514
3 15 0.35035588766186265
3 33 0.5023610715870745
3 34 0.19211850210558623
3 32 0.6088799017015845
3 22 0.3304477705969475
3 20 0.5300208232947625
3 18 0.3304477705969475
3 31 0.5483746147947386
3 29 0.539732357050525
3 28 0.5744383452911279
3 17 -0.2644996251910925
3 16 0.35035588766186265
3 19 0.35035588766186265
3 21 0.35035588766186265
3 23 0.35035588766186265
3 24 0.4126917053363286
3 30 0.3768024728342425
3 26 -0.11397681228118017
3 25 -0.11389698387210956
3 27 0.31588994406774873
3 37 0.3546969128365163
3 48 0.6088799017015845
3 49 0.3304477705969475
3 54 0.5300208232947625
3 40 0.3304477705969475
3 60 0.6483584347879514
3 62 0.2874745794106275
3 67 0.3893711447599344
3 53 0.25420649826992303
3 41 0.6008107714296784
3 43 0.5040126978419721
3 55 0.2217073188512586
3 50 0.2217073188512586
3 63 0.25420649826992303
3 59 0.5527444395702332
3 38 1.0
3 39 0.5418844212545082
3 65 0.5483746147947386
3 58 0.5317359513574047
3 51 0.5023610715870745
3 56 0.539732357050525
3 45 0.5744383452911279
3 52 -0.2644996251910925
3 42 0.19211850210558623
3 64 0.35035588766186265
3 66 0.35035588766186265
3 61 0.35035588766186265
3 46 0.35035588766186265
3 47 0.35035588766186265
3 35 0.4126917053363286
3 36 0.3768024728342425
3 57 -0.11397681228118017
3 44 -0.11389698387210956
3 68 0.31588994406774873
4 5 0.5007089391874615
4 6 0.4436085612687748
4 7 0.4436085612687748
4 8 0.8189802203851286
4 9 0.40015433775261045
4 10 0.5356214403145714
4 11 0.5007089391874615
4 12 0.583266451198142
4 13 0.5825638035021257
4 14 0.522522330051288
4 15 0.4814579052545014
4 33 0.4532381896278821
4 34 0.16757021681405604
4 32 0.5279479654855095
4 22 0.5694169315684121
4 20 0.39590238977689296
4 18 0.5694169315684121
4 31 0.49950530810747296
4 29 0.5178516299056355
4 28 0.5847901929155341
4 17 0.09177089645527303
4 16 0.4814579052545014
4 19 0.4814579052545014
4 21 0.4814579052545014
4 23 0.4814579052545014
4 24 0.5509921591146849
4 30 0.5307613243057858
4 26 0.27837279468076304
4 25 0.28241243123920867
4 27 0.4702316751718172
4 37 0.3032923493592534
4 48 0.5279479654855095
4 49 0.5694169315684121
4 54 0.39590238977689296
4 40 0.5694169315684121
4 60 0.522522330051288
4 62 0.5825638035021257
4 67 0.583266451198142
4 53 0.5007089391874615
4 41 0.40015433775261045
4 43 0.8189802203851286
4 55 0.4436085612687748
4 50 0.4436085612687748
4 63 0.5007089391874615
4 59 1.0
4 38 0.5527444395702332
4 39 0.7569220828590915
4 65 0.49950530810747296
4 58 0.5356214403145714
4 51 0.4532381896278821
4 56 0.5178516299056355
4 45 0.5847901929155341
4 52 0.09177089645527303
4 42 0.16757021681405604
4 64 0.4814579052545014
4 66 0.4814579052545014
4 61 0.4814579052545014
4 46 0.4814579052545014
4 47 0.4814579052545014
4 35 0.5509921591146849
4 36 0.5307613243057858
4 57 0.27837279468076304
4 44 0.28241243123920867
4 68 0.4702316751718172
5 6 0.7480528698652051
5 7 0.7480528698652051
5 8 0.5067108297953382
5 9 0.25731902103871107
5 10 0.3817634176957654
5 11 1.0
5 12 0.6660280227661133
5 13 0.6439617045107298
5 14 0.31264253525296226
5 15 0.49890146208781516
5 33 0.3218028385890648
5 34 -0.0405726604803931
5 32 0.3287649168923963
5 22 0.6236363478237763
5 20 0.29933984630042687
5 18 0.6236363478237763
5 31 0.4028697260946501
5 29 0.42968151363311335
5 28 0.5155946136146667
5 17 0.36008472050889395
5 16 0.49890146208781516
5 19 0.49890146208781516
5 21 0.49890146208781516
5 23 0.49890146208781516
5 24 0.5341363366169389
5 30 0.5700362232746556
5 26 0.2781277309404686
5 25 0.27992931803601095
5 27 0.5686235255052452
5 37 0.06844595953589305
5 48 0.3287649168923963
5 49 0.6236363478237763
5 54 0.29933984630042687
5 40 0.6236363478237763
5 60 0.31264253525296226
5 62 0.6439617045107298
5 67 0.6660280227661133
5 53 1.0
5 41 0.25731902103871107
5 43 0.5067108297953382
5 55 0.7480528698652051
5 50 0.7480528698652051
5 63 1.0
5 59 0.5007089391874615
5 38 0.25420649826992303
5 39 0.38700283970683813
5 65 0.4028697260946501
5 58 0.3817634176957654
5 51 0.3218028385890648
5 56 0.42968151363311335
5 45 0.5155946136146667
5 52 0.36008472050889395
5 42 -0.0405726604803931
5 64 0.49890146208781516
5 66 0.49890146208781516
5 61 0.49890146208781516
5 46 0.49890146208781516
5 47 0.49890146208781516
5 35 0.5341363366169389
5 36 0.5700362232746556
5 57 0.2781277309404686
5 44 0.27992931803601095
5 68 0.5686235255052452
6 7 1.0
6 8 0.423033433733508
6 9 0.188834008469712
6 10 0.252433922039927
6 11 0.7480528698652051
6 12 0.5103891916223802
6 13 0.4796304788906127
6 14 0.24558764867833816
6 15 0.33362298006977653
6 33 0.3544433366623707
6 34 0.021839098975760862
6 32 0.26911979282158427
6 22 0.45669911365257576
6 20 0.17211800467339344
6 18 0.45669911365257576
6 31 0.2627170405758079
6 29 0.28223770193289965
6 28 0.42896152083267225
6 17 0.3153806157351937
6 16 0.33362298006977653
6 19 0.33362298006977653
6 21 0.33362298006977653
6 23 0.33362298006977653
6 24 0.45994801956112497
6 30 0.495671249111183
6 26 0.2566395310568623
6 25 0.26454273387935245
6 27 0.419696397097141
6 37 0.12034390744520351
6 48 0.26911979282158427
6 49 0.45669911365257576
6 54 0.17211800467339344
6 40 0.45669911365257576
6 60 0.24558764867833816
6 62 0.4796304788906127
6 67 0.5103891916223802
6 53 0.7480528698652051
6 41 0.188834008469712
6 43 0.423033433733508
6 55 1.0
6 50 1.0
6 63 0.7480528698652051
6 59 0.4436085612687748
6 38 0.2217073188512586
6 39 0.4135076152451802
6 65 0.2627170405758079
6 58 0.252433922039927
6 51 0.3544433366623707
6 56 0.28223770193289965
6 45 0.42896152083267225
6 52 0.3153806157351937
6 42 0.021839098975760862
6 64 0.33362298006977653
6 66 0.33362298006977653
6 61 0.33362298006977653
6 46 0.33362298006977653
6 47 0.33362298006977653
6 35 0.45994801956112497
6 36 0.495671249111183
6 57 0.2566395310568623
6 44 0.26454273387935245
6 68 0.419696397097141
7 8 0.423033433733508
7 9 0.188834008469712
7 10 0.252433922039927
7 11 0.7480528698652051
7 12 0.5103891916223802
7 13 0.4796304788906127
7 14 0.24558764867833816
7 15 0.33362298006977653
7 33 0.3544433366623707
7 34 0.021839098975760862
7 32 0.26911979282158427
7 22 0.45669911365257576
7 20 0.17211800467339344
7 18 0.45669911365257576
7 31 0.2627170405758079
7 29 0.28223770193289965
7 28 0.42896152083267225
7 17 0.3153806157351937
7 16 0.33362298006977653
7 19 0.33362298006977653
7 21 0.33362298006977653
7 23 0.33362298006977653
7 24 0.45994801956112497
7 30 0.495671249111183
7 26 0.2566395310568623
7 25 0.26454273387935245
7 27 0.419696397097141
7 37 0.12034390744520351
7 48 0.26911979282158427
7 49 0.45669911365257576
7 54 0.17211800467339344
7 40 0.45669911365257576
7 60 0.24558764867833816
7 62 0.4796304788906127
7 67 0.5103891916223802
7 53 0.7480528698652051
7 41 0.188834008469712
7 43 0.423033433733508
7 55 1.0
7 50 1.0
7 63 0.7480528698652051
7 59 0.4436085612687748
7 38 0.2217073188512586
7 39 0.4135076152451802
7 65 0.2627170405758079
7 58 0.252433922039927
7 51 0.3544433366623707
7 56 0.28223770193289965
7 45 0.42896152083267225
7 52 0.3153806157351937
7 42 0.021839098975760862
7 64 0.33362298006977653
7 66 0.33362298006977653
7 61 0.33362298006977653
7 46 0.33362298006977653
7 47 0.33362298006977653
7 35 0.45994801956112497
7 36 0.495671249111183
7 57 0.2566395310568623
7 44 0.26454273387935245
7 68 0.419696397097141
8 9 0.5033818477531895
8 10 0.6539068860729458
8 11 0.5067108297953382
8 12 0.6392412448185496
8 13 0.6633511222316884
8 14 0.5645960219553672
8 15 0.5930547700481839
8 33 0.32787428444135003
8 34 0.031541329371975735
8 32 0.47567897479166277
8 22 0.6801873805816285
8 20 0.48781388337374665
8 18 0.6801873805816285
8 31 0.6382429584919009
8 29 0.6556886694743298
8 28 0.6889413869284908
8 17 0.11215370587888174
8 16 0.5930547700481839
8 19 0.5930547700481839
8 21 0.5930547700481839
8 23 0.5930547700481839
8 24 0.5451330461946782
8 30 0.589165088487789
8 26 0.3073349178011995
8 25 0.2865720516492729
8 27 0.5574944047330064
8 37 0.16503506974549964
8 48 0.47567897479166277
8 49 0.6801873805816285
8 54 0.48781388337374665
8 40 0.6801873805816285
8 60 0.5645960219553672
8 62 0.6633511222316884
8 67 0.6392412448185496
8 53 0.5067108297953382
8 41 0.5033818477531895
8 43 1.0
8 55 0.423033433733508
8 50 0.423033433733508
8 63 0.5067108297953382
8 59 0.8189802203851286
8 38 0.5040126978419721
8 39 0.6054203161329497
8 65 0.6382429584919009
8 58 0.6539068860729458
8 51 0.32787428444135003
8 56 0.6556886694743298
8 45 0.6889413869284908
8 52 0.11215370587888174
8 42 0.031541329371975735
8 64 0.5930547700481839
8 66 0.5930547700481839
8 61 0.5930547700481839
8 46 0.5930547700481839
8 47 0.5930547700481839
8 35 0.5451330461946782
8 36 0.589165088487789
8 57 0.3073349178011995
8 44 0.2865720516492729
8 68 0.5574944047330064
9 10 0.6479648978129262
9 11 0.25731902103871107
9 12 0.42144381353864446
9 13 0.3368468591943383
9 14 0.8423189088935032
9 15 0.4111446900278679
9 33 0.13527068102848716
9 34 -0.19848072357126512
9 32 0.7186079932725988
9 22 0.37989618798019364
9 20 0.8512879660120234
9 18 0.37989618798019364
9 31 0.7175007128098514
9 29 0.6941729766549543
9 28 0.6344305063757929
9 17 -0.2681326674937736
9 16 0.4111446900278679
9 19 0.4111446900278679
9 21 0.4111446900278679
9 23 0.4111446900278679
9 24 0.38060518584097736
9 30 0.4064991334453225
9 26 -0.10929041364579462
9 25 -0.115226463523868
9 27 0.37398628984374227
9 37 -0.0162769618909806
9 48 0.7186079932725988
9 49 0.37989618798019364
9 54 0.8512879660120234
9 40 0.37989618798019364
9 60 0.8423189088935032
9 62 0.3368468591943383
9 67 0.42144381353864446
9 53 0.25731902103871107
9 41 1.0
9 43 0.5033818477531895
9 55 0.188834008469712
9 50 0.188834008469712
9 63 0.25731902103871107
9 59 0.40015433775261045
9 38 0.6008107714296784
9 39 0.19917860685382038
9 65 0.7175007128098514
9 58 0.6479648978129262
9 51 0.13527068102848716
9 56 0.6941729766549543
9 45 0.6344305063757929
9 52 -0.2681326674937736
9 42 -0.19848072357126512
9 64 0.4111446900278679
9 66 0.4111446900278679
9 61 0.4111446900278679
9 46 0.4111446900278679
9 47 0.4111446900278679
9 35 0.38060518584097736
9 36 0.4064991334453225
9 57 -0.10929041364579462
9 44 -0.115226463523868
9 68 0.37398628984374227
10 11 0.3817634176957654
10 12 0.6205351152020739
10 13 0.6090500486461679
10 14 0.5777165815088665
10 15 0.6335001994812046
10 33 0.23103752337920014
10 34 -0.05230719731480349
10 32 0.4849660970066907
10 22 0.6227187495242106
10 20 0.5944380327564431
10 18 0.6227187495242106
10 31 0.867799701882177
10 29 0.85262275027344
10 28 0.7520443338726182
10 17 0.0422507127514109
10 16 0.6335001994812046
10 19 0.6335001994812046
10 21 0.6335001994812046
10 23 0.6335001994812046
10 24 0.42369526893889997
10 30 0.4804309602623107
10 26 0.10540748879429884
10 25 0.1028704327181913
10 27 0.5887193245798699
10 37 0.042889122050837614
10 48 0.4849660970066907
10 49 0.6227187495242106
10 54 0.5944380327564431
10 40 0.6227187495242106
10 60 0.5777165815088665
10 62 0.6090500486461679
10 67 0.6205351152020739
10 53 0.3817634176957654
10 41 0.6479648978129262
10 43 0.6539068860729458
10 55 0.252433922039927
10 50 0.252433922039927
10 63 0.3817634176957654
10 59 0.5356214403145714
10 38 0.5317359513574047
10 39 0.34687230169947725
10 65 0.867799701882177
10 58 1.0
10 51 0.23103752337920014
10 56 0.85262275027344
10 45 0.7520443338726182
10 52 0.0422507127514109
10 42 -0.05230719731480349
10 64 0.6335001994812046
10 66 0.6335001994812046
10 61 0.6335001994812046
10 46 0.6335001994812046
10 47 0.6335001994812046
10 35 0.42369526893889997
10 36 0.4804309602623107
10 57 0.10540748879429884
10 44 0.1028704327181913
10 68 0.5887193245798699
11 12 0.6660280227661133
11 13 0.6439617045107298
11 14 0.31264253525296226
11 15 0.49890146208781516
11 33 0.3218028385890648
11 34 -0.0405726604803931
11 32 0.3287649168923963
11 22 0.6236363478237763
11 20 0.29933984630042687
11 18 0.6236363478237763
11 31 0.4028697260946501
11 29 0.42968151363311335
11 28 0.5155946136146667
11 17 0.36008472050889395
11 16 0.49890146208781516
11 19 0.49890146208781516
11 21 0.49890146208781516
11 23 0.49890146208781516
11 24 0.5341363366169389
11 30 0.5700362232746556
11 26 0.2781277309404686
11 25 0.27992931803601095
11 27 0.5686235255052452
11 37 0.06844595953589305
11 48 0.3287649168923963
11 49 0.6236363478237763
11 54 0.29933984630042687
11 40 0.6236363478237763
11 60 0.31264253525296226
11 62 0.6439617045107298
11 67 0.6660280227661133
11 53 1.0
11 41 0.25731902103871107
11 43 0.5067108297953382
11 55 0.7480528698652051
11 50 0.7480528698652051
11 63 1.0
11 59 0.5007089391874615
11 38 0.25420649826992303
11 39 0.38700283970683813
11 65 0.4028697260946501
11 58 0.3817634176957654
11 51 0.3218028385890648
11 56 0.42968151363311335
11 45 0.5155946136146667
11 52 0.36008472050889395
11 42 -0.0405726604803931
11 64 0.49890146208781516
11 66 0.49890146208781516
11 61 0.49890146208781516
11 46 0.49890146208781516
11 47 0.49890146208781516
11 35 0.5341363366169389
11 36 0.5700362232746556
11 57 0.2781277309404686
11 44 0.27992931803601095
11 68 0.5686235255052452
12 13 0.8005325176636688
12 14 0.43210098904091865
12 15 0.6614084686952992
12 33 0.32305480574723333
12 34 0.016518862947123125
12 32 0.341543532529613
12 22 0.8068543802946806
12 20 0.44911903014872223
12 18 0.8068543802946806
12 31 0.5614580139808822
12 29 0.5649180241744034
12 28 0.5357790480993572
12 17 0.1611793935589958
12 16 0.6614084686952992
12 19 0.6614084686952992
12 21 0.6614084686952992
12 23 0.6614084686952992
12 24 0.5485234324878547
12 30 0.5892513064318337
12 26 0.18225342559162527
12 25 0.17595139254262904
12 27 0.6681880683245254
12 37 0.10920468298718333
12 48 0.341543532529613
12 49 0.8068543802946806
12 54 0.44911903014872223
12 40 0.8068543802946806
12 60 0.43210098904091865
12 62 0.8005325176636688
12 67 1.0
12 53 0.6660280227661133
12 41 0.42144381353864446
12 43 0.6392412448185496
12 55 0.5103891916223802
12 50 0.5103891916223802
12 63 0.6660280227661133
12 59 0.583266451198142
12 38 0.3893711447599344
12 39 0.42962347908178344
12 65 0.5614580139808822
12 58 0.6205351152020739
12 51 0.32305480574723333
12 56 0.5649180241744034
12 45 0.5357790480993572
12 52 0.1611793935589958
12 42 0.016518862947123125
12 64 0.6614084686952992
12 66 0.6614084686952992
12 61 0.6614084686952992
12 46 0.6614084686952992
12 47 0.6614084686952992
12 35 0.5485234324878547
12 36 0.5892513064318337
12 57 0.18225342559162527
12 44 0.17595139254262904
12 68 0.6681880683245254
13 14 0.35711048933444545
13 15 0.7298858926733374
13 33 0.27767622662940994
13 34 -0.0269838928070385
13 32 0.29915932918083854
13 22 0.9159416814218275
13 20 0.3534689010703005
13 18 0.9159416814218275
13 31 0.5553528123709839
13 29 0.5588408367475495
13 28 0.5456109438600834
13 17 0.2311714899551589
13 16 0.7298858926733374
13 19 0.7298858926733374
13 21 0.7298858926733374
13 23 0.7298858926733374
13 24 0.6223544802342076
13 30 0.657672262925189
13 26 0.2547969867591746
13 25 0.23613127400312806
13 27 0.7592324666984496
13 37 0.06865581264719367
13 48 0.29915932918083854
13 49 0.9159416814218275
13 54 0.3534689010703005
13 40 0.9159416814218275
13 60 0.35711048933444545
13 62 1.0
13 67 0.8005325176636688
13 53 0.6439617045107298
13 41 0.3368468591943383
13 43 0.6633511222316884
13 55 0.4796304788906127
13 50 0.4796304788906127
13 63 0.6439617045107298
13 59 0.5825638035021257
13 38 0.2874745794106275
13 39 0.45075358904432505
13 65 0.5553528123709839
13 58 0.6090500486461679
13 51 0.27767622662940994
13 56 0.5588408367475495
13 45 0.5456109438600834
13 52 0.2311714899551589
13 42 -0.0269838928070385
13 64 0.7298858926733374
13 66 0.7298858926733374
13 61 0.7298858926733374
13 46 0.7298858926733374
13 47 0.7298858926733374
13 35 0.6223544802342076
13 36 0.657672262925189
13 57 0.2547969867591746
13 44 0.23613127400312806
13 68 0.7592324666984496
14 15 0.39689360639749793
14 33 0.2412095838226378
14 34 -0.10008459648815915
14 32 0.7584777805604972
14 22 0.399794188211672
14 20 0.8585999054485001
14 18 0.399794188211672
14 31 0.6600697467220016
14 29 0.6637874272128101
14 28 0.6455129800233408
14 17 -0.2206645256956108
14 16 0.39689360639749793
14 19 0.39689360639749793
14 21 0.39689360639749793
14 23 0.39689360639749793
14 24 0.4585139396949671
14 30 0.4236884507990908
14 26 -0.06449103087652475
14 25 -0.07625779337104177
14 27 0.36389403840439627
14 37 0.0900492149812635
14 48 0.7584777805604972
14 49 0.399794188211672
14 54 0.8585999054485001
14 40 0.399794188211672
14 60 1.0
14 62 0.35711048933444545
14 67 0.43210098904091865
14 53 0.31264253525296226
14 41 0.8423189088935032
14 43 0.5645960219553672
14 55 0.24558764867833816
14 50 0.24558764867833816
14 63 0.31264253525296226
14 59 0.522522330051288
14 38 0.6483584347879514
14 39 0.31637100485386327
14 65 0.6600697467220016
14 58 0.5777165815088665
14 51 0.2412095838226378
14 56 0.6637874272128101
14 45 0.6455129800233408
14 52 -0.2206645256956108
14 42 -0.10008459648815915
14 64 0.39689360639749793
14 66 0.39689360639749793
14 61 0.39689360639749793
14 46 0.39689360639749793
14 47 0.39689360639749793
14 35 0.4585139396949671
14 36 0.4236884507990908
14 57 -0.06449103087652475
14 44 -0.07625779337104177
14 68 0.36389403840439627
15 33 0.22166595246380894
15 34 -0.11284924759092974
15 32 0.36187037615309237
15 22 0.7799088313113316
15 20 0.39340806117252214
15 18 0.7799088313113316
15 31 0.6075200499544735
15 29 0.6190990161485388
15 28 0.6120901089452673
15 17 0.1154659390085726
15 16 1.0
15 19 1.0
15 21 1.0
15 23 1.0
15 24 0.7296507196006132
15 30 0.7878949770456529
15 26 0.08151467478455743
15 25 0.06105034828942735
15 27 0.8750683864636812
15 37 -0.027278294241114054
15 48 0.36187037615309237
15 49 0.7799088313113316
15 54 0.39340806117252214
15 40 0.7799088313113316
15 60 0.39689360639749793
15 62 0.7298858926733374
15 67 0.6614084686952992
15 53 0.49890146208781516
15 41 0.4111446900278679
15 43 0.5930547700481839
15 55 0.33362298006977653
15 50 0.33362298006977653
15 63 0.49890146208781516
15 59 0.4814579052545014
15 38 0.35035588766186265
15 39 0.27709027204400627
15 65 0.6075200499544735
15 58 0.6335001994812046
15 51 0.22166595246380894
15 56 0.6190990161485388
15 45 0.6120901089452673
15 52 0.1154659390085726
15 42 -0.11284924759092974
15 64 1.0
15 66 1.0
15 61 1.0
15 46 1.0
15 47 1.0
15 35 0.7296507196006132
15 36 0.7878949770456529
15 57 0.08151467478455743
15 44 0.06105034828942735
15 68 0.8750683864636812
33 34 0.5928883801243501
33 32 0.26805035982397385
33 22 0.2678485665237531
33 20 0.11334095831261948
33 18 0.2678485665237531
33 31 0.25574817054439336
33 29 0.2739334926009178
33 28 0.36940192411566386
33 17 -0.10542199281917419
33 16 0.22166595246380894
33 19 0.22166595246380894
33 21 0.22166595246380894
33 23 0.22166595246380894
33 24 0.38041708210948855
33 30 0.33324913535034284
33 26 0.050637763750273734
33 25 0.044427802320569754
33 27 0.24925471639289754
33 37 0.5985874259786215
33 48 0.26805035982397385
33 49 0.2678485665237531
33 54 0.11334095831261948
33 40 0.2678485665237531
33 60 0.2412095838226378
33 62 0.27767622662940994
33 67 0.32305480574723333
33 53 0.3218028385890648
33 41 0.13527068102848716
33 43 0.32787428444135003
33 55 0.3544433366623707
33 50 0.3544433366623707
33 63 0.3218028385890648
33 59 0.4532381896278821
33 38 0.5023610715870745
33 39 0.6233534318744205
33 65 0.25574817054439336
33 58 0.23103752337920014
33 51 1.0
33 56 0.2739334926009178
33 45 0.36940192411566386
33 52 -0.10542199281917419
33 42 0.5928883801243501
33 64 0.22166595246380894
33 66 0.22166595246380894
33 61 0.22166595246380894
33 46 0.22166595246380894
33 47 0.22166595246380894
33 35 0.38041708210948855
33 36 0.33324913535034284
33 57 0.050637763750273734
33 44 0.044427802320569754
33 68 0.24925471639289754
34 32 -0.10485319283907302
34 22 -0.05323860837961547
34 20 -0.22661212051752955
34 18 -0.05323860837961547
34 31 -0.06490299609140493
34 29 -0.05822300078580156
34 28 -0.010921806388068944
34 17 -0.0756734250462614
34 16 -0.11284924759092974
34 19 -0.11284924759092974
34 21 -0.11284924759092974
34 23 -0.11284924759092974
34 24 0.017150880390545353
34 30 -0.01304352137958631
34 26 0.029619075066875666
34 25 0.03615178578183986
34 27 -0.08812765735638095
34 37 0.6999199680867605
34 48 -0.10485319283907302
34 49 -0.05323860837961547
34 54 -0.22661212051752955
34 40 -0.05323860837961547
34 60 -0.10008459648815915
34 62 -0.0269838928070385
34 67 0.016518862947123125
34 53 -0.0405726604803931
34 41 -0.19848072357126512
34 43 0.031541329371975735
34 55 0.021839098975760862
34 50 0.021839098975760862
34 63 -0.0405726604803931
34 59 0.16757021681405604
34 38 0.19211850210558623
34 39 0.35540142690297216
34 65 -0.06490299609140493
34 58 -0.05230719731480349
34 51 0.5928883801243501
34 56 -0.05822300078580156
34 45 -0.010921806388068944
34 52 -0.0756734250462614
34 42 1.0
34 64 -0.11284924759092974
34 66 -0.11284924759092974
34 61 -0.11284924759092974
34 46 -0.11284924759092974
34 47 -0.11284924759092974
34 35 0.017150880390545353
34 36 -0.01304352137958631
34 57 0.029619075066875666
34 44 0.03615178578183986
34 68 -0.08812765735638095
32 22 0.33093064322019927
32 20 0.6705920025124215
32 18 0.33093064322019927
32 31 0.5453193589055445
32 29 0.571500169520732
32 28 0.6534169943697634
32 17 -0.24944261790369637
32 16 0.36187037615309237
32 19 0.36187037615309237
32 21 0.36187037615309237
32 23 0.36187037615309237
32 24 0.49871764244744554
32 30 0.44441516473307274
32 26 -0.09369523517671041
32 25 -0.09782210765843047
32 27 0.35272588831867324
32 37 0.08798689732793719
32 48 1.0
32 49 0.33093064322019927
32 54 0.6705920025124215
32 40 0.33093064322019927
32 60 0.7584777805604972
32 62 0.29915932918083854
32 67 0.341543532529613
32 53 0.3287649168923963
32 41 0.7186079932725988
32 43 0.47567897479166277
32 55 0.26911979282158427
32 50 0.26911979282158427
32 63 0.3287649168923963
32 59 0.5279479654855095
32 38 0.6088799017015845
32 39 0.3024279728415422
32 65 0.5453193589055445
32 58 0.4849660970066907
32 51 0.26805035982397385
32 56 0.571500169520732
32 45 0.6534169943697634
32 52 -0.24944261790369637
32 42 -0.10485319283907302
32 64 0.36187037615309237
32 66 0.36187037615309237
32 61 0.36187037615309237
32 46 0.36187037615309237
32 47 0.36187037615309237
32 35 0.49871764244744554
32 36 0.44441516473307274
32 57 -0.09369523517671041
32 44 -0.09782210765843047
32 68 0.35272588831867324
22 20 0.39683813916053623
22 18 1.0
22 31 0.5936132073693443
22 29 0.6053537295083515
22 28 0.579334894537169
22 17 0.17436571794678457
22 16 0.7799088313113316
22 19 0.7799088313113316
22 21 0.7799088313113316
22 23 0.7799088313113316
22 24 0.6492711928731296
22 30 0.6730561493313871
22 26 0.1966200373135507
22 25 0.17636061917437473
22 27 0.7770134912643698
22 37 0.06028904649429023
22 48 0.33093064322019927
22 49 1.0
22 54 0.39683813916053623
22 40 1.0
22 60 0.399794188211672
22 62 0.9159416814218275
22 67 0.8068543802946806
22 53 0.6236363478237763
22 41 0.37989618798019364
22 43 0.6801873805816285
22 55 0.45669911365257576
22 50 0.45669911365257576
22 63 0.6236363478237763
22 59 0.5694169315684121
22 38 0.3304477705969475
22 39 0.4050326627329923
22 65 0.5936132073693443
22 58 0.6227187495242106
22 51 0.2678485665237531
22 56 0.6053537295083515
22 45 0.579334894537169
22 52 0.17436571794678457
22 42 -0.05323860837961547
22 64 0.7799088313113316
22 66 0.7799088313113316
22 61 0.7799088313113316
22 46 0.7799088313113316
22 47 0.7799088313113316
22 35 0.6492711928731296
22 36 0.6730561493313871
22 57 0.1966200373135507
22 44 0.17636061917437473
22 68 0.7770134912643698
20 18 0.39683813916053623
20 31 0.6631473054876551
20 29 0.6638923086284194
20 28 0.5787892438456765
20 17 -0.2329278722172603
20 16 0.39340806117252214
20 19 0.39340806117252214
20 21 0.39340806117252214
20 23 0.39340806117252214
20 24 0.33629911788739264
20 30 0.3522039142262656
20 26 -0.08827144798124209
20 25 -0.09416571360634407
20 27 0.3599440355101251
20 37 -0.03630073388922028
20 48 0.6705920025124215
20 49 0.39683813916053623
20 54 1.0
20 40 0.39683813916053623
20 60 0.8585999054485001
20 62 0.3534689010703005
20 67 0.44911903014872223
20 53 0.29933984630042687
20 41 0.8512879660120234
20 43 0.48781388337374665
20 55 0.17211800467339344
20 50 0.17211800467339344
20 63 0.29933984630042687
20 59 0.39590238977689296
20 38 0.5300208232947625
20 39 0.18762269080616534
20 65 0.6631473054876551
20 58 0.5944380327564431
20 51 0.11334095831261948
20 56 0.6638923086284194
20 45 0.5787892438456765
20 52 -0.2329278722172603
20 42 -0.22661212051752955
20 64 0.39340806117252214
20 66 0.39340806117252214
20 61 0.39340806117252214
20 46 0.39340806117252214
20 47 0.39340806117252214
20 35 0.33629911788739264
20 36 0.3522039142262656
20 57 -0.08827144798124209
20 44 -0.09416571360634407
20 68 0.3599440355101251
18 31 0.5936132073693443
18 29 0.6053537295083515
18 28 0.579334894537169
18 17 0.17436571794678457
18 16 0.7799088313113316
18 19 0.7799088313113316
18 21 0.7799088313113316
18 23 0.7799088313113316
18 24 0.6492711928731296
18 30 0.6730561493313871
18 26 0.1966200373135507
18 25 0.17636061917437473
18 27 0.7770134912643698
18 37 0.06028904649429023
18 48 0.33093064322019927
18 49 1.0
18 54 0.39683813916053623
18 40 1.0
18 60 0.399794188211672
18 62 0.9159416814218275
18 67 0.8068543802946806
18 53 0.6236363478237763
18 41 0.37989618798019364
18 43 0.6801873805816285
18 55 0.45669911365257576
18 50 0.45669911365257576
18 63 0.6236363478237763
18 59 0.5694169315684121
18 38 0.3304477705969475
18 39 0.4050326627329923
18 65 0.5936132073693443
18 58 0.6227187495242106
18 51 0.2678485665237531
18 56 0.6053537295083515
18 45 0.579334894537169
18 52 0.17436571794678457
18 42 -0.05323860837961547
18 64 0.7799088313113316
18 66 0.7799088313113316
18 61 0.7799088313113316
18 46 0.7799088313113316
18 47 0.7799088313113316
18 35 0.6492711928731296
18 36 0.6730561493313871
18 57 0.1966200373135507
18 44 0.17636061917437473
18 68 0.7770134912643698
31 29 0.9539460380037781
31 28 0.7958044368424453
31 17 -0.05248587569803931
31 16 0.6075200499544735
31 19 0.6075200499544735
31 21 0.6075200499544735
31 23 0.6075200499544735
31 24 0.47570052414084785
31 30 0.5255471259297337
31 26 0.07357300323201343
31 25 0.05771388695575297
31 27 0.5733669924738933
31 37 0.05297677349881269
31 48 0.5453193589055445
31 49 0.5936132073693443
31 54 0.6631473054876551
31 40 0.5936132073693443
31 60 0.6600697467220016
31 62 0.5553528123709839
31 67 0.5614580139808822
31 53 0.4028697260946501
31 41 0.7175007128098514
31 43 0.6382429584919009
31 55 0.2627170405758079
31 50 0.2627170405758079
31 63 0.4028697260946501
31 59 0.49950530810747296
31 38 0.5483746147947386
31 39 0.2935608543921262
31 65 1.0
31 58 0.867799701882177
31 51 0.25574817054439336
31 56 0.9539460380037781
31 45 0.7958044368424453
31 52 -0.05248587569803931
31 42 -0.06490299609140493
31 64 0.6075200499544735
31 66 0.6075200499544735
31 61 0.6075200499544735
31 46 0.6075200499544735
31 47 0.6075200499544735
31 35 0.47570052414084785
31 36 0.5255471259297337
31 57 0.07357300323201343
31 44 0.05771388695575297
31 68 0.5733669924738933
29 28 0.8303532622521743
29 17 -0.04625802414375357
29 16 0.6190990161485388
29 19 0.6190990161485388
29 21 0.6190990161485388
29 23 0.6190990161485388
29 24 0.49943269044160843
29 30 0.5418339782045223
29 26 0.07523175823735073
29 25 0.060125657357275486
29 27 0.5716611076859408
29 37 0.06402313755825162
29 48 0.571500169520732
29 49 0.6053537295083515
29 54 0.6638923086284194
29 40 0.6053537295083515
29 60 0.6637874272128101
29 62 0.5588408367475495
29 67 0.5649180241744034
29 53 0.42968151363311335
29 41 0.6941729766549543
29 43 0.6556886694743298
29 55 0.28223770193289965
29 50 0.28223770193289965
29 63 0.42968151363311335
29 59 0.5178516299056355
29 38 0.539732357050525
29 39 0.30575347345438786
29 65 0.9539460380037781
29 58 0.85262275027344
29 51 0.2739334926009178
29 56 1.0
29 45 0.8303532622521743
29 52 -0.04625802414375357
29 42 -0.05822300078580156
29 64 0.6190990161485388
29 66 0.6190990161485388
29 61 0.6190990161485388
29 46 0.6190990161485388
29 47 0.6190990161485388
29 35 0.49943269044160843
29 36 0.5418339782045223
29 57 0.07523175823735073
29 44 0.060125657357275486
29 68 0.5716611076859408
28 17 -0.01032740413211286
28 16 0.6120901089452673
28 19 0.6120901089452673
28 21 0.6120901089452673
28 23 0.6120901089452673
28 24 0.6230067581418552
28 30 0.6452042164819431
28 26 0.12827172642573714
28 25 0.10497643559938297
28 27 0.5984106897085439
28 37 0.10218125319079263
28 48 0.6534169943697634
28 49 0.579334894537169
28 54 0.5787892438456765
28 40 0.579334894537169
28 60 0.6455129800233408
28 62 0.5456109438600834
28 67 0.5357790480993572
28 53 0.5155946136146667
28 41 0.6344305063757929
28 43 0.6889413869284908
28 55 0.42896152083267225
28 50 0.42896152083267225
28 63 0.5155946136146667
28 59 0.5847901929155341
28 38 0.5744383452911279
28 39 0.35644292926735943
28 65 0.7958044368424453
28 58 0.7520443338726182
28 51 0.36940192411566386
28 56 0.8303532622521743
28 45 1.0
28 52 -0.01032740413211286
28 42 -0.010921806388068944
28 64 0.6120901089452673
28 66 0.6120901089452673
28 61 0.6120901089452673
28 46 0.6120901089452673
28 47 0.6120901089452673
28 35 0.6230067581418552
28 36 0.6452042164819431
28 57 0.12827172642573714
28 44 0.10497643559938297
28 68 0.5984106897085439
17 16 0.1154659390085726
17 19 0.1154659390085726
17 21 0.1154659390085726
17 23 0.1154659390085726
17 24 0.026229881041217595
17 30 0.07984087415388785
17 26 0.35905736485437956
17 25 0.3589166981546441
17 27 0.18467544936720515
17 37 -0.1505211475014221
17 48 -0.24944261790369637
17 49 0.17436571794678457
17 54 -0.2329278722172603
17 40 0.17436571794678457
17 60 -0.2206645256956108
17 62 0.2311714899551589
17 67 0.1611793935589958
17 53 0.36008472050889395
17 41 -0.2681326674937736
17 43 0.11215370587888174
17 55 0.3153806157351937
17 50 0.3153806157351937
17 63 0.36008472050889395
17 59 0.09177089645527303
17 38 -0.2644996251910925
17 39 0.06731926475185901
17 65 -0.05248587569803931
17 58 0.0422507127514109
17 51 -0.10542199281917419
17 56 -0.04625802414375357
17 45 -0.01032740413211286
17 52 1.0
17 42 -0.0756734250462614
17 64 0.1154659390085726
17 66 0.1154659390085726
17 61 0.1154659390085726
17 46 0.1154659390085726
17 47 0.1154659390085726
17 35 0.026229881041217595
17 36 0.07984087415388785
17 57 0.35905736485437956
17 44 0.3589166981546441
17 68 0.18467544936720515
16 19 1.0
16 21 1.0
16 23 1.0
16 24 0.7296507196006132
16 30 0.7878949770456529
16 26 0.08151467478455743
16 25 0.06105034828942735
16 27 0.8750683864636812
16 37 -0.027278294241114054
16 48 0.36187037615309237
16 49 0.7799088313113316
16 54 0.39340806117252214
16 40 0.7799088313113316
16 60 0.39689360639749793
16 62 0.7298858926733374
16 67 0.6614084686952992
16 53 0.49890146208781516
16 41 0.4111446900278679
16 43 0.5930547700481839
16 55 0.33362298006977653
16 50 0.33362298006977653
16 63 0.49890146208781516
16 59 0.4814579052545014
16 38 0.35035588766186265
16 39 0.27709027204400627
16 65 0.6075200499544735
16 58 0.6335001994812046
16 51 0.22166595246380894
16 56 0.6190990161485388
16 45 0.6120901089452673
16 52 0.1154659390085726
16 42 -0.11284924759092974
16 64 1.0
16 66 1.0
16 61 1.0
16 46 1.0
16 47 1.0
16 35 0.7296507196006132
16 36 0.7878949770456529
16 57 0.08151467478455743
16 44 0.06105034828942735
16 68 0.8750683864636812
19 21 1.0
19 23 1.0
19 24 0.7296507196006132
19 30 0.7878949770456529
19 26 0.08151467478455743
19 25 0.06105034828942735
19 27 0.8750683864636812
19 37 -0.027278294241114054
19 48 0.36187037615309237
19 49 0.7799088313113316
19 54 0.39340806117252214
19 40 0.7799088313113316
19 60 0.39689360639749793
19 62 0.7298858926733374
19 67 0.6614084686952992
19 53 0.49890146208781516
19 41 0.4111446900278679
19 43 0.5930547700481839
19 55 0.33362298006977653
19 50 0.33362298006977653
19 63 0.49890146208781516
19 59 0.4814579052545014
19 38 0.35035588766186265
19 39 0.27709027204400627
19 65 0.6075200499544735
19 58 0.6335001994812046
19 51 0.22166595246380894
19 56 0.6190990161485388
19 45 0.6120901089452673
19 52 0.1154659390085726
19 42 -0.11284924759092974
19 64 1.0
19 66 1.0
19 61 1.0
19 46 1.0
19 47 1.0
19 35 0.7296507196006132
19 36 0.7878949770456529
19 57 0.08151467478455743
19 44 0.06105034828942735
19 68 0.8750683864636812
21 23 1.0
21 24 0.7296507196006132
21 30 0.7878949770456529
21 26 0.08151467478455743
21 25 0.06105034828942735
21 27 0.8750683864636812
21 37 -0.027278294241114054
21 48 0.36187037615309237
21 49 0.7799088313113316
21 54 0.39340806117252214
21 40 0.7799088313113316
21 60 0.39689360639749793
21 62 0.7298858926733374
21 67 0.6614084686952992
21 53 0.49890146208781516
21 41 0.4111446900278679
21 43 0.5930547700481839
21 55 0.33362298006977653
21 50 0.33362298006977653
21 63 0.49890146208781516
21 59 0.4814579052545014
21 38 0.35035588766186265
21 39 0.27709027204400627
21 65 0.6075200499544735
21 58 0.6335001994812046
21 51 0.22166595246380894
21 56 0.6190990161485388
21 45 0.6120901089452673
21 52 0.1154659390085726
21 42 -0.11284924759092974
21 64 1.0
21 66 1.0
21 61 1.0
21 46 1.0
21 47 1.0
21 35 0.7296507196006132
21 36 0.7878949770456529
21 57 0.08151467478455743
21 44 0.06105034828942735
21 68 0.8750683864636812
23 24 0.7296507196006132
23 30 0.7878949770456529
23 26 0.08151467478455743
23 25 0.06105034828942735
23 27 0.8750683864636812
23 37 -0.027278294241114054
23 48 0.36187037615309237
23 49 0.7799088313113316
23 54 0.39340806117252214
23 40 0.7799088313113316
23 60 0.39689360639749793
23 62 0.7298858926733374
23 67 0.6614084686952992
23 53 0.49890146208781516
23 41 0.4111446900278679
23 43 0.5930547700481839
23 55 0.33362298006977653
23 50 0.33362298006977653
23 63 0.49890146208781516
23 59 0.4814579052545014
23 38 0.35035588766186265
23 39 0.27709027204400627
23 65 0.6075200499544735
23 58 0.6335001994812046
23 51 0.22166595246380894
23 56 0.6190990161485388
23 45 0.6120901089452673
23 52 0.1154659390085726
23 42 -0.11284924759092974
23 64 1.0
23 66 1.0
23 61 1.0
23 46 1.0
23 47 1.0
23 35 0.7296507196006132
23 36 0.7878949770456529
23 57 0.08151467478455743
23 44 0.06105034828942735
23 68 0.8750683864636812
24 30 0.8550924625305925
24 26 0.06133239940390922
24 25 0.04086807290877914
24 27 0.7381881846813485
24 37 0.08131831270293333
24 48 0.49871764244744554
24 49 0.6492711928731296
24 54 0.33629911788739264
24 40 0.6492711928731296
24 60 0.4585139396949671
24 62 0.6223544802342076
24 67 0.5485234324878547
24 53 0.5341363366169389
24 41 0.38060518584097736
24 43 0.5451330461946782
24 55 0.45994801956112497
24 50 0.45994801956112497
24 63 0.5341363366169389
24 59 0.5509921591146849
24 38 0.4126917053363286
24 39 0.3854056323762052
24 65 0.47570052414084785
24 58 0.42369526893889997
24 51 0.38041708210948855
24 56 0.49943269044160843
24 45 0.6230067581418552
24 52 0.026229881041217595
24 42 0.017150880390545353
24 64 0.7296507196006132
24 66 0.7296507196006132
24 61 0.7296507196006132
24 46 0.7296507196006132
24 47 0.7296507196006132
24 35 1.0
24 36 0.8550924625305925
24 57 0.06133239940390922
24 44 0.04086807290877914
24 68 0.7381881846813485
30 26 0.13352685963036492
30 25 0.12057991563779069
30 27 0.8365915726317326
30 37 0.04837920964928344
30 48 0.44441516473307274
30 49 0.6730561493313871
30 54 0.3522039142262656
30 40 0.6730561493313871
30 60 0.4236884507990908
30 62 0.657672262925189
30 67 0.5892513064318337
30 53 0.5700362232746556
30 41 0.4064991334453225
30 43 0.589165088487789
30 55 0.495671249111183
30 50 0.495671249111183
30 63 0.5700362232746556
30 59 0.5307613243057858
30 38 0.3768024728342425
30 39 0.3586101580585819
30 65 0.5255471259297337
30 58 0.4804309602623107
30 51 0.33324913535034284
30 56 0.5418339782045223
30 45 0.6452042164819431
30 52 0.07984087415388785
30 42 -0.01304352137958631
30 64 0.7878949770456529
30 66 0.7878949770456529
30 61 0.7878949770456529
30 46 0.7878949770456529
30 47 0.7878949770456529
30 35 0.8550924625305925
30 36 1.0
30 57 0.13352685963036492
30 44 0.12057991563779069
30 68 0.8365915726317326
26 25 0.9532079284035717
26 27 0.17476258415990742
26 37 -0.04116909549338743
26 48 -0.09369523517671041
26 49 0.1966200373135507
26 54 -0.08827144798124209
26 40 0.1966200373135507
26 60 -0.06449103087652475
26 62 0.2547969867591746
26 67 0.18225342559162527
26 53 0.2781277309404686
26 41 -0.10929041364579462
26 43 0.3073349178011995
26 55 0.2566395310568623
26 50 0.2566395310568623
26 63 0.2781277309404686
26 59 0.27837279468076304
26 38 -0.11397681228118017
26 39 0.25424474448664114
26 65 0.07357300323201343
26 58 0.10540748879429884
26 51 0.050637763750273734
26 56 0.07523175823735073
26 45 0.12827172642573714
26 52 0.35905736485437956
26 42 0.029619075066875666
26 64 0.08151467478455743
26 66 0.08151467478455743
26 61 0.08151467478455743
26 46 0.08151467478455743
26 47 0.08151467478455743
26 35 0.06133239940390922
26 36 0.13352685963036492
26 57 1.0
26 44 0.9532079284035717
26 68 0.17476258415990742
25 27 0.1533191289199749
25 37 -0.03654857147921575
25 48 -0.09782210765843047
25 49 0.17636061917437473
25 54 -0.09416571360634407
25 40 0.17636061917437473
25 60 -0.07625779337104177
25 62 0.23613127400312806
25 67 0.17595139254262904
25 53 0.27992931803601095
25 41 -0.115226463523868
25 43 0.2865720516492729
25 55 0.26454273387935245
25 50 0.26454273387935245
25 63 0.27992931803601095
25 59 0.28241243123920867
25 38 -0.11389698387210956
25 39 0.2592149848715053
25 65 0.05771388695575297
25 58 0.1028704327181913
25 51 0.044427802320569754
25 56 0.060125657357275486
25 45 0.10497643559938297
25 52 0.3589166981546441
25 42 0.03615178578183986
25 64 0.06105034828942735
25 66 0.06105034828942735
25 61 0.06105034828942735
25 46 0.06105034828942735
25 47 0.06105034828942735
25 35 0.04086807290877914
25 36 0.12057991563779069
25 57 0.9532079284035717
25 44 1.0
25 68 0.1533191289199749
27 37 -0.016682937501173
27 48 0.35272588831867324
27 49 0.7770134912643698
27 54 0.3599440355101251
27 40 0.7770134912643698
27 60 0.36389403840439627
27 62 0.7592324666984496
27 67 0.6681880683245254
27 53 0.5686235255052452
27 41 0.37398628984374227
27 43 0.5574944047330064
27 55 0.419696397097141
27 50 0.419696397097141
27 63 0.5686235255052452
27 59 0.4702316751718172
27 38 0.31588994406774873
27 39 0.29529505337268347
27 65 0.5733669924738933
27 58 0.5887193245798699
27 51 0.24925471639289754
27 56 0.5716611076859408
27 45 0.5984106897085439
27 52 0.18467544936720515
27 42 -0.08812765735638095
27 64 0.8750683864636812
27 66 0.8750683864636812
27 61 0.8750683864636812
27 46 0.8750683864636812
27 47 0.8750683864636812
27 35 0.7381881846813485
27 36 0.8365915726317326
27 57 0.17476258415990742
27 44 0.1533191289199749
27 68 1.0
37 48 0.08798689732793719
37 49 0.06028904649429023
37 54 -0.03630073388922028
37 40 0.06028904649429023
37 60 0.0900492149812635
37 62 0.06865581264719367
37 67 0.10920468298718333
37 53 0.06844595953589305
37 41 -0.0162769618909806
37 43 0.16503506974549964
37 55 0.12034390744520351
37 50 0.12034390744520351
37 63 0.06844595953589305
37 59 0.3032923493592534
37 38 0.3546969128365163
37 39 0.47503160758060403
37 65 0.05297677349881269
37 58 0.042889122050837614
37 51 0.5985874259786215
37 56 0.06402313755825162
37 45 0.10218125319079263
37 52 -0.1505211475014221
37 42 0.6999199680867605
37 64 -0.027278294241114054
37 66 -0.027278294241114054
37 61 -0.027278294241114054
37 46 -0.027278294241114054
37 47 -0.027278294241114054
37 35 0.08131831270293333
37 36 0.04837920964928344
37 57 -0.04116909549338743
37 44 -0.03654857147921575
37 68 -0.016682937501173
48 49 0.33093064322019927
48 54 0.6705920025124215
48 40 0.33093064322019927
48 60 0.7584777805604972
48 62 0.29915932918083854
48 67 0.341543532529613
48 53 0.3287649168923963
48 41 0.7186079932725988
48 43 0.47567897479166277
48 55 0.26911979282158427
48 50 0.26911979282158427
48 63 0.3287649168923963
48 59 0.5279479654855095
48 38 0.6088799017015845
48 39 0.3024279728415422
48 65 0.5453193589055445
48 58 0.4849660970066907
48 51 0.26805035982397385
48 56 0.571500169520732
48 45 0.6534169943697634
48 52 -0.24944261790369637
48 42 -0.10485319283907302
48 64 0.36187037615309237
48 66 0.36187037615309237
48 61 0.36187037615309237
48 46 0.36187037615309237
48 47 0.36187037615309237
48 35 0.49871764244744554
48 36 0.44441516473307274
48 57 -0.09369523517671041
48 44 -0.09782210765843047
48 68 0.35272588831867324
49 54 0.39683813916053623
49 40 1.0
49 60 0.399794188211672
49 62 0.9159416814218275
49 67 0.8068543802946806
49 53 0.6236363478237763
49 41 0.37989618798019364
49 43 0.6801873805816285
49 55 0.45669911365257576
49 50 0.45669911365257576
49 63 0.6236363478237763
49 59 0.5694169315684121
49 38 0.3304477705969475
49 39 0.4050326627329923
49 65 0.5936132073693443
49 58 0.6227187495242106
49 51 0.2678485665237531
49 56 0.6053537295083515
49 45 0.579334894537169
49 52 0.17436571794678457
49 42 -0.05323860837961547
49 64 0.7799088313113316
49 66 0.7799088313113316
49 61 0.7799088313113316
49 46 0.7799088313113316
49 47 0.7799088313113316
49 35 0.6492711928731296
49 36 0.6730561493313871
49 57 0.1966200373135507
49 44 0.17636061917437473
49 68 0.7770134912643698
54 40 0.39683813916053623
54 60 0.8585999054485001
54 62 0.3534689010703005
54 67 0.44911903014872223
54 53 0.29933984630042687
54 41 0.8512879660120234
54 43 0.48781388337374665
54 55 0.17211800467339344
54 50 0.17211800467339344
54 63 0.29933984630042687
54 59 0.39590238977689296
54 38 0.5300208232947625
54 39 0.18762269080616534
54 65 0.6631473054876551
54 58 0.5944380327564431
54 51 0.11334095831261948
54 56 0.6638923086284194
54 45 0.5787892438456765
54 52 -0.2329278722172603
54 42 -0.22661212051752955
54 64 0.39340806117252214
54 66 0.39340806117252214
54 61 0.39340806117252214
54 46 0.39340806117252214
54 47 0.39340806117252214
54 35 0.33629911788739264
54 36 0.3522039142262656
54 57 -0.08827144798124209
54 44 -0.09416571360634407
54 68 0.3599440355101251
40 60 0.399794188211672
40 62 0.9159416814218275
40 67 0.8068543802946806
40 53 0.6236363478237763
40 41 0.37989618798019364
40 43 0.6801873805816285
40 55 0.45669911365257576
40 50 0.45669911365257576
40 63 0.6236363478237763
40 59 0.5694169315684121
40 38 0.3304477705969475
40 39 0.4050326627329923
40 65 0.5936132073693443
40 58 0.6227187495242106
40 51 0.2678485665237531
40 56 0.6053537295083515
40 45 0.579334894537169
40 52 0.17436571794678457
40 42 -0.05323860837961547
40 64 0.7799088313113316
40 66 0.7799088313113316
40 61 0.7799088313113316
40 46 0.7799088313113316
40 47 0.7799088313113316
40 35 0.6492711928731296
40 36 0.6730561493313871
40 57 0.1966200373135507
40 44 0.17636061917437473
40 68 0.7770134912643698
60 62 0.35711048933444545
60 67 0.43210098904091865
60 53 0.31264253525296226
60 41 0.8423189088935032
60 43 0.5645960219553672
60 55 0.24558764867833816
60 50 0.24558764867833816
60 63 0.31264253525296226
60 59 0.522522330051288
60 38 0.6483584347879514
60 39 0.31637100485386327
60 65 0.6600697467220016
60 58 0.5777165815088665
60 51 0.2412095838226378
60 56 0.6637874272128101
60 45 0.6455129800233408
60 52 -0.2206645256956108
60 42 -0.10008459648815915
60 64 0.39689360639749793
60 66 0.39689360639749793
60 61 0.39689360639749793
60 46 0.39689360639749793
60 47 0.39689360639749793
60 35 0.4585139396949671
60 36 0.4236884507990908
60 57 -0.06449103087652475
60 44 -0.07625779337104177
60 68 0.36389403840439627
62 67 0.8005325176636688
62 53 0.6439617045107298
62 41 0.3368468591943383
62 43 0.6633511222316884
62 55 0.4796304788906127
62 50 0.4796304788906127
62 63 0.6439617045107298
62 59 0.5825638035021257
62 38 0.2874745794106275
62 39 0.45075358904432505
62 65 0.5553528123709839
62 58 0.6090500486461679
62 51 0.27767622662940994
62 56 0.5588408367475495
62 45 0.5456109438600834
62 52 0.2311714899551589
62 42 -0.0269838928070385
62 64 0.7298858926733374
62 66 0.7298858926733374
62 61 0.7298858926733374
62 46 0.7298858926733374
62 47 0.7298858926733374
62 35 0.6223544802342076
62 36 0.657672262925189
62 57 0.2547969867591746
62 44 0.23613127400312806
62 68 0.7592324666984496
67 53 0.6660280227661133
67 41 0.42144381353864446
67 43 0.6392412448185496
67 55 0.5103891916223802
67 50 0.5103891916223802
67 63 0.6660280227661133
67 59 0.583266451198142
67 38 0.3893711447599344
67 39 0.42962347908178344
67 65 0.5614580139808822
67 58 0.6205351152020739
67 51 0.32305480574723333
67 56 0.5649180241744034
67 45 0.5357790480993572
67 52 0.1611793935589958
67 42 0.016518862947123125
67 64 0.6614084686952992
67 66 0.6614084686952992
67 61 0.6614084686952992
67 46 0.6614084686952992
67 47 0.6614084686952992
67 35 0.5485234324878547
67 36 0.5892513064318337
67 57 0.18225342559162527
67 44 0.17595139254262904
67 68 0.6681880683245254
53 41 0.25731902103871107
53 43 0.5067108297953382
53 55 0.7480528698652051
53 50 0.7480528698652051
53 63 1.0
53 59 0.5007089391874615
53 38 0.25420649826992303
53 39 0.38700283970683813
53 65 0.4028697260946501
53 58 0.3817634176957654
53 51 0.3218028385890648
53 56 0.42968151363311335
53 45 0.5155946136146667
53 52 0.36008472050889395
53 42 -0.0405726604803931
53 64 0.49890146208781516
53 66 0.49890146208781516
53 61 0.49890146208781516
53 46 0.49890146208781516
53 47 0.49890146208781516
53 35 0.5341363366169389
53 36 0.5700362232746556
53 57 0.2781277309404686
53 44 0.27992931803601095
53 68 0.5686235255052452
41 43 0.5033818477531895
41 55 0.188834008469712
41 50 0.188834008469712
41 63 0.25731902103871107
41 59 0.40015433775261045
41 38 0.6008107714296784
41 39 0.19917860685382038
41 65 0.7175007128098514
41 58 0.6479648978129262
41 51 0.13527068102848716
41 56 0.6941729766549543
41 45 0.6344305063757929
41 52 -0.2681326674937736
41 42 -0.19848072357126512
41 64 0.4111446900278679
41 66 0.4111446900278679
41 61 0.4111446900278679
41 46 0.4111446900278679
41 47 0.4111446900278679
41 35 0.38060518584097736
41 36 0.4064991334453225
41 57 -0.10929041364579462
41 44 -0.115226463523868
41 68 0.37398628984374227
43 55 0.423033433733508
43 50 0.423033433733508
43 63 0.5067108297953382
43 59 0.8189802203851286
43 38 0.5040126978419721
43 39 0.6054203161329497
43 65 0.6382429584919009
43 58 0.6539068860729458
43 51 0.32787428444135003
43 56 0.6556886694743298
43 45 0.6889413869284908
43 52 0.11215370587888174
43 42 0.031541329371975735
43 64 0.5930547700481839
43 66 0.5930547700481839
43 61 0.5930547700481839
43 46 0.5930547700481839
43 47 0.5930547700481839
43 35 0.5451330461946782
43 36 0.589165088487789
43 57 0.3073349178011995
43 44 0.2865720516492729
43 68 0.5574944047330064
55 50 1.0
55 63 0.7480528698652051
55 59 0.4436085612687748
55 38 0.2217073188512586
55 39 0.4135076152451802
55 65 0.2627170405758079
55 58 0.252433922039927
55 51 0.3544433366623707
55 56 0.28223770193289965
55 45 0.42896152083267225
55 52 0.3153806157351937
55 42 0.021839098975760862
55 64 0.33362298006977653
55 66 0.33362298006977653
55 61 0.33362298006977653
55 46 0.33362298006977653
55 47 0.33362298006977653
55 35 0.45994801956112497
55 36 0.495671249111183
55 57 0.2566395310568623
55 44 0.26454273387935245
55 68 0.419696397097141
50 63 0.7480528698652051
50 59 0.4436085612687748
50 38 0.2217073188512586
50 39 0.4135076152451802
50 65 0.2627170405758079
50 58 0.252433922039927
50 51 0.3544433366623707
50 56 0.28223770193289965
50 45 0.42896152083267225
50 52 0.3153806157351937
50 42 0.021839098975760862
50 64 0.33362298006977653
50 66 0.33362298006977653
50 61 0.33362298006977653
50 46 0.33362298006977653
50 47 0.33362298006977653
50 35 0.45994801956112497
50 36 0.495671249111183
50 57 0.2566395310568623
50 44 0.26454273387935245
50 68 0.419696397097141
63 59 0.5007089391874615
63 38 0.25420649826992303
63 39 0.38700283970683813
63 65 0.4028697260946501
63 58 0.3817634176957654
63 51 0.3218028385890648
63 56 0.42968151363311335
63 45 0.5155946136146667
63 52 0.36008472050889395
63 42 -0.0405726604803931
63 64 0.49890146208781516
63 66 0.49890146208781516
63 61 0.49890146208781516
63 46 0.49890146208781516
63 47 0.49890146208781516
63 35 0.5341363366169389
63 36 0.5700362232746556
63 57 0.2781277309404686
63 44 0.27992931803601095
63 68 0.5686235255052452
59 38 0.5527444395702332
59 39 0.7569220828590915
59 65 0.49950530810747296
59 58 0.5356214403145714
59 51 0.4532381896278821
59 56 0.5178516299056355
59 45 0.5847901929155341
59 52 0.09177089645527303
59 42 0.16757021681405604
59 64 0.4814579052545014
59 66 0.4814579052545014
59 61 0.4814579052545014
59 46 0.4814579052545014
59 47 0.4814579052545014
59 35 0.5509921591146849
59 36 0.5307613243057858
59 57 0.27837279468076304
59 44 0.28241243123920867
59 68 0.4702316751718172
38 39 0.5418844212545082
38 65 0.5483746147947386
38 58 0.5317359513574047
38 51 0.5023610715870745
38 56 0.539732357050525
38 45 0.5744383452911279
38 52 -0.2644996251910925
38 42 0.19211850210558623
38 64 0.35035588766186265
38 66 0.35035588766186265
38 61 0.35035588766186265
38 46 0.35035588766186265
38 47 0.35035588766186265
38 35 0.4126917053363286
38 36 0.3768024728342425
38 57 -0.11397681228118017
38 44 -0.11389698387210956
38 68 0.31588994406774873
39 65 0.2935608543921262
39 58 0.34687230169947725
39 51 0.6233534318744205
39 56 0.30575347345438786
39 45 0.35644292926735943
39 52 0.06731926475185901
39 42 0.35540142690297216
39 64 0.27709027204400627
39 66 0.27709027204400627
39 61 0.27709027204400627
39 46 0.27709027204400627
39 47 0.27709027204400627
39 35 0.3854056323762052
39 36 0.3586101580585819
39 57 0.25424474448664114
39 44 0.2592149848715053
39 68 0.29529505337268347
65 58 0.867799701882177
65 51 0.25574817054439336
65 56 0.9539460380037781
65 45 0.7958044368424453
65 52 -0.05248587569803931
65 42 -0.06490299609140493
65 64 0.6075200499544735
65 66 0.6075200499544735
65 61 0.6075200499544735
65 46 0.6075200499544735
65 47 0.6075200499544735
65 35 0.47570052414084785
65 36 0.5255471259297337
65 57 0.07357300323201343
65 44 0.05771388695575297
65 68 0.5733669924738933
58 51 0.23103752337920014
58 56 0.85262275027344
58 45 0.7520443338726182
58 52 0.0422507127514109
58 42 -0.05230719731480349
58 64 0.6335001994812046
58 66 0.6335001994812046
58 61 0.6335001994812046
58 46 0.6335001994812046
58 47 0.6335001994812046
58 35 0.42369526893889997
58 36 0.4804309602623107
58 57 0.10540748879429884
58 44 0.1028704327181913
58 68 0.5887193245798699
51 56 0.2739334926009178
51 45 0.36940192411566386
51 52 -0.10542199281917419
51 42 0.5928883801243501
51 64 0.22166595246380894
51 66 0.22166595246380894
51 61 0.22166595246380894
51 46 0.22166595246380894
51 47 0.22166595246380894
51 35 0.38041708210948855
51 36 0.33324913535034284
51 57 0.050637763750273734
51 44 0.044427802320569754
51 68 0.24925471639289754
56 45 0.8303532622521743
56 52 -0.04625802414375357
56 42 -0.05822300078580156
56 64 0.6190990161485388
56 66 0.6190990161485388
56 61 0.6190990161485388
56 46 0.6190990161485388
56 47 0.6190990161485388
56 35 0.49943269044160843
56 36 0.5418339782045223
56 57 0.07523175823735073
56 44 0.060125657357275486
56 68 0.5716611076859408
45 52 -0.01032740413211286
45 42 -0.010921806388068944
45 64 0.6120901089452673
45 66 0.6120901089452673
45 61 0.6120901089452673
45 46 0.6120901089452673
45 47 0.6120901089452673
45 35 0.6230067581418552
45 36 0.6452042164819431
45 57 0.12827172642573714
45 44 0.10497643559938297
45 68 0.5984106897085439
52 42 -0.0756734250462614
52 64 0.1154659390085726
52 66 0.1154659390085726
52 61 0.1154659390085726
52 46 0.1154659390085726
52 47 0.1154659390085726
52 35 0.026229881041217595
52 36 0.07984087415388785
52 57 0.35905736485437956
52 44 0.3589166981546441
52 68 0.18467544936720515
42 64 -0.11284924759092974
42 66 -0.11284924759092974
42 61 -0.11284924759092974
42 46 -0.11284924759092974
42 47 -0.11284924759092974
42 35 0.017150880390545353
42 36 -0.01304352137958631
42 57 0.029619075066875666
42 44 0.03615178578183986
42 68 -0.08812765735638095
64 66 1.0
64 61 1.0
64 46 1.0
64 47 1.0
64 35 0.7296507196006132
64 36 0.7878949770456529
64 57 0.08151467478455743
64 44 0.06105034828942735
64 68 0.8750683864636812
66 61 1.0
66 46 1.0
66 47 1.0
66 35 0.7296507196006132
66 36 0.7878949770456529
66 57 0.08151467478455743
66 44 0.06105034828942735
66 68 0.8750683864636812
61 46 1.0
61 47 1.0
61 35 0.7296507196006132
61 36 0.7878949770456529
61 57 0.08151467478455743
61 44 0.06105034828942735
61 68 0.8750683864636812
46 47 1.0
46 35 0.7296507196006132
46 36 0.7878949770456529
46 57 0.08151467478455743
46 44 0.06105034828942735
46 68 0.8750683864636812
47 35 0.7296507196006132
47 36 0.7878949770456529
47 57 0.08151467478455743
47 44 0.06105034828942735
47 68 0.8750683864636812
35 36 0.8550924625305925
35 57 0.06133239940390922
35 44 0.04086807290877914
35 68 0.7381881846813485
36 57 0.13352685963036492
36 44 0.12057991563779069
36 68 0.8365915726317326
57 44 0.9532079284035717
57 68 0.17476258415990742
44 68 0.1533191289199749
