1 2 0.47932445199694484
1 3 0.39532852335833013
1 4 0.3484731992939487
1 5 0.16844983701594174
1 6 0.21466080483514816
1 7 0.21466080483514816
1 8 0.24295895581599325
1 9 0.09585190156940371
1 10 0.13660131086362526
1 11 0.16844983701594174
1 12 0.113763936329633
1 13 0.12732398242224008
1 14 0.16100683249533176
1 15 0.016955676139332354
1 33 0.5848493304802105
1 34 0.6505092509905808
1 32 0.13592638238333166
1 22 0.13248106616083533
1 20 0.04988438868895173
1 18 0.13248106616083533
1 31 0.18159508210374042
1 29 0.18084261735202745
1 28 0.21888485160889104
1 17 -0.16602935327682644
1 16 0.016955676139332354
1 19 0.016955676139332354
1 21 0.016955676139332354
1 23 0.016955676139332354
1 24 0.10443111998029053
1 30 0.0861650281585753
1 26 -0.0008802301017567515
1 25 0.0006706001586280763
1 27 0.009534001001156867
1 37 1.0
1 48 0.13592638238333166
1 49 0.13248106616083533
1 54 0.04988438868895173
1 40 0.13248106616083533
1 60 0.16100683249533176
1 62 0.12732398242224008
1 67 0.113763936329633
1 53 0.16844983701594174
1 41 0.09585190156940371
1 43 0.24295895581599325
1 55 0.21466080483514816
1 50 0.21466080483514816
1 63 0.16844983701594174
1 59 0.3484731992939487
1 38 0.39532852335833013
1 39 0.47932445199694484
1 65 0.18159508210374042
1 58 0.13660131086362526
1 51 0.5848493304802105
1 56 0.18084261735202745
1 45 0.21888485160889104
1 52 -0.16602935327682644
1 42 0.6505092509905808
1 64 0.016955676139332354
1 66 0.016955676139332354
1 61 0.016955676139332354
1 46 0.016955676139332354
1 47 0.016955676139332354
1 35 0.10443111998029053
1 36 0.0861650281585753
1 57 -0.0008802301017567515
1 44 0.0006706001586280763
1 68 0.009534001001156867
2 3 0.5553021074738353
2 4 0.8154512518085539
2 5 0.4379408716922626
2 6 0.4708338819909841
2 7 0.4708338819909841
2 8 0.7056717881932855
2 9 0.2700054212473333
2 10 0.41284797311527655
2 11 0.4379408716922626
2 12 0.43211040762253106
2 13 0.4962952674832195
2 14 0.3495263176737353
2 15 0.26496709464117885
2 33 0.5931316469796002
2 34 0.33448549505556
2 32 0.25158939277753234
2 22 0.44926514266990125
2 20 0.23837524780537933
2 18 0.44926514266990125
2 31 0.37231589056318626
2 29 0.36292936984682456
2 28 0.39425303746247664
2 17 0.033609796315431595
2 16 0.26496709464117885
2 19 0.26496709464117885
2 21 0.26496709464117885
2 23 0.26496709464117885
2 24 0.32843216334003955
2 30 0.3247500016586855
2 26 0.27354122314136475
2 25 0.2753784162341617
2 27 0.26667911116965115
2 37 0.47932445199694484
2 48 0.25158939277753234
2 49 0.44926514266990125
2 54 0.23837524780537933
2 40 0.44926514266990125
2 60 0.3495263176737353
2 62 0.4962952674832195
2 67 0.43211040762253106
2 53 0.4379408716922626
2 41 0.2700054212473333
2 43 0.7056717881932855
2 55 0.4708338819909841
2 50 0.4708338819909841
2 63 0.4379408716922626
2 59 0.8154512518085539
2 38 0.5553021074738353
2 39 1.0
2 65 0.37231589056318626
2 58 0.41284797311527655
2 51 0.5931316469796002
2 56 0.36292936984682456
2 45 0.39425303746247664
2 52 0.033609796315431595
2 42 0.33448549505556
2 64 0.26496709464117885
2 66 0.26496709464117885
2 61 0.26496709464117885
2 46 0.26496709464117885
2 47 0.26496709464117885
2 35 0.32843216334003955
2 36 0.3247500016586855
2 57 0.27354122314136475
2 44 0.2753784162341617
2 68 0.26667911116965115
3 4 0.5581733549479395
3 5 0.2696334262145683
3 6 0.2652525134617463
3 7 0.2652525134617463
3 8 0.5056881811469793
3 9 0.658854573382996
3 10 0.5234579800744541
3 11 0.2696334262145683
3 12 0.284318370744586
3 13 0.2622293254826218
3 14 0.6905378644587472
3 15 0.31421059381682426
3 33 0.48923824925441295
3 34 0.1728722799452953
3 32 0.6253840925637633
3 22 0.31244453345425427
3 20 0.5810908920830116
3 18 0.31244453345425427
3 31 0.5712467409321107
3 29 0.5591291372547857
3 28 0.5993351956713013
3 17 -0.3219314377056435
3 16 0.31421059381682426
3 19 0.31421059381682426
3 21 0.31421059381682426
3 23 0.31421059381682426
3 24 0.401915519265458
3 30 0.36159701994620264
3 26 -0.13083477970212698
3 25 -0.12985671445494518
3 27 0.26679073611740023
3 37 0.39532852335833013
3 48 0.6253840925637633
3 49 0.31244453345425427
3 54 0.5810908920830116
3 40 0.31244453345425427
3 60 0.6905378644587472
3 62 0.2622293254826218
3 67 0.284318370744586
3 53 0.2696334262145683
3 41 0.658854573382996
3 43 0.5056881811469793
3 55 0.2652525134617463
3 50 0.2652525134617463
3 63 0.2696334262145683
3 59 0.5581733549479395
3 38 1.0
3 39 0.5553021074738353
3 65 0.5712467409321107
3 58 0.5234579800744541
3 51 0.48923824925441295
3 56 0.5591291372547857
3 45 0.5993351956713013
3 52 -0.3219314377056435
3 42 0.1728722799452953
3 64 0.31421059381682426
3 66 0.31421059381682426
3 61 0.31421059381682426
3 46 0.31421059381682426
3 47 0.31421059381682426
3 35 0.401915519265458
3 36 0.36159701994620264
3 57 -0.13083477970212698
3 44 -0.12985671445494518
3 68 0.26679073611740023
4 5 0.50486690166872
4 6 0.4928576478268951
4 7 0.4928576478268951
4 8 0.8801778261549771
4 9 0.44133409135974944
4 10 0.5848191843251698
4 11 0.50486690166872
4 12 0.5561623169342056
4 13 0.5733776458073407
4 14 0.5100561868166551
4 15 0.42861466424074024
4 33 0.4429078383836895
4 34 0.17680028785252944
4 32 0.4213666105642915
4 22 0.5746754158753902
4 20 0.3985009639291093
4 18 0.5746754158753902
4 31 0.5452988347387873
4 29 0.5364560126909055
4 28 0.5671925075002946
4 17 0.034573000855743885
4 16 0.42861466424074024
4 19 0.42861466424074024
4 21 0.42861466424074024
4 23 0.42861466424074024
4 24 0.44085375405848026
4 30 0.4396183667704463
4 26 0.27561652136500925
4 25 0.27776784350862727
4 27 0.3798675930593163
4 37 0.3484731992939487
4 48 0.4213666105642915
4 49 0.5746754158753902
4 54 0.3985009639291093
4 40 0.5746754158753902
4 60 0.5100561868166551
4 62 0.5733776458073407
4 67 0.5561623169342056
4 53 0.50486690166872
4 41 0.44133409135974944
4 43 0.8801778261549771
4 55 0.4928576478268951
4 50 0.4928576478268951
4 63 0.50486690166872
4 59 1.0
4 38 0.5581733549479395
4 39 0.8154512518085539
4 65 0.5452988347387873
4 58 0.5848191843251698
4 51 0.4429078383836895
4 56 0.5364560126909055
4 45 0.5671925075002946
4 52 0.034573000855743885
4 42 0.17680028785252944
4 64 0.42861466424074024
4 66 0.42861466424074024
4 61 0.42861466424074024
4 46 0.42861466424074024
4 47 0.42861466424074024
4 35 0.44085375405848026
4 36 0.4396183667704463
4 57 0.27561652136500925
4 44 0.27776784350862727
4 68 0.3798675930593163
5 6 0.8466861412161961
5 7 0.8466861412161961
5 8 0.5361845932202414
5 9 0.2841818690067157
5 10 0.44840563024627045
5 11 1.0
5 12 0.768910508020781
5 13 0.7610456217080355
5 14 0.2740191991906613
5 15 0.5833204659866169
5 33 0.393804051913321
5 34 0.052509669156279415
5 32 0.223141013761051
5 22 0.7498704162426293
5 20 0.269297324353829
5 18 0.7498704162426293
5 31 0.4889697277103551
5 29 0.49471038201591
5 28 0.5175122520304285
5 17 0.28638576914090663
5 16 0.5833204659866169
5 19 0.5833204659866169
5 21 0.5833204659866169
5 23 0.5833204659866169
5 24 0.5785348128993064
5 30 0.6168601857498288
5 26 0.21884487802162766
5 25 0.2128704537753947
5 27 0.6004919725237414
5 37 0.16844983701594174
5 48 0.223141013761051
5 49 0.7498704162426293
5 54 0.269297324353829
5 40 0.7498704162426293
5 60 0.2740191991906613
5 62 0.7610456217080355
5 67 0.768910508020781
5 53 1.0
5 41 0.2841818690067157
5 43 0.5361845932202414
5 55 0.8466861412161961
5 50 0.8466861412161961
5 63 1.0
5 59 0.50486690166872
5 38 0.2696334262145683
5 39 0.4379408716922626
5 65 0.4889697277103551
5 58 0.44840563024627045
5 51 0.393804051913321
5 56 0.49471038201591
5 45 0.5175122520304285
5 52 0.28638576914090663
5 42 0.052509669156279415
5 64 0.5833204659866169
5 66 0.5833204659866169
5 61 0.5833204659866169
5 46 0.5833204659866169
5 47 0.5833204659866169
5 35 0.5785348128993064
5 36 0.6168601857498288
5 57 0.21884487802162766
5 44 0.2128704537753947
5 68 0.6004919725237414
6 7 1.0
6 8 0.5188537086360157
6 9 0.2684098252793774
6 10 0.3676878352998756
6 11 0.8466861412161961
6 12 0.6631982831750065
6 13 0.6636002663290128
6 14 0.27121430402621627
6 15 0.4838854216504842
6 33 0.44451039109844714
6 34 0.1154870698810555
6 32 0.21953383658546954
6 22 0.6583681787597016
6 20 0.2114005732582882
6 18 0.6583681787597016
6 31 0.4087127963430248
6 29 0.4141263999626972
6 28 0.493524614314083
6 17 0.260783783858642
6 16 0.4838854216504842
6 19 0.4838854216504842
6 21 0.4838854216504842
6 23 0.4838854216504842
6 24 0.5516753791598603
6 30 0.5918874187627807
6 26 0.20497059624176472
6 25 0.20400053699268028
6 27 0.5063349022530019
6 37 0.21466080483514816
6 48 0.21953383658546954
6 49 0.6583681787597016
6 54 0.2114005732582882
6 40 0.6583681787597016
6 60 0.27121430402621627
6 62 0.6636002663290128
6 67 0.6631982831750065
6 53 0.8466861412161961
6 41 0.2684098252793774
6 43 0.5188537086360157
6 55 1.0
6 50 1.0
6 63 0.8466861412161961
6 59 0.4928576478268951
6 38 0.2652525134617463
6 39 0.4708338819909841
6 65 0.4087127963430248
6 58 0.3676878352998756
6 51 0.44451039109844714
6 56 0.4141263999626972
6 45 0.493524614314083
6 52 0.260783783858642
6 42 0.1154870698810555
6 64 0.4838854216504842
6 66 0.4838854216504842
6 61 0.4838854216504842
6 46 0.4838854216504842
6 47 0.4838854216504842
6 35 0.5516753791598603
6 36 0.5918874187627807
6 57 0.20497059624176472
6 44 0.20400053699268028
6 68 0.5063349022530019
7 8 0.5188537086360157
7 9 0.2684098252793774
7 10 0.3676878352998756
7 11 0.8466861412161961
7 12 0.6631982831750065
7 13 0.6636002663290128
7 14 0.27121430402621627
7 15 0.4838854216504842
7 33 0.44451039109844714
7 34 0.1154870698810555
7 32 0.21953383658546954
7 22 0.6583681787597016
7 20 0.2114005732582882
7 18 0.6583681787597016
7 31 0.4087127963430248
7 29 0.4141263999626972
7 28 0.493524614314083
7 17 0.260783783858642
7 16 0.4838854216504842
7 19 0.4838854216504842
7 21 0.4838854216504842
7 23 0.4838854216504842
7 24 0.5516753791598603
7 30 0.5918874187627807
7 26 0.20497059624176472
7 25 0.20400053699268028
7 27 0.5063349022530019
7 37 0.21466080483514816
7 48 0.21953383658546954
7 49 0.6583681787597016
7 54 0.2114005732582882
7 40 0.6583681787597016
7 60 0.27121430402621627
7 62 0.6636002663290128
7 67 0.6631982831750065
7 53 0.8466861412161961
7 41 0.2684098252793774
7 43 0.5188537086360157
7 55 1.0
7 50 1.0
7 63 0.8466861412161961
7 59 0.4928576478268951
7 38 0.2652525134617463
7 39 0.4708338819909841
7 65 0.4087127963430248
7 58 0.3676878352998756
7 51 0.44451039109844714
7 56 0.4141263999626972
7 45 0.493524614314083
7 52 0.260783783858642
7 42 0.1154870698810555
7 64 0.4838854216504842
7 66 0.4838854216504842
7 61 0.4838854216504842
7 46 0.4838854216504842
7 47 0.4838854216504842
7 35 0.5516753791598603
7 36 0.5918874187627807
7 57 0.20497059624176472
7 44 0.20400053699268028
7 68 0.5063349022530019
8 9 0.505513766547665
8 10 0.6802961530047469
8 11 0.5361845932202414
8 12 0.5973957250826061
8 13 0.6241755089722574
8 14 0.518310854327865
8 15 0.48168374644592404
8 33 0.35662313527427614
8 34 0.08910411695251241
8 32 0.376307389466092
8 22 0.6306214458309114
8 20 0.45993505569640547
8 18 0.6306214458309114
8 31 0.6421216609305702
8 29 0.6284199609071948
8 28 0.6515933252521791
8 17 0.07179444539360702
8 16 0.48168374644592404
8 19 0.48168374644592404
8 21 0.48168374644592404
8 23 0.48168374644592404
8 24 0.4324423569487408
8 30 0.4855851869797334
8 26 0.30144377320539206
8 25 0.30464540485991165
8 27 0.4392065270803869
8 37 0.24295895581599325
8 48 0.376307389466092
8 49 0.6306214458309114
8 54 0.45993505569640547
8 40 0.6306214458309114
8 60 0.518310854327865
8 62 0.6241755089722574
8 67 0.5973957250826061
8 53 0.5361845932202414
8 41 0.505513766547665
8 43 1.0
8 55 0.5188537086360157
8 50 0.5188537086360157
8 63 0.5361845932202414
8 59 0.8801778261549771
8 38 0.5056881811469793
8 39 0.7056717881932855
8 65 0.6421216609305702
8 58 0.6802961530047469
8 51 0.35662313527427614
8 56 0.6284199609071948
8 45 0.6515933252521791
8 52 0.07179444539360702
8 42 0.08910411695251241
8 64 0.48168374644592404
8 66 0.48168374644592404
8 61 0.48168374644592404
8 46 0.48168374644592404
8 47 0.48168374644592404
8 35 0.4324423569487408
8 36 0.4855851869797334
8 57 0.30144377320539206
8 44 0.30464540485991165
8 68 0.4392065270803869
9 10 0.5743796198512428
9 11 0.2841818690067157
9 12 0.30571638606488705
9 13 0.28345001325942576
9 14 0.8839001387823373
9 15 0.3521882863715291
9 33 0.1722503388300538
9 34 -0.1572679043165408
9 32 0.8036327336449176
9 22 0.333541865227744
9 20 0.8753824736922979
9 18 0.333541865227744
9 31 0.6665273408289067
9 29 0.6494149685022421
9 28 0.6343199904658832
9 17 -0.3139002271927893
9 16 0.3521882863715291
9 19 0.3521882863715291
9 21 0.3521882863715291
9 23 0.3521882863715291
9 24 0.36969974788371474
9 30 0.38566041516605765
9 26 -0.11859759606886655
9 25 -0.12080189731204882
9 27 0.30145719298161566
9 37 0.09585190156940371
9 48 0.8036327336449176
9 49 0.333541865227744
9 54 0.8753824736922979
9 40 0.333541865227744
9 60 0.8839001387823373
9 62 0.28345001325942576
9 67 0.30571638606488705
9 53 0.2841818690067157
9 41 1.0
9 43 0.505513766547665
9 55 0.2684098252793774
9 50 0.2684098252793774
9 63 0.2841818690067157
9 59 0.44133409135974944
9 38 0.658854573382996
9 39 0.2700054212473333
9 65 0.6665273408289067
9 58 0.5743796198512428
9 51 0.1722503388300538
9 56 0.6494149685022421
9 45 0.6343199904658832
9 52 -0.3139002271927893
9 42 -0.1572679043165408
9 64 0.3521882863715291
9 66 0.3521882863715291
9 61 0.3521882863715291
9 46 0.3521882863715291
9 47 0.3521882863715291
9 35 0.36969974788371474
9 36 0.38566041516605765
9 57 -0.11859759606886655
9 44 -0.12080189731204882
9 68 0.30145719298161566
10 11 0.44840563024627045
10 12 0.5823802824015729
10 13 0.582921220746357
10 14 0.5266880479757674
10 15 0.5997140213730745
10 33 0.3234722508932464
10 34 0.03508095350116491
10 32 0.47424730606144294
10 22 0.5927321189665236
10 20 0.5283422335633077
10 18 0.5927321189665236
10 31 0.8857952416874468
10 29 0.8681592891225591
10 28 0.8219216159777716
10 17 0.04820943780941889
10 16 0.5997140213730745
10 19 0.5997140213730745
10 21 0.5997140213730745
10 23 0.5997140213730745
10 24 0.41337675211252645
10 30 0.47453428158769384
10 26 0.1494692366104573
10 25 0.14622854045592248
10 27 0.5480477150413208
10 37 0.13660131086362526
10 48 0.47424730606144294
10 49 0.5927321189665236
10 54 0.5283422335633077
10 40 0.5927321189665236
10 60 0.5266880479757674
10 62 0.582921220746357
10 67 0.5823802824015729
10 53 0.44840563024627045
10 41 0.5743796198512428
10 43 0.6802961530047469
10 55 0.3676878352998756
10 50 0.3676878352998756
10 63 0.44840563024627045
10 59 0.5848191843251698
10 38 0.5234579800744541
10 39 0.41284797311527655
10 65 0.8857952416874468
10 58 1.0
10 51 0.3234722508932464
10 56 0.8681592891225591
10 45 0.8219216159777716
10 52 0.04820943780941889
10 42 0.03508095350116491
10 64 0.5997140213730745
10 66 0.5997140213730745
10 61 0.5997140213730745
10 46 0.5997140213730745
10 47 0.5997140213730745
10 35 0.41337675211252645
10 36 0.47453428158769384
10 57 0.1494692366104573
10 44 0.14622854045592248
10 68 0.5480477150413208
11 12 0.768910508020781
11 13 0.7610456217080355
11 14 0.2740191991906613
11 15 0.5833204659866169
11 33 0.393804051913321
11 34 0.052509669156279415
11 32 0.223141013761051
11 22 0.7498704162426293
11 20 0.269297324353829
11 18 0.7498704162426293
11 31 0.4889697277103551
11 29 0.49471038201591
11 28 0.5175122520304285
11 17 0.28638576914090663
11 16 0.5833204659866169
11 19 0.5833204659866169
11 21 0.5833204659866169
11 23 0.5833204659866169
11 24 0.5785348128993064
11 30 0.6168601857498288
11 26 0.21884487802162766
11 25 0.2128704537753947
11 27 0.6004919725237414
11 37 0.16844983701594174
11 48 0.223141013761051
11 49 0.7498704162426293
11 54 0.269297324353829
11 40 0.7498704162426293
11 60 0.2740191991906613
11 62 0.7610456217080355
11 67 0.768910508020781
11 53 1.0
11 41 0.2841818690067157
11 43 0.5361845932202414
11 55 0.8466861412161961
11 50 0.8466861412161961
11 63 1.0
11 59 0.50486690166872
11 38 0.2696334262145683
11 39 0.4379408716922626
11 65 0.4889697277103551
11 58 0.44840563024627045
11 51 0.393804051913321
11 56 0.49471038201591
11 45 0.5175122520304285
11 52 0.28638576914090663
11 42 0.052509669156279415
11 64 0.5833204659866169
11 66 0.5833204659866169
11 61 0.5833204659866169
11 46 0.5833204659866169
11 47 0.5833204659866169
11 35 0.5785348128993064
11 36 0.6168601857498288
11 57 0.21884487802162766
11 44 0.2128704537753947
11 68 0.6004919725237414
12 13 0.8637359096901491
12 14 0.2805574109079316
12 15 0.670647699967958
12 33 0.3097613047575578
12 34 0.008343022607732564
12 32 0.20809069485403597
12 22 0.858022658736445
12 20 0.28094290697481483
12 18 0.858022658736445
12 31 0.5392980556352995
12 29 0.5303091183886863
12 28 0.5093938380596228
12 17 0.1994946034392342
12 16 0.670647699967958
12 19 0.670647699967958
12 21 0.670647699967958
12 23 0.670647699967958
12 24 0.5658158005680889
12 30 0.6159128439612687
12 26 0.17842306604143232
12 25 0.17165258288150653
12 27 0.663217582157813
12 37 0.113763936329633
12 48 0.20809069485403597
12 49 0.858022658736445
12 54 0.28094290697481483
12 40 0.858022658736445
12 60 0.2805574109079316
12 62 0.8637359096901491
12 67 1.0
12 53 0.768910508020781
12 41 0.30571638606488705
12 43 0.5973957250826061
12 55 0.6631982831750065
12 50 0.6631982831750065
12 63 0.768910508020781
12 59 0.5561623169342056
12 38 0.284318370744586
12 39 0.43211040762253106
12 65 0.5392980556352995
12 58 0.5823802824015729
12 51 0.3097613047575578
12 56 0.5303091183886863
12 45 0.5093938380596228
12 52 0.1994946034392342
12 42 0.008343022607732564
12 64 0.670647699967958
12 66 0.670647699967958
12 61 0.670647699967958
12 46 0.670647699967958
12 47 0.670647699967958
12 35 0.5658158005680889
12 36 0.6159128439612687
12 57 0.17842306604143232
12 44 0.17165258288150653
12 68 0.663217582157813
13 14 0.25991898647043854
13 15 0.6689497446641326
13 33 0.3093764283694327
13 34 0.02687495801365003
13 32 0.1660016691312194
13 22 0.937363437609747
13 20 0.25889519427437335
13 18 0.937363437609747
13 31 0.525546544988174
13 29 0.5041663781157695
13 28 0.46565987257054076
13 17 0.2385153176728636
13 16 0.6689497446641326
13 19 0.6689497446641326
13 21 0.6689497446641326
13 23 0.6689497446641326
13 24 0.5626891899155453
13 30 0.6156247000908479
13 26 0.209139761980623
13 25 0.20850108430022374
13 27 0.6753628051374108
13 37 0.12732398242224008
13 48 0.1660016691312194
13 49 0.937363437609747
13 54 0.25889519427437335
13 40 0.937363437609747
13 60 0.25991898647043854
13 62 1.0
13 67 0.8637359096901491
13 53 0.7610456217080355
13 41 0.28345001325942576
13 43 0.6241755089722574
13 55 0.6636002663290128
13 50 0.6636002663290128
13 63 0.7610456217080355
13 59 0.5733776458073407
13 38 0.2622293254826218
13 39 0.4962952674832195
13 65 0.525546544988174
13 58 0.582921220746357
13 51 0.3093764283694327
13 56 0.5041663781157695
13 45 0.46565987257054076
13 52 0.2385153176728636
13 42 0.02687495801365003
13 64 0.6689497446641326
13 66 0.6689497446641326
13 61 0.6689497446641326
13 46 0.6689497446641326
13 47 0.6689497446641326
13 35 0.5626891899155453
13 36 0.6156247000908479
13 57 0.209139761980623
13 44 0.20850108430022374
13 68 0.6753628051374108
14 15 0.300214983522892
14 33 0.21283346379641443
14 34 -0.09592762571992353
14 32 0.7656120844185352
14 22 0.3097358077066019
14 20 0.8864421998150647
14 18 0.3097358077066019
14 31 0.6158745806314982
14 29 0.6087338697980158
14 28 0.5937585045467131
14 17 -0.31481648806948215
14 16 0.300214983522892
14 19 0.300214983522892
14 21 0.300214983522892
14 23 0.300214983522892
14 24 0.38349547202233225
14 30 0.34268968377728015
14 26 -0.12786851450800896
14 25 -0.1265178622561507
14 27 0.2503016261616722
14 37 0.16100683249533176
14 48 0.7656120844185352
14 49 0.3097358077066019
14 54 0.8864421998150647
14 40 0.3097358077066019
14 60 1.0
14 62 0.25991898647043854
14 67 0.2805574109079316
14 53 0.2740191991906613
14 41 0.8839001387823373
14 43 0.518310854327865
14 55 0.27121430402621627
14 50 0.27121430402621627
14 63 0.2740191991906613
14 59 0.5100561868166551
14 38 0.6905378644587472
14 39 0.3495263176737353
14 65 0.6158745806314982
14 58 0.5266880479757674
14 51 0.21283346379641443
14 56 0.6087338697980158
14 45 0.5937585045467131
14 52 -0.31481648806948215
14 42 -0.09592762571992353
14 64 0.300214983522892
14 66 0.300214983522892
14 61 0.300214983522892
14 46 0.300214983522892
14 47 0.300214983522892
14 35 0.38349547202233225
14 36 0.34268968377728015
14 57 -0.12786851450800896
14 44 -0.1265178622561507
14 68 0.2503016261616722
15 33 0.2569465159904212
15 34 -0.08148425939725712
15 32 0.28539164748508483
15 22 0.7104572574608028
15 20 0.2999935958068818
15 18 0.7104572574608028
15 31 0.5800937564927153
15 29 0.574000057822559
15 28 0.580690449627582
15 17 0.15524564241059124
15 16 1.0
15 19 1.0
15 21 1.0
15 23 1.0
15 24 0.7816373264649883
15 30 0.848163487506099
15 26 0.018138825427740812
15 25 0.0061395265511237085
15 27 0.9266467494890094
15 37 0.016955676139332354
15 48 0.28539164748508483
15 49 0.7104572574608028
15 54 0.2999935958068818
15 40 0.7104572574608028
15 60 0.300214983522892
15 62 0.6689497446641326
15 67 0.670647699967958
15 53 0.5833204659866169
15 41 0.3521882863715291
15 43 0.48168374644592404
15 55 0.4838854216504842
15 50 0.4838854216504842
15 63 0.5833204659866169
15 59 0.42861466424074024
15 38 0.31421059381682426
15 39 0.26496709464117885
15 65 0.5800937564927153
15 58 0.5997140213730745
15 51 0.2569465159904212
15 56 0.574000057822559
15 45 0.580690449627582
15 52 0.15524564241059124
15 42 -0.08148425939725712
15 64 1.0
15 66 1.0
15 61 1.0
15 46 1.0
15 47 1.0
15 35 0.7816373264649883
15 36 0.848163487506099
15 57 0.018138825427740812
15 44 0.0061395265511237085
15 68 0.9266467494890094
33 34 0.630058599577751
33 32 0.24604332260787487
33 22 0.30215484485961497
33 20 0.10053556959610432
33 18 0.30215484485961497
33 31 0.37818602100014687
33 29 0.3854596884921193
33 28 0.4709816983086057
33 17 -0.09099126374348998
33 16 0.2569465159904212
33 19 0.2569465159904212
33 21 0.2569465159904212
33 23 0.2569465159904212
33 24 0.38473779091145843
33 30 0.35656041523907334
33 26 0.09043482376728207
33 25 0.08886387757956982
33 27 0.2669910197146237
33 37 0.5848493304802105
33 48 0.24604332260787487
33 49 0.30215484485961497
33 54 0.10053556959610432
33 40 0.30215484485961497
33 60 0.21283346379641443
33 62 0.3093764283694327
33 67 0.3097613047575578
33 53 0.393804051913321
33 41 0.1722503388300538
33 43 0.35662313527427614
33 55 0.44451039109844714
33 50 0.44451039109844714
33 63 0.393804051913321
33 59 0.4429078383836895
33 38 0.48923824925441295
33 39 0.5931316469796002
33 65 0.37818602100014687
33 58 0.3234722508932464
33 51 1.0
33 56 0.3854596884921193
33 45 0.4709816983086057
33 52 -0.09099126374348998
33 42 0.630058599577751
33 64 0.2569465159904212
33 66 0.2569465159904212
33 61 0.2569465159904212
33 46 0.2569465159904212
33 47 0.2569465159904212
33 35 0.38473779091145843
33 36 0.35656041523907334
33 57 0.09043482376728207
33 44 0.08886387757956982
33 68 0.2669910197146237
34 32 -0.10656130575807765
34 22 -0.004644442175049335
34 20 -0.20779816812137142
34 18 -0.004644442175049335
34 31 0.0504140667617321
34 29 0.051912259426899254
34 28 0.1109972073463723
34 17 -0.04262833233224228
34 16 -0.08148425939725712
34 19 -0.08148425939725712
34 21 -0.08148425939725712
34 23 -0.08148425939725712
34 24 0.03568273346172646
34 30 0.014221013116184622
34 26 0.107106251292862
34 25 0.11115325894206762
34 27 -0.07294321648078039
34 37 0.6505092509905808
34 48 -0.10656130575807765
34 49 -0.004644442175049335
34 54 -0.20779816812137142
34 40 -0.004644442175049335
34 60 -0.09592762571992353
34 62 0.02687495801365003
34 67 0.008343022607732564
34 53 0.052509669156279415
34 41 -0.1572679043165408
34 43 0.08910411695251241
34 55 0.1154870698810555
34 50 0.1154870698810555
34 63 0.052509669156279415
34 59 0.17680028785252944
34 38 0.1728722799452953
34 39 0.33448549505556
34 65 0.0504140667617321
34 58 0.03508095350116491
34 51 0.630058599577751
34 56 0.051912259426899254
34 45 0.1109972073463723
34 52 -0.04262833233224228
34 42 1.0
34 64 -0.08148425939725712
34 66 -0.08148425939725712
34 61 -0.08148425939725712
34 46 -0.08148425939725712
34 47 -0.08148425939725712
34 35 0.03568273346172646
34 36 0.014221013116184622
34 57 0.107106251292862
34 44 0.11115325894206762
34 68 -0.07294321648078039
32 22 0.2096974360756576
32 20 0.6928401226177812
32 18 0.2096974360756576
32 31 0.56436549074715
32 29 0.5738128326484002
32 28 0.6040725189377554
32 17 -0.4070328277302906
32 16 0.28539164748508483
32 19 0.28539164748508483
32 21 0.28539164748508483
32 23 0.28539164748508483
32 24 0.4100863316562027
32 30 0.35437842761166394
32 26 -0.20707015111111104
32 25 -0.21238011884270236
32 27 0.24072354508098215
32 37 0.13592638238333166
32 48 1.0
32 49 0.2096974360756576
32 54 0.6928401226177812
32 40 0.2096974360756576
32 60 0.7656120844185352
32 62 0.1660016691312194
32 67 0.20809069485403597
32 53 0.223141013761051
32 41 0.8036327336449176
32 43 0.376307389466092
32 55 0.21953383658546954
32 50 0.21953383658546954
32 63 0.223141013761051
32 59 0.4213666105642915
32 38 0.6253840925637633
32 39 0.25158939277753234
32 65 0.56436549074715
32 58 0.47424730606144294
32 51 0.24604332260787487
32 56 0.5738128326484002
32 45 0.6040725189377554
32 52 -0.4070328277302906
32 42 -0.10656130575807765
32 64 0.28539164748508483
32 66 0.28539164748508483
32 61 0.28539164748508483
32 46 0.28539164748508483
32 47 0.28539164748508483
32 35 0.4100863316562027
32 36 0.35437842761166394
32 57 -0.20707015111111104
32 44 -0.21238011884270236
32 68 0.24072354508098215
22 20 0.30865429586265236
22 18 1.0
22 31 0.567524517478887
22 29 0.5481377571704797
22 28 0.5093556397478096
22 17 0.19300238438881934
22 16 0.7104572574608028
22 19 0.7104572574608028
22 21 0.7104572574608028
22 23 0.7104572574608028
22 24 0.5979455533670262
22 30 0.6469780578045174
22 26 0.15846926998347044
22 25 0.15870984439970925
22 27 0.7054027167614549
22 37 0.13248106616083533
22 48 0.2096974360756576
22 49 1.0
22 54 0.30865429586265236
22 40 1.0
22 60 0.3097358077066019
22 62 0.937363437609747
22 67 0.858022658736445
22 53 0.7498704162426293
22 41 0.333541865227744
22 43 0.6306214458309114
22 55 0.6583681787597016
22 50 0.6583681787597016
22 63 0.7498704162426293
22 59 0.5746754158753902
22 38 0.31244453345425427
22 39 0.44926514266990125
22 65 0.567524517478887
22 58 0.5927321189665236
22 51 0.30215484485961497
22 56 0.5481377571704797
22 45 0.5093556397478096
22 52 0.19300238438881934
22 42 -0.004644442175049335
22 64 0.7104572574608028
22 66 0.7104572574608028
22 61 0.7104572574608028
22 46 0.7104572574608028
22 47 0.7104572574608028
22 35 0.5979455533670262
22 36 0.6469780578045174
22 57 0.15846926998347044
22 44 0.15870984439970925
22 68 0.7054027167614549
20 18 0.30865429586265236
20 31 0.6134827489149757
20 29 0.6068476940854453
20 28 0.5367099437280558
20 17 -0.31819846492726356
20 16 0.2999935958068818
20 19 0.2999935958068818
20 21 0.2999935958068818
20 23 0.2999935958068818
20 24 0.2740209283074364
20 30 0.28476902784314007
20 26 -0.13506716210395098
20 25 -0.13367913122056052
20 27 0.2491860828595236
20 37 0.04988438868895173
20 48 0.6928401226177812
20 49 0.30865429586265236
20 54 1.0
20 40 0.30865429586265236
20 60 0.8864421998150647
20 62 0.25889519427437335
20 67 0.28094290697481483
20 53 0.269297324353829
20 41 0.8753824736922979
20 43 0.45993505569640547
20 55 0.2114005732582882
20 50 0.2114005732582882
20 63 0.269297324353829
20 59 0.3985009639291093
20 38 0.5810908920830116
20 39 0.23837524780537933
20 65 0.6134827489149757
20 58 0.5283422335633077
20 51 0.10053556959610432
20 56 0.6068476940854453
20 45 0.5367099437280558
20 52 -0.31819846492726356
20 42 -0.20779816812137142
20 64 0.2999935958068818
20 66 0.2999935958068818
20 61 0.2999935958068818
20 46 0.2999935958068818
20 47 0.2999935958068818
20 35 0.2740209283074364
20 36 0.28476902784314007
20 57 -0.13506716210395098
20 44 -0.13367913122056052
20 68 0.2491860828595236
18 31 0.567524517478887
18 29 0.5481377571704797
18 28 0.5093556397478096
18 17 0.19300238438881934
18 16 0.7104572574608028
18 19 0.7104572574608028
18 21 0.7104572574608028
18 23 0.7104572574608028
18 24 0.5979455533670262
18 30 0.6469780578045174
18 26 0.15846926998347044
18 25 0.15870984439970925
18 27 0.7054027167614549
18 37 0.13248106616083533
18 48 0.2096974360756576
18 49 1.0
18 54 0.30865429586265236
18 40 1.0
18 60 0.3097358077066019
18 62 0.937363437609747
18 67 0.858022658736445
18 53 0.7498704162426293
18 41 0.333541865227744
18 43 0.6306214458309114
18 55 0.6583681787597016
18 50 0.6583681787597016
18 63 0.7498704162426293
18 59 0.5746754158753902
18 38 0.31244453345425427
18 39 0.44926514266990125
18 65 0.567524517478887
18 58 0.5927321189665236
18 51 0.30215484485961497
18 56 0.5481377571704797
18 45 0.5093556397478096
18 52 0.19300238438881934
18 42 -0.004644442175049335
18 64 0.7104572574608028
18 66 0.7104572574608028
18 61 0.7104572574608028
18 46 0.7104572574608028
18 47 0.7104572574608028
18 35 0.5979455533670262
18 36 0.6469780578045174
18 57 0.15846926998347044
18 44 0.15870984439970925
18 68 0.7054027167614549
31 29 0.9662611315725371
31 28 0.8661454665707424
31 17 -0.04109885572688654
31 16 0.5800937564927153
31 19 0.5800937564927153
31 21 0.5800937564927153
31 23 0.5800937564927153
31 24 0.46765369625063613
31 30 0.5210949350730516
31 26 0.10813626367598772
31 25 0.104717499576509
31 27 0.5309261835063808
31 37 0.18159508210374042
31 48 0.56436549074715
31 49 0.567524517478887
31 54 0.6134827489149757
31 40 0.567524517478887
31 60 0.6158745806314982
31 62 0.525546544988174
31 67 0.5392980556352995
31 53 0.4889697277103551
31 41 0.6665273408289067
31 43 0.6421216609305702
31 55 0.4087127963430248
31 50 0.4087127963430248
31 63 0.4889697277103551
31 59 0.5452988347387873
31 38 0.5712467409321107
31 39 0.37231589056318626
31 65 1.0
31 58 0.8857952416874468
31 51 0.37818602100014687
31 56 0.9662611315725371
31 45 0.8661454665707424
31 52 -0.04109885572688654
31 42 0.0504140667617321
31 64 0.5800937564927153
31 66 0.5800937564927153
31 61 0.5800937564927153
31 46 0.5800937564927153
31 47 0.5800937564927153
31 35 0.46765369625063613
31 36 0.5210949350730516
31 57 0.10813626367598772
31 44 0.104717499576509
31 68 0.5309261835063808
29 28 0.8920949616003782
29 17 -0.06770431104814634
29 16 0.574000057822559
29 19 0.574000057822559
29 21 0.574000057822559
29 23 0.574000057822559
29 24 0.4796046742121689
29 30 0.5240563107072376
29 26 0.08635172783397138
29 25 0.08304679347202182
29 27 0.5243139183730818
29 37 0.18084261735202745
29 48 0.5738128326484002
29 49 0.5481377571704797
29 54 0.6068476940854453
29 40 0.5481377571704797
29 60 0.6087338697980158
29 62 0.5041663781157695
29 67 0.5303091183886863
29 53 0.49471038201591
29 41 0.6494149685022421
29 43 0.6284199609071948
29 55 0.4141263999626972
29 50 0.4141263999626972
29 63 0.49471038201591
29 59 0.5364560126909055
29 38 0.5591291372547857
29 39 0.36292936984682456
29 65 0.9662611315725371
29 58 0.8681592891225591
29 51 0.3854596884921193
29 56 1.0
29 45 0.8920949616003782
29 52 -0.06770431104814634
29 42 0.051912259426899254
29 64 0.574000057822559
29 66 0.574000057822559
29 61 0.574000057822559
29 46 0.574000057822559
29 47 0.574000057822559
29 35 0.4796046742121689
29 36 0.5240563107072376
29 57 0.08635172783397138
29 44 0.08304679347202182
29 68 0.5243139183730818
28 17 -0.0768680790788494
28 16 0.580690449627582
28 19 0.580690449627582
28 21 0.580690449627582
28 23 0.580690449627582
28 24 0.562970764178317
28 30 0.60097856487846
28 26 0.10201973852235824
28 25 0.09362677263561636
28 27 0.5364011081983335
28 37 0.21888485160889104
28 48 0.6040725189377554
28 49 0.5093556397478096
28 54 0.5367099437280558
28 40 0.5093556397478096
28 60 0.5937585045467131
28 62 0.46565987257054076
28 67 0.5093938380596228
28 53 0.5175122520304285
28 41 0.6343199904658832
28 43 0.6515933252521791
28 55 0.493524614314083
28 50 0.493524614314083
28 63 0.5175122520304285
28 59 0.5671925075002946
28 38 0.5993351956713013
28 39 0.39425303746247664
28 65 0.8661454665707424
28 58 0.8219216159777716
28 51 0.4709816983086057
28 56 0.8920949616003782
28 45 1.0
28 52 -0.0768680790788494
28 42 0.1109972073463723
28 64 0.580690449627582
28 66 0.580690449627582
28 61 0.580690449627582
28 46 0.580690449627582
28 47 0.580690449627582
28 35 0.562970764178317
28 36 0.60097856487846
28 57 0.10201973852235824
28 44 0.09362677263561636
28 68 0.5364011081983335
17 16 0.15524564241059124
17 19 0.15524564241059124
17 21 0.15524564241059124
17 23 0.15524564241059124
17 24 0.037045031087473035
17 30 0.10079488437622786
17 26 0.2505937882233411
17 25 0.24796365265501663
17 27 0.17592059005983174
17 37 -0.16602935327682644
17 48 -0.4070328277302906
17 49 0.19300238438881934
17 54 -0.31819846492726356
17 40 0.19300238438881934
17 60 -0.31481648806948215
17 62 0.2385153176728636
17 67 0.1994946034392342
17 53 0.28638576914090663
17 41 -0.3139002271927893
17 43 0.07179444539360702
17 55 0.260783783858642
17 50 0.260783783858642
17 63 0.28638576914090663
17 59 0.034573000855743885
17 38 -0.3219314377056435
17 39 0.033609796315431595
17 65 -0.04109885572688654
17 58 0.04820943780941889
17 51 -0.09099126374348998
17 56 -0.06770431104814634
17 45 -0.0768680790788494
17 52 1.0
17 42 -0.04262833233224228
17 64 0.15524564241059124
17 66 0.15524564241059124
17 61 0.15524564241059124
17 46 0.15524564241059124
17 47 0.15524564241059124
17 35 0.037045031087473035
17 36 0.10079488437622786
17 57 0.2505937882233411
17 44 0.24796365265501663
17 68 0.17592059005983174
16 19 1.0
16 21 1.0
16 23 1.0
16 24 0.7816373264649883
16 30 0.848163487506099
16 26 0.018138825427740812
16 25 0.0061395265511237085
16 27 0.9266467494890094
16 37 0.016955676139332354
16 48 0.28539164748508483
16 49 0.7104572574608028
16 54 0.2999935958068818
16 40 0.7104572574608028
16 60 0.300214983522892
16 62 0.6689497446641326
16 67 0.670647699967958
16 53 0.5833204659866169
16 41 0.3521882863715291
16 43 0.48168374644592404
16 55 0.4838854216504842
16 50 0.4838854216504842
16 63 0.5833204659866169
16 59 0.42861466424074024
16 38 0.31421059381682426
16 39 0.26496709464117885
16 65 0.5800937564927153
16 58 0.5997140213730745
16 51 0.2569465159904212
16 56 0.574000057822559
16 45 0.580690449627582
16 52 0.15524564241059124
16 42 -0.08148425939725712
16 64 1.0
16 66 1.0
16 61 1.0
16 46 1.0
16 47 1.0
16 35 0.7816373264649883
16 36 0.848163487506099
16 57 0.018138825427740812
16 44 0.0061395265511237085
16 68 0.9266467494890094
19 21 1.0
19 23 1.0
19 24 0.7816373264649883
19 30 0.848163487506099
19 26 0.018138825427740812
19 25 0.0061395265511237085
19 27 0.9266467494890094
19 37 0.016955676139332354
19 48 0.28539164748508483
19 49 0.7104572574608028
19 54 0.2999935958068818
19 40 0.7104572574608028
19 60 0.300214983522892
19 62 0.6689497446641326
19 67 0.670647699967958
19 53 0.5833204659866169
19 41 0.3521882863715291
19 43 0.48168374644592404
19 55 0.4838854216504842
19 50 0.4838854216504842
19 63 0.5833204659866169
19 59 0.42861466424074024
19 38 0.31421059381682426
19 39 0.26496709464117885
19 65 0.5800937564927153
19 58 0.5997140213730745
19 51 0.2569465159904212
19 56 0.574000057822559
19 45 0.580690449627582
19 52 0.15524564241059124
19 42 -0.08148425939725712
19 64 1.0
19 66 1.0
19 61 1.0
19 46 1.0
19 47 1.0
19 35 0.7816373264649883
19 36 0.848163487506099
19 57 0.018138825427740812
19 44 0.0061395265511237085
19 68 0.9266467494890094
21 23 1.0
21 24 0.7816373264649883
21 30 0.848163487506099
21 26 0.018138825427740812
21 25 0.0061395265511237085
21 27 0.9266467494890094
21 37 0.016955676139332354
21 48 0.28539164748508483
21 49 0.7104572574608028
21 54 0.2999935958068818
21 40 0.7104572574608028
21 60 0.300214983522892
21 62 0.6689497446641326
21 67 0.670647699967958
21 53 0.5833204659866169
21 41 0.3521882863715291
21 43 0.48168374644592404
21 55 0.4838854216504842
21 50 0.4838854216504842
21 63 0.5833204659866169
21 59 0.42861466424074024
21 38 0.31421059381682426
21 39 0.26496709464117885
21 65 0.5800937564927153
21 58 0.5997140213730745
21 51 0.2569465159904212
21 56 0.574000057822559
21 45 0.580690449627582
21 52 0.15524564241059124
21 42 -0.08148425939725712
21 64 1.0
21 66 1.0
21 61 1.0
21 46 1.0
21 47 1.0
21 35 0.7816373264649883
21 36 0.848163487506099
21 57 0.018138825427740812
21 44 0.0061395265511237085
21 68 0.9266467494890094
23 24 0.7816373264649883
23 30 0.848163487506099
23 26 0.018138825427740812
23 25 0.0061395265511237085
23 27 0.9266467494890094
23 37 0.016955676139332354
23 48 0.28539164748508483
23 49 0.7104572574608028
23 54 0.2999935958068818
23 40 0.7104572574608028
23 60 0.300214983522892
23 62 0.6689497446641326
23 67 0.670647699967958
23 53 0.5833204659866169
23 41 0.3521882863715291
23 43 0.48168374644592404
23 55 0.4838854216504842
23 50 0.4838854216504842
23 63 0.5833204659866169
23 59 0.42861466424074024
23 38 0.31421059381682426
23 39 0.26496709464117885
23 65 0.5800937564927153
23 58 0.5997140213730745
23 51 0.2569465159904212
23 56 0.574000057822559
23 45 0.580690449627582
23 52 0.15524564241059124
23 42 -0.08148425939725712
23 64 1.0
23 66 1.0
23 61 1.0
23 46 1.0
23 47 1.0
23 35 0.7816373264649883
23 36 0.848163487506099
23 57 0.018138825427740812
23 44 0.0061395265511237085
23 68 0.9266467494890094
24 30 0.9134993394836783
24 26 -0.03931184846442193
24 25 -0.05116617394378409
24 27 0.7776535633020103
24 37 0.10443111998029053
24 48 0.4100863316562027
24 49 0.5979455533670262
24 54 0.2740209283074364
24 40 0.5979455533670262
24 60 0.38349547202233225
24 62 0.5626891899155453
24 67 0.5658158005680889
24 53 0.5785348128993064
24 41 0.36969974788371474
24 43 0.4324423569487408
24 55 0.5516753791598603
24 50 0.5516753791598603
24 63 0.5785348128993064
24 59 0.44085375405848026
24 38 0.401915519265458
24 39 0.32843216334003955
24 65 0.46765369625063613
24 58 0.41337675211252645
24 51 0.38473779091145843
24 56 0.4796046742121689
24 45 0.562970764178317
24 52 0.037045031087473035
24 42 0.03568273346172646
24 64 0.7816373264649883
24 66 0.7816373264649883
24 61 0.7816373264649883
24 46 0.7816373264649883
24 47 0.7816373264649883
24 35 1.0
24 36 0.9134993394836783
24 57 -0.03931184846442193
24 44 -0.05116617394378409
24 68 0.7776535633020103
30 26 0.033049797057174146
30 25 0.020949907891917974
30 27 0.8541630695108324
30 37 0.0861650281585753
30 48 0.35437842761166394
30 49 0.6469780578045174
30 54 0.28476902784314007
30 40 0.6469780578045174
30 60 0.34268968377728015
30 62 0.6156247000908479
30 67 0.6159128439612687
30 53 0.6168601857498288
30 41 0.38566041516605765
30 43 0.4855851869797334
30 55 0.5918874187627807
30 50 0.5918874187627807
30 63 0.6168601857498288
30 59 0.4396183667704463
30 38 0.36159701994620264
30 39 0.3247500016586855
30 65 0.5210949350730516
30 58 0.47453428158769384
30 51 0.35656041523907334
30 56 0.5240563107072376
30 45 0.60097856487846
30 52 0.10079488437622786
30 42 0.014221013116184622
30 64 0.848163487506099
30 66 0.848163487506099
30 61 0.848163487506099
30 46 0.848163487506099
30 47 0.848163487506099
30 35 0.9134993394836783
30 36 1.0
30 57 0.033049797057174146
30 44 0.020949907891917974
30 68 0.8541630695108324
26 25 0.9785733393509872
26 27 0.045600992161780596
26 37 -0.0008802301017567515
26 48 -0.20707015111111104
26 49 0.15846926998347044
26 54 -0.13506716210395098
26 40 0.15846926998347044
26 60 -0.12786851450800896
26 62 0.209139761980623
26 67 0.17842306604143232
26 53 0.21884487802162766
26 41 -0.11859759606886655
26 43 0.30144377320539206
26 55 0.20497059624176472
26 50 0.20497059624176472
26 63 0.21884487802162766
26 59 0.27561652136500925
26 38 -0.13083477970212698
26 39 0.27354122314136475
26 65 0.10813626367598772
26 58 0.1494692366104573
26 51 0.09043482376728207
26 56 0.08635172783397138
26 45 0.10201973852235824
26 52 0.2505937882233411
26 42 0.107106251292862
26 64 0.018138825427740812
26 66 0.018138825427740812
26 61 0.018138825427740812
26 46 0.018138825427740812
26 47 0.018138825427740812
26 35 -0.03931184846442193
26 36 0.033049797057174146
26 57 1.0
26 44 0.9785733393509872
26 68 0.045600992161780596
25 27 0.03439818572951481
25 37 0.0006706001586280763
25 48 -0.21238011884270236
25 49 0.15870984439970925
25 54 -0.13367913122056052
25 40 0.15870984439970925
25 60 -0.1265178622561507
25 62 0.20850108430022374
25 67 0.17165258288150653
25 53 0.2128704537753947
25 41 -0.12080189731204882
25 43 0.30464540485991165
25 55 0.20400053699268028
25 50 0.20400053699268028
25 63 0.2128704537753947
25 59 0.27776784350862727
25 38 -0.12985671445494518
25 39 0.2753784162341617
25 65 0.104717499576509
25 58 0.14622854045592248
25 51 0.08886387757956982
25 56 0.08304679347202182
25 45 0.09362677263561636
25 52 0.24796365265501663
25 42 0.11115325894206762
25 64 0.0061395265511237085
25 66 0.0061395265511237085
25 61 0.0061395265511237085
25 46 0.0061395265511237085
25 47 0.0061395265511237085
25 35 -0.05116617394378409
25 36 0.020949907891917974
25 57 0.9785733393509872
25 44 1.0
25 68 0.03439818572951481
27 37 0.009534001001156867
27 48 0.24072354508098215
27 49 0.7054027167614549
27 54 0.2491860828595236
27 40 0.7054027167614549
27 60 0.2503016261616722
27 62 0.6753628051374108
27 67 0.663217582157813
27 53 0.6004919725237414
27 41 0.30145719298161566
27 43 0.4392065270803869
27 55 0.5063349022530019
27 50 0.5063349022530019
27 63 0.6004919725237414
27 59 0.3798675930593163
27 38 0.26679073611740023
27 39 0.26667911116965115
27 65 0.5309261835063808
27 58 0.5480477150413208
27 51 0.2669910197146237
27 56 0.5243139183730818
27 45 0.5364011081983335
27 52 0.17592059005983174
27 42 -0.07294321648078039
27 64 0.9266467494890094
27 66 0.9266467494890094
27 61 0.9266467494890094
27 46 0.9266467494890094
27 47 0.9266467494890094
27 35 0.7776535633020103
27 36 0.8541630695108324
27 57 0.045600992161780596
27 44 0.03439818572951481
27 68 1.0
37 48 0.13592638238333166
37 49 0.13248106616083533
37 54 0.04988438868895173
37 40 0.13248106616083533
37 60 0.16100683249533176
37 62 0.12732398242224008
37 67 0.113763936329633
37 53 0.16844983701594174
37 41 0.09585190156940371
37 43 0.24295895581599325
37 55 0.21466080483514816
37 50 0.21466080483514816
37 63 0.16844983701594174
37 59 0.3484731992939487
37 38 0.39532852335833013
37 39 0.47932445199694484
37 65 0.18159508210374042
37 58 0.13660131086362526
37 51 0.5848493304802105
37 56 0.18084261735202745
37 45 0.21888485160889104
37 52 -0.16602935327682644
37 42 0.6505092509905808
37 64 0.016955676139332354
37 66 0.016955676139332354
37 61 0.016955676139332354
37 46 0.016955676139332354
37 47 0.016955676139332354
37 35 0.10443111998029053
37 36 0.0861650281585753
37 57 -0.0008802301017567515
37 44 0.0006706001586280763
37 68 0.009534001001156867
48 49 0.2096974360756576
48 54 0.6928401226177812
48 40 0.2096974360756576
48 60 0.7656120844185352
48 62 0.1660016691312194
48 67 0.20809069485403597
48 53 0.223141013761051
48 41 0.8036327336449176
48 43 0.376307389466092
48 55 0.21953383658546954
48 50 0.21953383658546954
48 63 0.223141013761051
48 59 0.4213666105642915
48 38 0.6253840925637633
48 39 0.25158939277753234
48 65 0.56436549074715
48 58 0.47424730606144294
48 51 0.24604332260787487
48 56 0.5738128326484002
48 45 0.6040725189377554
48 52 -0.4070328277302906
48 42 -0.10656130575807765
48 64 0.28539164748508483
48 66 0.28539164748508483
48 61 0.28539164748508483
48 46 0.28539164748508483
48 47 0.28539164748508483
48 35 0.4100863316562027
48 36 0.35437842761166394
48 57 -0.20707015111111104
48 44 -0.21238011884270236
48 68 0.24072354508098215
49 54 0.30865429586265236
49 40 1.0
49 60 0.3097358077066019
49 62 0.937363437609747
49 67 0.858022658736445
49 53 0.7498704162426293
49 41 0.333541865227744
49 43 0.6306214458309114
49 55 0.6583681787597016
49 50 0.6583681787597016
49 63 0.7498704162426293
49 59 0.5746754158753902
49 38 0.31244453345425427
49 39 0.44926514266990125
49 65 0.567524517478887
49 58 0.5927321189665236
49 51 0.30215484485961497
49 56 0.5481377571704797
49 45 0.5093556397478096
49 52 0.19300238438881934
49 42 -0.004644442175049335
49 64 0.7104572574608028
49 66 0.7104572574608028
49 61 0.7104572574608028
49 46 0.7104572574608028
49 47 0.7104572574608028
49 35 0.5979455533670262
49 36 0.6469780578045174
49 57 0.15846926998347044
49 44 0.15870984439970925
49 68 0.7054027167614549
54 40 0.30865429586265236
54 60 0.8864421998150647
54 62 0.25889519427437335
54 67 0.28094290697481483
54 53 0.269297324353829
54 41 0.8753824736922979
54 43 0.45993505569640547
54 55 0.2114005732582882
54 50 0.2114005732582882
54 63 0.269297324353829
54 59 0.3985009639291093
54 38 0.5810908920830116
54 39 0.23837524780537933
54 65 0.6134827489149757
54 58 0.5283422335633077
54 51 0.10053556959610432
54 56 0.6068476940854453
54 45 0.5367099437280558
54 52 -0.31819846492726356
54 42 -0.20779816812137142
54 64 0.2999935958068818
54 66 0.2999935958068818
54 61 0.2999935958068818
54 46 0.2999935958068818
54 47 0.2999935958068818
54 35 0.2740209283074364
54 36 0.28476902784314007
54 57 -0.13506716210395098
54 44 -0.13367913122056052
54 68 0.2491860828595236
40 60 0.3097358077066019
40 62 0.937363437609747
40 67 0.858022658736445
40 53 0.7498704162426293
40 41 0.333541865227744
40 43 0.6306214458309114
40 55 0.6583681787597016
40 50 0.6583681787597016
40 63 0.7498704162426293
40 59 0.5746754158753902
40 38 0.31244453345425427
40 39 0.44926514266990125
40 65 0.567524517478887
40 58 0.5927321189665236
40 51 0.30215484485961497
40 56 0.5481377571704797
40 45 0.5093556397478096
40 52 0.19300238438881934
40 42 -0.004644442175049335
40 64 0.7104572574608028
40 66 0.7104572574608028
40 61 0.7104572574608028
40 46 0.7104572574608028
40 47 0.7104572574608028
40 35 0.5979455533670262
40 36 0.6469780578045174
40 57 0.15846926998347044
40 44 0.15870984439970925
40 68 0.7054027167614549
60 62 0.25991898647043854
60 67 0.2805574109079316
60 53 0.2740191991906613
60 41 0.8839001387823373
60 43 0.518310854327865
60 55 0.27121430402621627
60 50 0.27121430402621627
60 63 0.2740191991906613
60 59 0.5100561868166551
60 38 0.6905378644587472
60 39 0.3495263176737353
60 65 0.6158745806314982
60 58 0.5266880479757674
60 51 0.21283346379641443
60 56 0.6087338697980158
60 45 0.5937585045467131
60 52 -0.31481648806948215
60 42 -0.09592762571992353
60 64 0.300214983522892
60 66 0.300214983522892
60 61 0.300214983522892
60 46 0.300214983522892
60 47 0.300214983522892
60 35 0.38349547202233225
60 36 0.34268968377728015
60 57 -0.12786851450800896
60 44 -0.1265178622561507
60 68 0.2503016261616722
62 67 0.8637359096901491
62 53 0.7610456217080355
62 41 0.28345001325942576
62 43 0.6241755089722574
62 55 0.6636002663290128
62 50 0.6636002663290128
62 63 0.7610456217080355
62 59 0.5733776458073407
62 38 0.2622293254826218
62 39 0.4962952674832195
62 65 0.525546544988174
62 58 0.582921220746357
62 51 0.3093764283694327
62 56 0.5041663781157695
62 45 0.46565987257054076
62 52 0.2385153176728636
62 42 0.02687495801365003
62 64 0.6689497446641326
62 66 0.6689497446641326
62 61 0.6689497446641326
62 46 0.6689497446641326
62 47 0.6689497446641326
62 35 0.5626891899155453
62 36 0.6156247000908479
62 57 0.209139761980623
62 44 0.20850108430022374
62 68 0.6753628051374108
67 53 0.768910508020781
67 41 0.30571638606488705
67 43 0.5973957250826061
67 55 0.6631982831750065
67 50 0.6631982831750065
67 63 0.768910508020781
67 59 0.5561623169342056
67 38 0.284318370744586
67 39 0.43211040762253106
67 65 0.5392980556352995
67 58 0.5823802824015729
67 51 0.3097613047575578
67 56 0.5303091183886863
67 45 0.5093938380596228
67 52 0.1994946034392342
67 42 0.008343022607732564
67 64 0.670647699967958
67 66 0.670647699967958
67 61 0.670647699967958
67 46 0.670647699967958
67 47 0.670647699967958
67 35 0.5658158005680889
67 36 0.6159128439612687
67 57 0.17842306604143232
67 44 0.17165258288150653
67 68 0.663217582157813
53 41 0.2841818690067157
53 43 0.5361845932202414
53 55 0.8466861412161961
53 50 0.8466861412161961
53 63 1.0
53 59 0.50486690166872
53 38 0.2696334262145683
53 39 0.4379408716922626
53 65 0.4889697277103551
53 58 0.44840563024627045
53 51 0.393804051913321
53 56 0.49471038201591
53 45 0.5175122520304285
53 52 0.28638576914090663
53 42 0.052509669156279415
53 64 0.5833204659866169
53 66 0.5833204659866169
53 61 0.5833204659866169
53 46 0.5833204659866169
53 47 0.5833204659866169
53 35 0.5785348128993064
53 36 0.6168601857498288
53 57 0.21884487802162766
53 44 0.2128704537753947
53 68 0.6004919725237414
41 43 0.505513766547665
41 55 0.2684098252793774
41 50 0.2684098252793774
41 63 0.2841818690067157
41 59 0.44133409135974944
41 38 0.658854573382996
41 39 0.2700054212473333
41 65 0.6665273408289067
41 58 0.5743796198512428
41 51 0.1722503388300538
41 56 0.6494149685022421
41 45 0.6343199904658832
41 52 -0.3139002271927893
41 42 -0.1572679043165408
41 64 0.3521882863715291
41 66 0.3521882863715291
41 61 0.3521882863715291
41 46 0.3521882863715291
41 47 0.3521882863715291
41 35 0.36969974788371474
41 36 0.38566041516605765
41 57 -0.11859759606886655
41 44 -0.12080189731204882
41 68 0.30145719298161566
43 55 0.5188537086360157
43 50 0.5188537086360157
43 63 0.5361845932202414
43 59 0.8801778261549771
43 38 0.5056881811469793
43 39 0.7056717881932855
43 65 0.6421216609305702
43 58 0.6802961530047469
43 51 0.35662313527427614
43 56 0.6284199609071948
43 45 0.6515933252521791
43 52 0.07179444539360702
43 42 0.08910411695251241
43 64 0.48168374644592404
43 66 0.48168374644592404
43 61 0.48168374644592404
43 46 0.48168374644592404
43 47 0.48168374644592404
43 35 0.4324423569487408
43 36 0.4855851869797334
43 57 0.30144377320539206
43 44 0.30464540485991165
43 68 0.4392065270803869
55 50 1.0
55 63 0.8466861412161961
55 59 0.4928576478268951
55 38 0.2652525134617463
55 39 0.4708338819909841
55 65 0.4087127963430248
55 58 0.3676878352998756
55 51 0.44451039109844714
55 56 0.4141263999626972
55 45 0.493524614314083
55 52 0.260783783858642
55 42 0.1154870698810555
55 64 0.4838854216504842
55 66 0.4838854216504842
55 61 0.4838854216504842
55 46 0.4838854216504842
55 47 0.4838854216504842
55 35 0.5516753791598603
55 36 0.5918874187627807
55 57 0.20497059624176472
55 44 0.20400053699268028
55 68 0.5063349022530019
50 63 0.8466861412161961
50 59 0.4928576478268951
50 38 0.2652525134617463
50 39 0.4708338819909841
50 65 0.4087127963430248
50 58 0.3676878352998756
50 51 0.44451039109844714
50 56 0.4141263999626972
50 45 0.493524614314083
50 52 0.260783783858642
50 42 0.1154870698810555
50 64 0.4838854216504842
50 66 0.4838854216504842
50 61 0.4838854216504842
50 46 0.4838854216504842
50 47 0.4838854216504842
50 35 0.5516753791598603
50 36 0.5918874187627807
50 57 0.20497059624176472
50 44 0.20400053699268028
50 68 0.5063349022530019
63 59 0.50486690166872
63 38 0.2696334262145683
63 39 0.4379408716922626
63 65 0.4889697277103551
63 58 0.44840563024627045
63 51 0.393804051913321
63 56 0.49471038201591
63 45 0.5175122520304285
63 52 0.28638576914090663
63 42 0.052509669156279415
63 64 0.5833204659866169
63 66 0.5833204659866169
63 61 0.5833204659866169
63 46 0.5833204659866169
63 47 0.5833204659866169
63 35 0.5785348128993064
63 36 0.6168601857498288
63 57 0.21884487802162766
63 44 0.2128704537753947
63 68 0.6004919725237414
59 38 0.5581733549479395
59 39 0.8154512518085539
59 65 0.5452988347387873
59 58 0.5848191843251698
59 51 0.4429078383836895
59 56 0.5364560126909055
59 45 0.5671925075002946
59 52 0.034573000855743885
59 42 0.17680028785252944
59 64 0.42861466424074024
59 66 0.42861466424074024
59 61 0.42861466424074024
59 46 0.42861466424074024
59 47 0.42861466424074024
59 35 0.44085375405848026
59 36 0.4396183667704463
59 57 0.27561652136500925
59 44 0.27776784350862727
59 68 0.3798675930593163
38 39 0.5553021074738353
38 65 0.5712467409321107
38 58 0.5234579800744541
38 51 0.48923824925441295
38 56 0.5591291372547857
38 45 0.5993351956713013
38 52 -0.3219314377056435
38 42 0.1728722799452953
38 64 0.31421059381682426
38 66 0.31421059381682426
38 61 0.31421059381682426
38 46 0.31421059381682426
38 47 0.31421059381682426
38 35 0.401915519265458
38 36 0.36159701994620264
38 57 -0.13083477970212698
38 44 -0.12985671445494518
38 68 0.26679073611740023
39 65 0.37231589056318626
39 58 0.41284797311527655
39 51 0.5931316469796002
39 56 0.36292936984682456
39 45 0.39425303746247664
39 52 0.033609796315431595
39 42 0.33448549505556
39 64 0.26496709464117885
39 66 0.26496709464117885
39 61 0.26496709464117885
39 46 0.26496709464117885
39 47 0.26496709464117885
39 35 0.32843216334003955
39 36 0.3247500016586855
39 57 0.27354122314136475
39 44 0.2753784162341617
39 68 0.26667911116965115
65 58 0.8857952416874468
65 51 0.37818602100014687
65 56 0.9662611315725371
65 45 0.8661454665707424
65 52 -0.04109885572688654
65 42 0.0504140667617321
65 64 0.5800937564927153
65 66 0.5800937564927153
65 61 0.5800937564927153
65 46 0.5800937564927153
65 47 0.5800937564927153
65 35 0.46765369625063613
65 36 0.5210949350730516
65 57 0.10813626367598772
65 44 0.104717499576509
65 68 0.5309261835063808
58 51 0.3234722508932464
58 56 0.8681592891225591
58 45 0.8219216159777716
58 52 0.04820943780941889
58 42 0.03508095350116491
58 64 0.5997140213730745
58 66 0.5997140213730745
58 61 0.5997140213730745
58 46 0.5997140213730745
58 47 0.5997140213730745
58 35 0.41337675211252645
58 36 0.47453428158769384
58 57 0.1494692366104573
58 44 0.14622854045592248
58 68 0.5480477150413208
51 56 0.3854596884921193
51 45 0.4709816983086057
51 52 -0.09099126374348998
51 42 0.630058599577751
51 64 0.2569465159904212
51 66 0.2569465159904212
51 61 0.2569465159904212
51 46 0.2569465159904212
51 47 0.2569465159904212
51 35 0.38473779091145843
51 36 0.35656041523907334
51 57 0.09043482376728207
51 44 0.08886387757956982
51 68 0.2669910197146237
56 45 0.8920949616003782
56 52 -0.06770431104814634
56 42 0.051912259426899254
56 64 0.574000057822559
56 66 0.574000057822559
56 61 0.574000057822559
56 46 0.574000057822559
56 47 0.574000057822559
56 35 0.4796046742121689
56 36 0.5240563107072376
56 57 0.08635172783397138
56 44 0.08304679347202182
56 68 0.5243139183730818
45 52 -0.0768680790788494
45 42 0.1109972073463723
45 64 0.580690449627582
45 66 0.580690449627582
45 61 0.580690449627582
45 46 0.580690449627582
45 47 0.580690449627582
45 35 0.562970764178317
45 36 0.60097856487846
45 57 0.10201973852235824
45 44 0.09362677263561636
45 68 0.5364011081983335
52 42 -0.04262833233224228
52 64 0.15524564241059124
52 66 0.15524564241059124
52 61 0.15524564241059124
52 46 0.15524564241059124
52 47 0.15524564241059124
52 35 0.037045031087473035
52 36 0.10079488437622786
52 57 0.2505937882233411
52 44 0.24796365265501663
52 68 0.17592059005983174
42 64 -0.08148425939725712
42 66 -0.08148425939725712
42 61 -0.08148425939725712
42 46 -0.08148425939725712
42 47 -0.08148425939725712
42 35 0.03568273346172646
42 36 0.014221013116184622
42 57 0.107106251292862
42 44 0.11115325894206762
42 68 -0.07294321648078039
64 66 1.0
64 61 1.0
64 46 1.0
64 47 1.0
64 35 0.7816373264649883
64 36 0.848163487506099
64 57 0.018138825427740812
64 44 0.0061395265511237085
64 68 0.9266467494890094
66 61 1.0
66 46 1.0
66 47 1.0
66 35 0.7816373264649883
66 36 0.848163487506099
66 57 0.018138825427740812
66 44 0.0061395265511237085
66 68 0.9266467494890094
61 46 1.0
61 47 1.0
61 35 0.7816373264649883
61 36 0.848163487506099
61 57 0.018138825427740812
61 44 0.0061395265511237085
61 68 0.9266467494890094
46 47 1.0
46 35 0.7816373264649883
46 36 0.848163487506099
46 57 0.018138825427740812
46 44 0.0061395265511237085
46 68 0.9266467494890094
47 35 0.7816373264649883
47 36 0.848163487506099
47 57 0.018138825427740812
47 44 0.0061395265511237085
47 68 0.9266467494890094
35 36 0.9134993394836783
35 57 -0.03931184846442193
35 44 -0.05116617394378409
35 68 0.7776535633020103
36 57 0.033049797057174146
36 44 0.020949907891917974
36 68 0.8541630695108324
57 44 0.9785733393509872
57 68 0.045600992161780596
44 68 0.03439818572951481
