1 2 0.47485992062138394
1 3 0.3791993469785666
1 4 0.2752933302108431
1 5 0.03366792008455377
1 6 0.07347582903457806
1 7 0.07347582903457806
1 8 0.12596230203052983
1 9 -0.05166761537839193
1 10 0.0448641850380227
1 11 0.03366792008455377
1 12 0.13393634244857822
1 13 0.06793260261474643
1 14 0.07094426904222928
1 15 -0.009490284151979722
1 33 0.5944395579936099
1 34 0.7364751666027587
1 32 0.06277921031141886
1 22 0.052524903701851144
1 20 -0.048880338843446225
1 18 0.052524903701851144
1 31 0.012064369388099294
1 29 0.033513417140056845
1 28 0.048057289503049105
1 17 -0.11906010152597446
1 16 -0.009490284151979722
1 19 -0.009490284151979722
1 21 -0.009490284151979722
1 23 -0.009490284151979722
1 24 0.06644519632391166
1 30 0.03929135463840794
1 26 -0.04616204191552242
1 25 -0.04000607865600614
1 27 0.0033019554903148673
1 37 1.0
1 48 0.06277921031141886
1 49 0.052524903701851144
1 54 -0.048880338843446225
1 40 0.052524903701851144
1 60 0.07094426904222928
1 62 0.06793260261474643
1 67 0.13393634244857822
1 53 0.03366792008455377
1 41 -0.05166761537839193
1 43 0.12596230203052983
1 55 0.07347582903457806
1 50 0.07347582903457806
1 63 0.03366792008455377
1 59 0.2752933302108431
1 38 0.3791993469785666
1 39 0.47485992062138394
1 65 0.012064369388099294
1 58 0.0448641850380227
1 51 0.5944395579936099
1 56 0.033513417140056845
1 45 0.048057289503049105
1 52 -0.11906010152597446
1 42 0.7364751666027587
1 64 -0.009490284151979722
1 66 -0.009490284151979722
1 61 -0.009490284151979722
1 46 -0.009490284151979722
1 47 -0.009490284151979722
1 35 0.06644519632391166
1 36 0.03929135463840794
1 57 -0.04616204191552242
1 44 -0.04000607865600614
1 68 0.0033019554903148673
2 3 0.5572835220373236
2 4 0.7190137826983118
2 5 0.37683524706517346
2 6 0.3869310549343936
2 7 0.3869310549343936
2 8 0.5339651771937497
2 9 0.15682972833747044
2 10 0.32539221762272064
2 11 0.37683524706517346
2 12 0.4238566835410893
2 13 0.4358721257012803
2 14 0.293854833667865
2 15 0.2896906004025368
2 33 0.6598208919822355
2 34 0.38670701238152105
2 32 0.33131233148742467
2 22 0.39339191911858507
2 20 0.1664774771197699
2 18 0.39339191911858507
2 31 0.24732641955051804
2 29 0.2849671119111008
2 28 0.33155547235219274
2 17 0.09926881645515095
2 16 0.2896906004025368
2 19 0.2896906004025368
2 21 0.2896906004025368
2 23 0.2896906004025368
2 24 0.41648282039386686
2 30 0.37932658653880935
2 26 0.26039405746996636
2 25 0.2667818097761483
2 27 0.3242757727493881
2 37 0.47485992062138394
2 48 0.33131233148742467
2 49 0.39339191911858507
2 54 0.1664774771197699
2 40 0.39339191911858507
2 60 0.293854833667865
2 62 0.4358721257012803
2 67 0.4238566835410893
2 53 0.37683524706517346
2 41 0.15682972833747044
2 43 0.5339651771937497
2 55 0.3869310549343936
2 50 0.3869310549343936
2 63 0.37683524706517346
2 59 0.7190137826983118
2 38 0.5572835220373236
2 39 1.0
2 65 0.24732641955051804
2 58 0.32539221762272064
2 51 0.6598208919822355
2 56 0.2849671119111008
2 45 0.33155547235219274
2 52 0.09926881645515095
2 42 0.38670701238152105
2 64 0.2896906004025368
2 66 0.2896906004025368
2 61 0.2896906004025368
2 46 0.2896906004025368
2 47 0.2896906004025368
2 35 0.41648282039386686
2 36 0.37932658653880935
2 57 0.26039405746996636
2 44 0.2667818097761483
2 68 0.3242757727493881
3 4 0.5605241858866066
3 5 0.2683429998869542
3 6 0.19803760800277814
3 7 0.19803760800277814
3 8 0.507454174279701
3 9 0.5383681267267093
3 10 0.5465234257280827
3 11 0.2683429998869542
3 12 0.4371393349720165
3 13 0.3410971052071545
3 14 0.6212646848289296
3 15 0.40483760682400316
3 33 0.5542538804511423
3 34 0.25267472182167694
3 32 0.5924829108989798
3 22 0.3754978274810128
3 20 0.49758251808816567
3 18 0.3754978274810128
3 31 0.522090216712968
3 29 0.5302257810035371
3 28 0.5575207923538983
3 17 -0.18789583462057635
3 16 0.40483760682400316
3 19 0.40483760682400316
3 21 0.40483760682400316
3 23 0.40483760682400316
3 24 0.4436350159230642
3 30 0.40861241228412837
3 26 -0.04755242451938102
3 25 -0.052154315206280444
3 27 0.3806502426523366
3 37 0.3791993469785666
3 48 0.5924829108989798
3 49 0.3754978274810128
3 54 0.49758251808816567
3 40 0.3754978274810128
3 60 0.6212646848289296
3 62 0.3410971052071545
3 67 0.4371393349720165
3 53 0.2683429998869542
3 41 0.5383681267267093
3 43 0.507454174279701
3 55 0.19803760800277814
3 50 0.19803760800277814
3 63 0.2683429998869542
3 59 0.5605241858866066
3 38 1.0
3 39 0.5572835220373236
3 65 0.522090216712968
3 58 0.5465234257280827
3 51 0.5542538804511423
3 56 0.5302257810035371
3 45 0.5575207923538983
3 52 -0.18789583462057635
3 42 0.25267472182167694
3 64 0.40483760682400316
3 66 0.40483760682400316
3 61 0.40483760682400316
3 46 0.40483760682400316
3 47 0.40483760682400316
3 35 0.4436350159230642
3 36 0.40861241228412837
3 57 -0.04755242451938102
3 44 -0.052154315206280444
3 68 0.3806502426523366
4 5 0.5245511076936964
4 6 0.4310270508431131
4 7 0.4310270508431131
4 8 0.7679558776289923
4 9 0.3662530395668
4 10 0.5229511464422103
4 11 0.5245511076936964
4 12 0.5665529201505706
4 13 0.6084609838435426
4 14 0.5277284469775623
4 15 0.5103903453564271
4 33 0.47741443305130815
4 34 0.15925542419427074
4 32 0.5828995007323101
4 22 0.5777954278892139
4 20 0.3997636456770124
4 18 0.5777954278892139
4 31 0.46446858421404613
4 29 0.5124702454559156
4 28 0.607852400484262
4 17 0.16724608131335117
4 16 0.5103903453564271
4 19 0.5103903453564271
4 21 0.5103903453564271
4 23 0.5103903453564271
4 24 0.6216831225319766
4 30 0.5993642691755667
4 26 0.3216845599163207
4 25 0.31601161078287987
4 27 0.5342503116189619
4 37 0.2752933302108431
4 48 0.5828995007323101
4 49 0.5777954278892139
4 54 0.3997636456770124
4 40 0.5777954278892139
4 60 0.5277284469775623
4 62 0.6084609838435426
4 67 0.5665529201505706
4 53 0.5245511076936964
4 41 0.3662530395668
4 43 0.7679558776289923
4 55 0.4310270508431131
4 50 0.4310270508431131
4 63 0.5245511076936964
4 59 1.0
4 38 0.5605241858866066
4 39 0.7190137826983118
4 65 0.46446858421404613
4 58 0.5229511464422103
4 51 0.47741443305130815
4 56 0.5124702454559156
4 45 0.607852400484262
4 52 0.16724608131335117
4 42 0.15925542419427074
4 64 0.5103903453564271
4 66 0.5103903453564271
4 61 0.5103903453564271
4 46 0.5103903453564271
4 47 0.5103903453564271
4 35 0.6216831225319766
4 36 0.5993642691755667
4 57 0.3216845599163207
4 44 0.31601161078287987
4 68 0.5342503116189619
5 6 0.7328964875778183
5 7 0.7328964875778183
5 8 0.5122077086562058
5 9 0.23917466326383874
5 10 0.4001333364576567
5 11 1.0
5 12 0.6241998567711562
5 13 0.6436874761420768
5 14 0.33620873815380037
5 15 0.4848604140570387
5 33 0.2822780715578119
5 34 -0.06059108139015734
5 32 0.398812058949261
5 22 0.5956499437306775
5 20 0.3155136468121782
5 18 0.5956499437306775
5 31 0.37375660548423184
5 29 0.4211994957368006
5 28 0.5388809150608722
5 17 0.4488764298148453
5 16 0.4848604140570387
5 19 0.4848604140570387
5 21 0.4848604140570387
5 23 0.4848604140570387
5 24 0.530298151599709
5 30 0.5794216208159924
5 26 0.3842539300167118
5 25 0.39988075865403516
5 27 0.6143175004472141
5 37 0.03366792008455377
5 48 0.398812058949261
5 49 0.5956499437306775
5 54 0.3155136468121782
5 40 0.5956499437306775
5 60 0.33620873815380037
5 62 0.6436874761420768
5 67 0.6241998567711562
5 53 1.0
5 41 0.23917466326383874
5 43 0.5122077086562058
5 55 0.7328964875778183
5 50 0.7328964875778183
5 63 1.0
5 59 0.5245511076936964
5 38 0.2683429998869542
5 39 0.37683524706517346
5 65 0.37375660548423184
5 58 0.4001333364576567
5 51 0.2822780715578119
5 56 0.4211994957368006
5 45 0.5388809150608722
5 52 0.4488764298148453
5 42 -0.06059108139015734
5 64 0.4848604140570387
5 66 0.4848604140570387
5 61 0.4848604140570387
5 46 0.4848604140570387
5 47 0.4848604140570387
5 35 0.530298151599709
5 36 0.5794216208159924
5 57 0.3842539300167118
5 44 0.39988075865403516
5 68 0.6143175004472141
6 7 1.0
6 8 0.3948544654995203
6 9 0.13800268570776097
6 10 0.23618871958751697
6 11 0.7328964875778183
6 12 0.4576227332581766
6 13 0.4472681639599614
6 14 0.2296215892129112
6 15 0.29338487824134063
6 33 0.2903798380648368
6 34 -0.024323058503796346
6 32 0.3147796857083449
6 22 0.3975332992558833
6 20 0.14951233647298068
6 18 0.3975332992558833
6 31 0.20437730928097153
6 29 0.24393354576750426
6 28 0.4211795927985804
6 17 0.3908089279284468
6 16 0.29338487824134063
6 19 0.29338487824134063
6 21 0.29338487824134063
6 23 0.29338487824134063
6 24 0.4422277900011977
6 30 0.4825939209986245
6 26 0.37152069602598203
6 25 0.3908257794464589
6 27 0.4387687344205915
6 37 0.07347582903457806
6 48 0.3147796857083449
6 49 0.3975332992558833
6 54 0.14951233647298068
6 40 0.3975332992558833
6 60 0.2296215892129112
6 62 0.4472681639599614
6 67 0.4576227332581766
6 53 0.7328964875778183
6 41 0.13800268570776097
6 43 0.3948544654995203
6 55 1.0
6 50 1.0
6 63 0.7328964875778183
6 59 0.4310270508431131
6 38 0.19803760800277814
6 39 0.3869310549343936
6 65 0.20437730928097153
6 58 0.23618871958751697
6 51 0.2903798380648368
6 56 0.24393354576750426
6 45 0.4211795927985804
6 52 0.3908089279284468
6 42 -0.024323058503796346
6 64 0.29338487824134063
6 66 0.29338487824134063
6 61 0.29338487824134063
6 46 0.29338487824134063
6 47 0.29338487824134063
6 35 0.4422277900011977
6 36 0.4825939209986245
6 57 0.37152069602598203
6 44 0.3908257794464589
6 68 0.4387687344205915
7 8 0.3948544654995203
7 9 0.13800268570776097
7 10 0.23618871958751697
7 11 0.7328964875778183
7 12 0.4576227332581766
7 13 0.4472681639599614
7 14 0.2296215892129112
7 15 0.29338487824134063
7 33 0.2903798380648368
7 34 -0.024323058503796346
7 32 0.3147796857083449
7 22 0.3975332992558833
7 20 0.14951233647298068
7 18 0.3975332992558833
7 31 0.20437730928097153
7 29 0.24393354576750426
7 28 0.4211795927985804
7 17 0.3908089279284468
7 16 0.29338487824134063
7 19 0.29338487824134063
7 21 0.29338487824134063
7 23 0.29338487824134063
7 24 0.4422277900011977
7 30 0.4825939209986245
7 26 0.37152069602598203
7 25 0.3908257794464589
7 27 0.4387687344205915
7 37 0.07347582903457806
7 48 0.3147796857083449
7 49 0.3975332992558833
7 54 0.14951233647298068
7 40 0.3975332992558833
7 60 0.2296215892129112
7 62 0.4472681639599614
7 67 0.4576227332581766
7 53 0.7328964875778183
7 41 0.13800268570776097
7 43 0.3948544654995203
7 55 1.0
7 50 1.0
7 63 0.7328964875778183
7 59 0.4310270508431131
7 38 0.19803760800277814
7 39 0.3869310549343936
7 65 0.20437730928097153
7 58 0.23618871958751697
7 51 0.2903798380648368
7 56 0.24393354576750426
7 45 0.4211795927985804
7 52 0.3908089279284468
7 42 -0.024323058503796346
7 64 0.29338487824134063
7 66 0.29338487824134063
7 61 0.29338487824134063
7 46 0.29338487824134063
7 47 0.29338487824134063
7 35 0.4422277900011977
7 36 0.4825939209986245
7 57 0.37152069602598203
7 44 0.3908257794464589
7 68 0.4387687344205915
8 9 0.49760069299372844
8 10 0.6494258467137115
8 11 0.5122077086562058
8 12 0.6026144817733439
8 13 0.6990296194126131
8 14 0.6189712418999989
8 15 0.685785819470766
8 33 0.31966699055192294
8 34 0.0157141685631359
8 32 0.529744301122264
8 22 0.724038122309139
8 20 0.5243052273290232
8 18 0.724038122309139
8 31 0.6252208351288573
8 29 0.6596880193901598
8 28 0.7166499133018078
8 17 0.16185062412114348
8 16 0.685785819470766
8 19 0.685785819470766
8 21 0.685785819470766
8 23 0.685785819470766
8 24 0.6288329278904712
8 30 0.6556611875857925
8 26 0.3221360358656966
8 25 0.2980248594903969
8 27 0.6239051561788074
8 37 0.12596230203052983
8 48 0.529744301122264
8 49 0.724038122309139
8 54 0.5243052273290232
8 40 0.724038122309139
8 60 0.6189712418999989
8 62 0.6990296194126131
8 67 0.6026144817733439
8 53 0.5122077086562058
8 41 0.49760069299372844
8 43 1.0
8 55 0.3948544654995203
8 50 0.3948544654995203
8 63 0.5122077086562058
8 59 0.7679558776289923
8 38 0.507454174279701
8 39 0.5339651771937497
8 65 0.6252208351288573
8 58 0.6494258467137115
8 51 0.31966699055192294
8 56 0.6596880193901598
8 45 0.7166499133018078
8 52 0.16185062412114348
8 42 0.0157141685631359
8 64 0.685785819470766
8 66 0.685785819470766
8 61 0.685785819470766
8 46 0.685785819470766
8 47 0.685785819470766
8 35 0.6288329278904712
8 36 0.6556611875857925
8 57 0.3221360358656966
8 44 0.2980248594903969
8 68 0.6239051561788074
9 10 0.6729109453153796
9 11 0.23917466326383874
9 12 0.4318850672862027
9 13 0.3767824367969297
9 14 0.7924507195712067
9 15 0.48549606520100497
9 33 0.11167740937526105
9 34 -0.20379842119291425
9 32 0.6437009113142267
9 22 0.4169640682230238
9 20 0.8121572231757455
9 18 0.4169640682230238
9 31 0.7613224938031635
9 29 0.7353458846409922
9 28 0.6328078201622702
9 17 -0.1995341248693876
9 16 0.48549606520100497
9 19 0.48549606520100497
9 21 0.48549606520100497
9 23 0.48549606520100497
9 24 0.4038351154013071
9 30 0.43917031548335217
9 26 -0.06391208057902986
9 25 -0.08015401193551952
9 27 0.42955605182942236
9 37 -0.05166761537839193
9 48 0.6437009113142267
9 49 0.4169640682230238
9 54 0.8121572231757455
9 40 0.4169640682230238
9 60 0.7924507195712067
9 62 0.3767824367969297
9 67 0.4318850672862027
9 53 0.23917466326383874
9 41 1.0
9 43 0.49760069299372844
9 55 0.13800268570776097
9 50 0.13800268570776097
9 63 0.23917466326383874
9 59 0.3662530395668
9 38 0.5383681267267093
9 39 0.15682972833747044
9 65 0.7613224938031635
9 58 0.6729109453153796
9 51 0.11167740937526105
9 56 0.7353458846409922
9 45 0.6328078201622702
9 52 -0.1995341248693876
9 42 -0.20379842119291425
9 64 0.48549606520100497
9 66 0.48549606520100497
9 61 0.48549606520100497
9 46 0.48549606520100497
9 47 0.48549606520100497
9 35 0.4038351154013071
9 36 0.43917031548335217
9 57 -0.06391208057902986
9 44 -0.08015401193551952
9 68 0.42955605182942236
10 11 0.4001333364576567
10 12 0.6571467191970441
10 13 0.6468614612240344
10 14 0.6098865609237691
10 15 0.687230489551439
10 33 0.23997964614682132
10 34 -0.045361943426541984
10 32 0.5189615768249496
10 22 0.6707167648564791
10 20 0.6436716290336335
10 18 0.6707167648564791
10 31 0.843051599629689
10 29 0.855182871746365
10 28 0.7373558023828082
10 17 0.11574177890724968
10 16 0.687230489551439
10 19 0.687230489551439
10 21 0.687230489551439
10 23 0.687230489551439
10 24 0.453326118804398
10 30 0.501614585678908
10 26 0.1527640659478493
10 25 0.14091724681202322
10 27 0.6393824270562618
10 37 0.0448641850380227
10 48 0.5189615768249496
10 49 0.6707167648564791
10 54 0.6436716290336335
10 40 0.6707167648564791
10 60 0.6098865609237691
10 62 0.6468614612240344
10 67 0.6571467191970441
10 53 0.4001333364576567
10 41 0.6729109453153796
10 43 0.6494258467137115
10 55 0.23618871958751697
10 50 0.23618871958751697
10 63 0.4001333364576567
10 59 0.5229511464422103
10 38 0.5465234257280827
10 39 0.32539221762272064
10 65 0.843051599629689
10 58 1.0
10 51 0.23997964614682132
10 56 0.855182871746365
10 45 0.7373558023828082
10 52 0.11574177890724968
10 42 -0.045361943426541984
10 64 0.687230489551439
10 66 0.687230489551439
10 61 0.687230489551439
10 46 0.687230489551439
10 47 0.687230489551439
10 35 0.453326118804398
10 36 0.501614585678908
10 57 0.1527640659478493
10 44 0.14091724681202322
10 68 0.6393824270562618
11 12 0.6241998567711562
11 13 0.6436874761420768
11 14 0.33620873815380037
11 15 0.4848604140570387
11 33 0.2822780715578119
11 34 -0.06059108139015734
11 32 0.398812058949261
11 22 0.5956499437306775
11 20 0.3155136468121782
11 18 0.5956499437306775
11 31 0.37375660548423184
11 29 0.4211994957368006
11 28 0.5388809150608722
11 17 0.4488764298148453
11 16 0.4848604140570387
11 19 0.4848604140570387
11 21 0.4848604140570387
11 23 0.4848604140570387
11 24 0.530298151599709
11 30 0.5794216208159924
11 26 0.3842539300167118
11 25 0.39988075865403516
11 27 0.6143175004472141
11 37 0.03366792008455377
11 48 0.398812058949261
11 49 0.5956499437306775
11 54 0.3155136468121782
11 40 0.5956499437306775
11 60 0.33620873815380037
11 62 0.6436874761420768
11 67 0.6241998567711562
11 53 1.0
11 41 0.23917466326383874
11 43 0.5122077086562058
11 55 0.7328964875778183
11 50 0.7328964875778183
11 63 1.0
11 59 0.5245511076936964
11 38 0.2683429998869542
11 39 0.37683524706517346
11 65 0.37375660548423184
11 58 0.4001333364576567
11 51 0.2822780715578119
11 56 0.4211994957368006
11 45 0.5388809150608722
11 52 0.4488764298148453
11 42 -0.06059108139015734
11 64 0.4848604140570387
11 66 0.4848604140570387
11 61 0.4848604140570387
11 46 0.4848604140570387
11 47 0.4848604140570387
11 35 0.530298151599709
11 36 0.5794216208159924
11 57 0.3842539300167118
11 44 0.39988075865403516
11 68 0.6143175004472141
12 13 0.760527547361562
12 14 0.4610544037714135
12 15 0.6658263746940065
12 33 0.3203751359178568
12 34 0.04405666480306536
12 32 0.37950248301785905
12 22 0.7700636660883902
12 20 0.49461007429636084
12 18 0.7700636660883902
12 31 0.5461243909594486
12 29 0.5666546590582584
12 28 0.518841586104827
12 17 0.21240778456558473
12 16 0.6658263746940065
12 19 0.6658263746940065
12 21 0.6658263746940065
12 23 0.6658263746940065
12 24 0.5083974108856637
12 30 0.5465573132096324
12 26 0.21966930799680995
12 25 0.22069446421664907
12 27 0.6792885141112492
12 37 0.13393634244857822
12 48 0.37950248301785905
12 49 0.7700636660883902
12 54 0.49461007429636084
12 40 0.7700636660883902
12 60 0.4610544037714135
12 62 0.760527547361562
12 67 1.0
12 53 0.6241998567711562
12 41 0.4318850672862027
12 43 0.6026144817733439
12 55 0.4576227332581766
12 50 0.4576227332581766
12 63 0.6241998567711562
12 59 0.5665529201505706
12 38 0.4371393349720165
12 39 0.4238566835410893
12 65 0.5461243909594486
12 58 0.6571467191970441
12 51 0.3203751359178568
12 56 0.5666546590582584
12 45 0.518841586104827
12 52 0.21240778456558473
12 42 0.04405666480306536
12 64 0.6658263746940065
12 66 0.6658263746940065
12 61 0.6658263746940065
12 46 0.6658263746940065
12 47 0.6658263746940065
12 35 0.5083974108856637
12 36 0.5465573132096324
12 57 0.21966930799680995
12 44 0.22069446421664907
12 68 0.6792885141112492
13 14 0.4663067380897701
13 15 0.7633518278889824
13 33 0.28104694573994493
13 34 -0.021709146938519552
13 32 0.3926924441329902
13 22 0.9133737499505514
13 20 0.46279288112418726
13 18 0.9133737499505514
13 31 0.5539472345481045
13 29 0.5986117660431773
13 28 0.607939345180057
13 17 0.31689326887135394
13 16 0.7633518278889824
13 19 0.7633518278889824
13 21 0.7633518278889824
13 23 0.7633518278889824
13 24 0.6409214866289403
13 30 0.6677685485046823
13 26 0.34032357743853936
13 25 0.31658042957860744
13 27 0.810846417072753
13 37 0.06793260261474643
13 48 0.3926924441329902
13 49 0.9133737499505514
13 54 0.46279288112418726
13 40 0.9133737499505514
13 60 0.4663067380897701
13 62 1.0
13 67 0.760527547361562
13 53 0.6436874761420768
13 41 0.3767824367969297
13 43 0.6990296194126131
13 55 0.4472681639599614
13 50 0.4472681639599614
13 63 0.6436874761420768
13 59 0.6084609838435426
13 38 0.3410971052071545
13 39 0.4358721257012803
13 65 0.5539472345481045
13 58 0.6468614612240344
13 51 0.28104694573994493
13 56 0.5986117660431773
13 45 0.607939345180057
13 52 0.31689326887135394
13 42 -0.021709146938519552
13 64 0.7633518278889824
13 66 0.7633518278889824
13 61 0.7633518278889824
13 46 0.7633518278889824
13 47 0.7633518278889824
13 35 0.6409214866289403
13 36 0.6677685485046823
13 57 0.34032357743853936
13 44 0.31658042957860744
13 68 0.810846417072753
14 15 0.5212336650438374
14 33 0.24125268779607723
14 34 -0.09114269418932963
14 32 0.7537459040177055
14 22 0.5090431550052017
14 20 0.8391687377879862
14 18 0.5090431550052017
14 31 0.6735401955156703
14 29 0.700071880237374
14 28 0.6951421426929301
14 17 -0.1057734548667213
14 16 0.5212336650438374
14 19 0.5212336650438374
14 21 0.5212336650438374
14 23 0.5212336650438374
14 24 0.5391168185014976
14 30 0.5063290539983427
14 26 0.020945129166648258
14 25 -0.0028688615930150263
14 27 0.47613611612905515
14 37 0.07094426904222928
14 48 0.7537459040177055
14 49 0.5090431550052017
14 54 0.8391687377879862
14 40 0.5090431550052017
14 60 1.0
14 62 0.4663067380897701
14 67 0.4610544037714135
14 53 0.33620873815380037
14 41 0.7924507195712067
14 43 0.6189712418999989
14 55 0.2296215892129112
14 50 0.2296215892129112
14 63 0.33620873815380037
14 59 0.5277284469775623
14 38 0.6212646848289296
14 39 0.293854833667865
14 65 0.6735401955156703
14 58 0.6098865609237691
14 51 0.24125268779607723
14 56 0.700071880237374
14 45 0.6951421426929301
14 52 -0.1057734548667213
14 42 -0.09114269418932963
14 64 0.5212336650438374
14 66 0.5212336650438374
14 61 0.5212336650438374
14 46 0.5212336650438374
14 47 0.5212336650438374
14 35 0.5391168185014976
14 36 0.5063290539983427
14 57 0.020945129166648258
14 44 -0.0028688615930150263
14 68 0.47613611612905515
15 33 0.233697142721212
15 34 -0.08384777598257642
15 32 0.4268854451875086
15 22 0.825088926430908
15 20 0.5063258476002375
15 18 0.825088926430908
15 31 0.6523091297058272
15 29 0.669906414252182
15 28 0.6330859321606113
15 17 0.16995503409998491
15 16 1.0
15 19 1.0
15 21 1.0
15 23 1.0
15 24 0.7131852456368506
15 30 0.7520739484461956
15 26 0.1600013552015298
15 25 0.1357052817256772
15 27 0.8306731876218691
15 37 -0.009490284151979722
15 48 0.4268854451875086
15 49 0.825088926430908
15 54 0.5063258476002375
15 40 0.825088926430908
15 60 0.5212336650438374
15 62 0.7633518278889824
15 67 0.6658263746940065
15 53 0.4848604140570387
15 41 0.48549606520100497
15 43 0.685785819470766
15 55 0.29338487824134063
15 50 0.29338487824134063
15 63 0.4848604140570387
15 59 0.5103903453564271
15 38 0.40483760682400316
15 39 0.2896906004025368
15 65 0.6523091297058272
15 58 0.687230489551439
15 51 0.233697142721212
15 56 0.669906414252182
15 45 0.6330859321606113
15 52 0.16995503409998491
15 42 -0.08384777598257642
15 64 1.0
15 66 1.0
15 61 1.0
15 46 1.0
15 47 1.0
15 35 0.7131852456368506
15 36 0.7520739484461956
15 57 0.1600013552015298
15 44 0.1357052817256772
15 68 0.8306731876218691
33 34 0.5775904067850206
33 32 0.27885690446419176
33 22 0.268297633047041
33 20 0.11949764373275684
33 18 0.268297633047041
33 31 0.21210152721323539
33 29 0.24525387940229848
33 28 0.31210671868757345
33 17 -0.06715351246384671
33 16 0.233697142721212
33 19 0.233697142721212
33 21 0.233697142721212
33 23 0.233697142721212
33 24 0.3705555113047012
33 30 0.3182273349739262
33 26 0.06635159422876313
33 25 0.05433059539063834
33 27 0.2661553428188199
33 37 0.5944395579936099
33 48 0.27885690446419176
33 49 0.268297633047041
33 54 0.11949764373275684
33 40 0.268297633047041
33 60 0.24125268779607723
33 62 0.28104694573994493
33 67 0.3203751359178568
33 53 0.2822780715578119
33 41 0.11167740937526105
33 43 0.31966699055192294
33 55 0.2903798380648368
33 50 0.2903798380648368
33 63 0.2822780715578119
33 59 0.47741443305130815
33 38 0.5542538804511423
33 39 0.6598208919822355
33 65 0.21210152721323539
33 58 0.23997964614682132
33 51 1.0
33 56 0.24525387940229848
33 45 0.31210671868757345
33 52 -0.06715351246384671
33 42 0.5775904067850206
33 64 0.233697142721212
33 66 0.233697142721212
33 61 0.233697142721212
33 46 0.233697142721212
33 47 0.233697142721212
33 35 0.3705555113047012
33 36 0.3182273349739262
33 57 0.06635159422876313
33 44 0.05433059539063834
33 68 0.2661553428188199
34 32 -0.09718338508537272
34 22 -0.04800435602373909
34 20 -0.2172465884796111
34 18 -0.04800435602373909
34 31 -0.09046565100288717
34 29 -0.07779711071634665
34 28 -0.06229437986621633
34 17 -0.07075154762424063
34 16 -0.08384777598257642
34 19 -0.08384777598257642
34 21 -0.08384777598257642
34 23 -0.08384777598257642
34 24 0.008259483045549132
34 30 -0.021270864745019935
34 26 0.01471099816262722
34 25 0.021900443825870752
34 27 -0.05472988222754793
34 37 0.7364751666027587
34 48 -0.09718338508537272
34 49 -0.04800435602373909
34 54 -0.2172465884796111
34 40 -0.04800435602373909
34 60 -0.09114269418932963
34 62 -0.021709146938519552
34 67 0.04405666480306536
34 53 -0.06059108139015734
34 41 -0.20379842119291425
34 43 0.0157141685631359
34 55 -0.024323058503796346
34 50 -0.024323058503796346
34 63 -0.06059108139015734
34 59 0.15925542419427074
34 38 0.25267472182167694
34 39 0.38670701238152105
34 65 -0.09046565100288717
34 58 -0.045361943426541984
34 51 0.5775904067850206
34 56 -0.07779711071634665
34 45 -0.06229437986621633
34 52 -0.07075154762424063
34 42 1.0
34 64 -0.08384777598257642
34 66 -0.08384777598257642
34 61 -0.08384777598257642
34 46 -0.08384777598257642
34 47 -0.08384777598257642
34 35 0.008259483045549132
34 36 -0.021270864745019935
34 57 0.01471099816262722
34 44 0.021900443825870752
34 68 -0.05472988222754793
32 22 0.4062525328627089
32 20 0.6393808888969943
32 18 0.4062525328627089
32 31 0.5277966142311925
32 29 0.5732187305839034
32 28 0.6764612092447351
32 17 -0.08703548256744398
32 16 0.4268854451875086
32 19 0.4268854451875086
32 21 0.4268854451875086
32 23 0.4268854451875086
32 24 0.5596584979139152
32 30 0.48723770939250244
32 26 0.042603507623425685
32 25 0.04176996163732838
32 27 0.43373182041978
32 37 0.06277921031141886
32 48 1.0
32 49 0.4062525328627089
32 54 0.6393808888969943
32 40 0.4062525328627089
32 60 0.7537459040177055
32 62 0.3926924441329902
32 67 0.37950248301785905
32 53 0.398812058949261
32 41 0.6437009113142267
32 43 0.529744301122264
32 55 0.3147796857083449
32 50 0.3147796857083449
32 63 0.398812058949261
32 59 0.5828995007323101
32 38 0.5924829108989798
32 39 0.33131233148742467
32 65 0.5277966142311925
32 58 0.5189615768249496
32 51 0.27885690446419176
32 56 0.5732187305839034
32 45 0.6764612092447351
32 52 -0.08703548256744398
32 42 -0.09718338508537272
32 64 0.4268854451875086
32 66 0.4268854451875086
32 61 0.4268854451875086
32 46 0.4268854451875086
32 47 0.4268854451875086
32 35 0.5596584979139152
32 36 0.48723770939250244
32 57 0.042603507623425685
32 44 0.04176996163732838
32 68 0.43373182041978
22 20 0.5024380037502851
22 18 1.0
22 31 0.599551125204016
22 29 0.6398277471525944
22 28 0.617943381992518
22 17 0.2439795299578691
22 16 0.825088926430908
22 19 0.825088926430908
22 21 0.825088926430908
22 23 0.825088926430908
22 24 0.6624870548403123
22 30 0.6776158797001699
22 26 0.25961669687967515
22 25 0.2357133041441557
22 27 0.8000680718614603
22 37 0.052524903701851144
22 48 0.4062525328627089
22 49 1.0
22 54 0.5024380037502851
22 40 1.0
22 60 0.5090431550052017
22 62 0.9133737499505514
22 67 0.7700636660883902
22 53 0.5956499437306775
22 41 0.4169640682230238
22 43 0.724038122309139
22 55 0.3975332992558833
22 50 0.3975332992558833
22 63 0.5956499437306775
22 59 0.5777954278892139
22 38 0.3754978274810128
22 39 0.39339191911858507
22 65 0.599551125204016
22 58 0.6707167648564791
22 51 0.268297633047041
22 56 0.6398277471525944
22 45 0.617943381992518
22 52 0.2439795299578691
22 42 -0.04800435602373909
22 64 0.825088926430908
22 66 0.825088926430908
22 61 0.825088926430908
22 46 0.825088926430908
22 47 0.825088926430908
22 35 0.6624870548403123
22 36 0.6776158797001699
22 57 0.25961669687967515
22 44 0.2357133041441557
22 68 0.8000680718614603
20 18 0.5024380037502851
20 31 0.6935793260126957
20 29 0.7113364484612248
20 28 0.6206371273292461
20 17 -0.11272713101061527
20 16 0.5063258476002375
20 19 0.5063258476002375
20 21 0.5063258476002375
20 23 0.5063258476002375
20 24 0.3912444049055921
20 30 0.41832571373379324
20 26 -0.004316450700571295
20 25 -0.02783349857054418
20 27 0.4760483316713362
20 37 -0.048880338843446225
20 48 0.6393808888969943
20 49 0.5024380037502851
20 54 1.0
20 40 0.5024380037502851
20 60 0.8391687377879862
20 62 0.46279288112418726
20 67 0.49461007429636084
20 53 0.3155136468121782
20 41 0.8121572231757455
20 43 0.5243052273290232
20 55 0.14951233647298068
20 50 0.14951233647298068
20 63 0.3155136468121782
20 59 0.3997636456770124
20 38 0.49758251808816567
20 39 0.1664774771197699
20 65 0.6935793260126957
20 58 0.6436716290336335
20 51 0.11949764373275684
20 56 0.7113364484612248
20 45 0.6206371273292461
20 52 -0.11272713101061527
20 42 -0.2172465884796111
20 64 0.5063258476002375
20 66 0.5063258476002375
20 61 0.5063258476002375
20 46 0.5063258476002375
20 47 0.5063258476002375
20 35 0.3912444049055921
20 36 0.41832571373379324
20 57 -0.004316450700571295
20 44 -0.02783349857054418
20 68 0.4760483316713362
18 31 0.599551125204016
18 29 0.6398277471525944
18 28 0.617943381992518
18 17 0.2439795299578691
18 16 0.825088926430908
18 19 0.825088926430908
18 21 0.825088926430908
18 23 0.825088926430908
18 24 0.6624870548403123
18 30 0.6776158797001699
18 26 0.25961669687967515
18 25 0.2357133041441557
18 27 0.8000680718614603
18 37 0.052524903701851144
18 48 0.4062525328627089
18 49 1.0
18 54 0.5024380037502851
18 40 1.0
18 60 0.5090431550052017
18 62 0.9133737499505514
18 67 0.7700636660883902
18 53 0.5956499437306775
18 41 0.4169640682230238
18 43 0.724038122309139
18 55 0.3975332992558833
18 50 0.3975332992558833
18 63 0.5956499437306775
18 59 0.5777954278892139
18 38 0.3754978274810128
18 39 0.39339191911858507
18 65 0.599551125204016
18 58 0.6707167648564791
18 51 0.268297633047041
18 56 0.6398277471525944
18 45 0.617943381992518
18 52 0.2439795299578691
18 42 -0.04800435602373909
18 64 0.825088926430908
18 66 0.825088926430908
18 61 0.825088926430908
18 46 0.825088926430908
18 47 0.825088926430908
18 35 0.6624870548403123
18 36 0.6776158797001699
18 57 0.25961669687967515
18 44 0.2357133041441557
18 68 0.8000680718614603
31 29 0.9447801917558536
31 28 0.751106494339183
31 17 -0.020110229910642374
31 16 0.6523091297058272
31 19 0.6523091297058272
31 21 0.6523091297058272
31 23 0.6523091297058272
31 24 0.4937013006347115
31 30 0.5413807868535514
31 26 0.09667378582525998
31 25 0.07317878509638831
31 27 0.5875513123755809
31 37 0.012064369388099294
31 48 0.5277966142311925
31 49 0.599551125204016
31 54 0.6935793260126957
31 40 0.599551125204016
31 60 0.6735401955156703
31 62 0.5539472345481045
31 67 0.5461243909594486
31 53 0.37375660548423184
31 41 0.7613224938031635
31 43 0.6252208351288573
31 55 0.20437730928097153
31 50 0.20437730928097153
31 63 0.37375660548423184
31 59 0.46446858421404613
31 38 0.522090216712968
31 39 0.24732641955051804
31 65 1.0
31 58 0.843051599629689
31 51 0.21210152721323539
31 56 0.9447801917558536
31 45 0.751106494339183
31 52 -0.020110229910642374
31 42 -0.09046565100288717
31 64 0.6523091297058272
31 66 0.6523091297058272
31 61 0.6523091297058272
31 46 0.6523091297058272
31 47 0.6523091297058272
31 35 0.4937013006347115
31 36 0.5413807868535514
31 57 0.09667378582525998
31 44 0.07317878509638831
31 68 0.5875513123755809
29 28 0.7967988686868921
29 17 0.032062773148936685
29 16 0.669906414252182
29 19 0.669906414252182
29 21 0.669906414252182
29 23 0.669906414252182
29 24 0.520738910381624
29 30 0.5588730331146508
29 26 0.13086509110871702
29 25 0.10729664948303252
29 27 0.61292293749284
29 37 0.033513417140056845
29 48 0.5732187305839034
29 49 0.6398277471525944
29 54 0.7113364484612248
29 40 0.6398277471525944
29 60 0.700071880237374
29 62 0.5986117660431773
29 67 0.5666546590582584
29 53 0.4211994957368006
29 41 0.7353458846409922
29 43 0.6596880193901598
29 55 0.24393354576750426
29 50 0.24393354576750426
29 63 0.4211994957368006
29 59 0.5124702454559156
29 38 0.5302257810035371
29 39 0.2849671119111008
29 65 0.9447801917558536
29 58 0.855182871746365
29 51 0.24525387940229848
29 56 1.0
29 45 0.7967988686868921
29 52 0.032062773148936685
29 42 -0.07779711071634665
29 64 0.669906414252182
29 66 0.669906414252182
29 61 0.669906414252182
29 46 0.669906414252182
29 47 0.669906414252182
29 35 0.520738910381624
29 36 0.5588730331146508
29 57 0.13086509110871702
29 44 0.10729664948303252
29 68 0.61292293749284
28 17 0.10651414374297019
28 16 0.6330859321606113
28 19 0.6330859321606113
28 21 0.6330859321606113
28 23 0.6330859321606113
28 24 0.6573311927350005
28 30 0.6625483151146909
28 26 0.20604912424460053
28 25 0.17408422118751332
28 27 0.633800878385955
28 37 0.048057289503049105
28 48 0.6764612092447351
28 49 0.617943381992518
28 54 0.6206371273292461
28 40 0.617943381992518
28 60 0.6951421426929301
28 62 0.607939345180057
28 67 0.518841586104827
28 53 0.5388809150608722
28 41 0.6328078201622702
28 43 0.7166499133018078
28 55 0.4211795927985804
28 50 0.4211795927985804
28 63 0.5388809150608722
28 59 0.607852400484262
28 38 0.5575207923538983
28 39 0.33155547235219274
28 65 0.751106494339183
28 58 0.7373558023828082
28 51 0.31210671868757345
28 56 0.7967988686868921
28 45 1.0
28 52 0.10651414374297019
28 42 -0.06229437986621633
28 64 0.6330859321606113
28 66 0.6330859321606113
28 61 0.6330859321606113
28 46 0.6330859321606113
28 47 0.6330859321606113
28 35 0.6573311927350005
28 36 0.6625483151146909
28 57 0.20604912424460053
28 44 0.17408422118751332
28 68 0.633800878385955
17 16 0.16995503409998491
17 19 0.16995503409998491
17 21 0.16995503409998491
17 23 0.16995503409998491
17 24 0.10208907403284684
17 30 0.15732866036705673
17 26 0.4655630486740847
17 25 0.4727670062929974
17 27 0.29201533942250535
17 37 -0.11906010152597446
17 48 -0.08703548256744398
17 49 0.2439795299578691
17 54 -0.11272713101061527
17 40 0.2439795299578691
17 60 -0.1057734548667213
17 62 0.31689326887135394
17 67 0.21240778456558473
17 53 0.4488764298148453
17 41 -0.1995341248693876
17 43 0.16185062412114348
17 55 0.3908089279284468
17 50 0.3908089279284468
17 63 0.4488764298148453
17 59 0.16724608131335117
17 38 -0.18789583462057635
17 39 0.09926881645515095
17 65 -0.020110229910642374
17 58 0.11574177890724968
17 51 -0.06715351246384671
17 56 0.032062773148936685
17 45 0.10651414374297019
17 52 1.0
17 42 -0.07075154762424063
17 64 0.16995503409998491
17 66 0.16995503409998491
17 61 0.16995503409998491
17 46 0.16995503409998491
17 47 0.16995503409998491
17 35 0.10208907403284684
17 36 0.15732866036705673
17 57 0.4655630486740847
17 44 0.4727670062929974
17 68 0.29201533942250535
16 19 1.0
16 21 1.0
16 23 1.0
16 24 0.7131852456368506
16 30 0.7520739484461956
16 26 0.1600013552015298
16 25 0.1357052817256772
16 27 0.8306731876218691
16 37 -0.009490284151979722
16 48 0.4268854451875086
16 49 0.825088926430908
16 54 0.5063258476002375
16 40 0.825088926430908
16 60 0.5212336650438374
16 62 0.7633518278889824
16 67 0.6658263746940065
16 53 0.4848604140570387
16 41 0.48549606520100497
16 43 0.685785819470766
16 55 0.29338487824134063
16 50 0.29338487824134063
16 63 0.4848604140570387
16 59 0.5103903453564271
16 38 0.40483760682400316
16 39 0.2896906004025368
16 65 0.6523091297058272
16 58 0.687230489551439
16 51 0.233697142721212
16 56 0.669906414252182
16 45 0.6330859321606113
16 52 0.16995503409998491
16 42 -0.08384777598257642
16 64 1.0
16 66 1.0
16 61 1.0
16 46 1.0
16 47 1.0
16 35 0.7131852456368506
16 36 0.7520739484461956
16 57 0.1600013552015298
16 44 0.1357052817256772
16 68 0.8306731876218691
19 21 1.0
19 23 1.0
19 24 0.7131852456368506
19 30 0.7520739484461956
19 26 0.1600013552015298
19 25 0.1357052817256772
19 27 0.8306731876218691
19 37 -0.009490284151979722
19 48 0.4268854451875086
19 49 0.825088926430908
19 54 0.5063258476002375
19 40 0.825088926430908
19 60 0.5212336650438374
19 62 0.7633518278889824
19 67 0.6658263746940065
19 53 0.4848604140570387
19 41 0.48549606520100497
19 43 0.685785819470766
19 55 0.29338487824134063
19 50 0.29338487824134063
19 63 0.4848604140570387
19 59 0.5103903453564271
19 38 0.40483760682400316
19 39 0.2896906004025368
19 65 0.6523091297058272
19 58 0.687230489551439
19 51 0.233697142721212
19 56 0.669906414252182
19 45 0.6330859321606113
19 52 0.16995503409998491
19 42 -0.08384777598257642
19 64 1.0
19 66 1.0
19 61 1.0
19 46 1.0
19 47 1.0
19 35 0.7131852456368506
19 36 0.7520739484461956
19 57 0.1600013552015298
19 44 0.1357052817256772
19 68 0.8306731876218691
21 23 1.0
21 24 0.7131852456368506
21 30 0.7520739484461956
21 26 0.1600013552015298
21 25 0.1357052817256772
21 27 0.8306731876218691
21 37 -0.009490284151979722
21 48 0.4268854451875086
21 49 0.825088926430908
21 54 0.5063258476002375
21 40 0.825088926430908
21 60 0.5212336650438374
21 62 0.7633518278889824
21 67 0.6658263746940065
21 53 0.4848604140570387
21 41 0.48549606520100497
21 43 0.685785819470766
21 55 0.29338487824134063
21 50 0.29338487824134063
21 63 0.4848604140570387
21 59 0.5103903453564271
21 38 0.40483760682400316
21 39 0.2896906004025368
21 65 0.6523091297058272
21 58 0.687230489551439
21 51 0.233697142721212
21 56 0.669906414252182
21 45 0.6330859321606113
21 52 0.16995503409998491
21 42 -0.08384777598257642
21 64 1.0
21 66 1.0
21 61 1.0
21 46 1.0
21 47 1.0
21 35 0.7131852456368506
21 36 0.7520739484461956
21 57 0.1600013552015298
21 44 0.1357052817256772
21 68 0.8306731876218691
23 24 0.7131852456368506
23 30 0.7520739484461956
23 26 0.1600013552015298
23 25 0.1357052817256772
23 27 0.8306731876218691
23 37 -0.009490284151979722
23 48 0.4268854451875086
23 49 0.825088926430908
23 54 0.5063258476002375
23 40 0.825088926430908
23 60 0.5212336650438374
23 62 0.7633518278889824
23 67 0.6658263746940065
23 53 0.4848604140570387
23 41 0.48549606520100497
23 43 0.685785819470766
23 55 0.29338487824134063
23 50 0.29338487824134063
23 63 0.4848604140570387
23 59 0.5103903453564271
23 38 0.40483760682400316
23 39 0.2896906004025368
23 65 0.6523091297058272
23 58 0.687230489551439
23 51 0.233697142721212
23 56 0.669906414252182
23 45 0.6330859321606113
23 52 0.16995503409998491
23 42 -0.08384777598257642
23 64 1.0
23 66 1.0
23 61 1.0
23 46 1.0
23 47 1.0
23 35 0.7131852456368506
23 36 0.7520739484461956
23 57 0.1600013552015298
23 44 0.1357052817256772
23 68 0.8306731876218691
24 30 0.814797927858308
24 26 0.17656119846651563
24 25 0.15226512499066303
24 27 0.6978356599574909
24 37 0.06644519632391166
24 48 0.5596584979139152
24 49 0.6624870548403123
24 54 0.3912444049055921
24 40 0.6624870548403123
24 60 0.5391168185014976
24 62 0.6409214866289403
24 67 0.5083974108856637
24 53 0.530298151599709
24 41 0.4038351154013071
24 43 0.6288329278904712
24 55 0.4422277900011977
24 50 0.4422277900011977
24 63 0.530298151599709
24 59 0.6216831225319766
24 38 0.4436350159230642
24 39 0.41648282039386686
24 65 0.4937013006347115
24 58 0.453326118804398
24 51 0.3705555113047012
24 56 0.520738910381624
24 45 0.6573311927350005
24 52 0.10208907403284684
24 42 0.008259483045549132
24 64 0.7131852456368506
24 66 0.7131852456368506
24 61 0.7131852456368506
24 46 0.7131852456368506
24 47 0.7131852456368506
24 35 1.0
24 36 0.814797927858308
24 57 0.17656119846651563
24 44 0.15226512499066303
24 68 0.6978356599574909
30 26 0.24152065607631812
30 25 0.22765907974826405
30 27 0.8024526072549634
30 37 0.03929135463840794
30 48 0.48723770939250244
30 49 0.6776158797001699
30 54 0.41832571373379324
30 40 0.6776158797001699
30 60 0.5063290539983427
30 62 0.6677685485046823
30 67 0.5465573132096324
30 53 0.5794216208159924
30 41 0.43917031548335217
30 43 0.6556611875857925
30 55 0.4825939209986245
30 50 0.4825939209986245
30 63 0.5794216208159924
30 59 0.5993642691755667
30 38 0.40861241228412837
30 39 0.37932658653880935
30 65 0.5413807868535514
30 58 0.501614585678908
30 51 0.3182273349739262
30 56 0.5588730331146508
30 45 0.6625483151146909
30 52 0.15732866036705673
30 42 -0.021270864745019935
30 64 0.7520739484461956
30 66 0.7520739484461956
30 61 0.7520739484461956
30 46 0.7520739484461956
30 47 0.7520739484461956
30 35 0.814797927858308
30 36 1.0
30 57 0.24152065607631812
30 44 0.22765907974826405
30 68 0.8024526072549634
26 25 0.931792841074639
26 27 0.2984051355306292
26 37 -0.04616204191552242
26 48 0.042603507623425685
26 49 0.25961669687967515
26 54 -0.004316450700571295
26 40 0.25961669687967515
26 60 0.020945129166648258
26 62 0.34032357743853936
26 67 0.21966930799680995
26 53 0.3842539300167118
26 41 -0.06391208057902986
26 43 0.3221360358656966
26 55 0.37152069602598203
26 50 0.37152069602598203
26 63 0.3842539300167118
26 59 0.3216845599163207
26 38 -0.04755242451938102
26 39 0.26039405746996636
26 65 0.09667378582525998
26 58 0.1527640659478493
26 51 0.06635159422876313
26 56 0.13086509110871702
26 45 0.20604912424460053
26 52 0.4655630486740847
26 42 0.01471099816262722
26 64 0.1600013552015298
26 66 0.1600013552015298
26 61 0.1600013552015298
26 46 0.1600013552015298
26 47 0.1600013552015298
26 35 0.17656119846651563
26 36 0.24152065607631812
26 57 1.0
26 44 0.931792841074639
26 68 0.2984051355306292
25 27 0.2788644497777568
25 37 -0.04000607865600614
25 48 0.04176996163732838
25 49 0.2357133041441557
25 54 -0.02783349857054418
25 40 0.2357133041441557
25 60 -0.0028688615930150263
25 62 0.31658042957860744
25 67 0.22069446421664907
25 53 0.39988075865403516
25 41 -0.08015401193551952
25 43 0.2980248594903969
25 55 0.3908257794464589
25 50 0.3908257794464589
25 63 0.39988075865403516
25 59 0.31601161078287987
25 38 -0.052154315206280444
25 39 0.2667818097761483
25 65 0.07317878509638831
25 58 0.14091724681202322
25 51 0.05433059539063834
25 56 0.10729664948303252
25 45 0.17408422118751332
25 52 0.4727670062929974
25 42 0.021900443825870752
25 64 0.1357052817256772
25 66 0.1357052817256772
25 61 0.1357052817256772
25 46 0.1357052817256772
25 47 0.1357052817256772
25 35 0.15226512499066303
25 36 0.22765907974826405
25 57 0.931792841074639
25 44 1.0
25 68 0.2788644497777568
27 37 0.0033019554903148673
27 48 0.43373182041978
27 49 0.8000680718614603
27 54 0.4760483316713362
27 40 0.8000680718614603
27 60 0.47613611612905515
27 62 0.810846417072753
27 67 0.6792885141112492
27 53 0.6143175004472141
27 41 0.42955605182942236
27 43 0.6239051561788074
27 55 0.4387687344205915
27 50 0.4387687344205915
27 63 0.6143175004472141
27 59 0.5342503116189619
27 38 0.3806502426523366
27 39 0.3242757727493881
27 65 0.5875513123755809
27 58 0.6393824270562618
27 51 0.2661553428188199
27 56 0.61292293749284
27 45 0.633800878385955
27 52 0.29201533942250535
27 42 -0.05472988222754793
27 64 0.8306731876218691
27 66 0.8306731876218691
27 61 0.8306731876218691
27 46 0.8306731876218691
27 47 0.8306731876218691
27 35 0.6978356599574909
27 36 0.8024526072549634
27 57 0.2984051355306292
27 44 0.2788644497777568
27 68 1.0
37 48 0.06277921031141886
37 49 0.052524903701851144
37 54 -0.048880338843446225
37 40 0.052524903701851144
37 60 0.07094426904222928
37 62 0.06793260261474643
37 67 0.13393634244857822
37 53 0.03366792008455377
37 41 -0.05166761537839193
37 43 0.12596230203052983
37 55 0.07347582903457806
37 50 0.07347582903457806
37 63 0.03366792008455377
37 59 0.2752933302108431
37 38 0.3791993469785666
37 39 0.47485992062138394
37 65 0.012064369388099294
37 58 0.0448641850380227
37 51 0.5944395579936099
37 56 0.033513417140056845
37 45 0.048057289503049105
37 52 -0.11906010152597446
37 42 0.7364751666027587
37 64 -0.009490284151979722
37 66 -0.009490284151979722
37 61 -0.009490284151979722
37 46 -0.009490284151979722
37 47 -0.009490284151979722
37 35 0.06644519632391166
37 36 0.03929135463840794
37 57 -0.04616204191552242
37 44 -0.04000607865600614
37 68 0.0033019554903148673
48 49 0.4062525328627089
48 54 0.6393808888969943
48 40 0.4062525328627089
48 60 0.7537459040177055
48 62 0.3926924441329902
48 67 0.37950248301785905
48 53 0.398812058949261
48 41 0.6437009113142267
48 43 0.529744301122264
48 55 0.3147796857083449
48 50 0.3147796857083449
48 63 0.398812058949261
48 59 0.5828995007323101
48 38 0.5924829108989798
48 39 0.33131233148742467
48 65 0.5277966142311925
48 58 0.5189615768249496
48 51 0.27885690446419176
48 56 0.5732187305839034
48 45 0.6764612092447351
48 52 -0.08703548256744398
48 42 -0.09718338508537272
48 64 0.4268854451875086
48 66 0.4268854451875086
48 61 0.4268854451875086
48 46 0.4268854451875086
48 47 0.4268854451875086
48 35 0.5596584979139152
48 36 0.48723770939250244
48 57 0.042603507623425685
48 44 0.04176996163732838
48 68 0.43373182041978
49 54 0.5024380037502851
49 40 1.0
49 60 0.5090431550052017
49 62 0.9133737499505514
49 67 0.7700636660883902
49 53 0.5956499437306775
49 41 0.4169640682230238
49 43 0.724038122309139
49 55 0.3975332992558833
49 50 0.3975332992558833
49 63 0.5956499437306775
49 59 0.5777954278892139
49 38 0.3754978274810128
49 39 0.39339191911858507
49 65 0.599551125204016
49 58 0.6707167648564791
49 51 0.268297633047041
49 56 0.6398277471525944
49 45 0.617943381992518
49 52 0.2439795299578691
49 42 -0.04800435602373909
49 64 0.825088926430908
49 66 0.825088926430908
49 61 0.825088926430908
49 46 0.825088926430908
49 47 0.825088926430908
49 35 0.6624870548403123
49 36 0.6776158797001699
49 57 0.25961669687967515
49 44 0.2357133041441557
49 68 0.8000680718614603
54 40 0.5024380037502851
54 60 0.8391687377879862
54 62 0.46279288112418726
54 67 0.49461007429636084
54 53 0.3155136468121782
54 41 0.8121572231757455
54 43 0.5243052273290232
54 55 0.14951233647298068
54 50 0.14951233647298068
54 63 0.3155136468121782
54 59 0.3997636456770124
54 38 0.49758251808816567
54 39 0.1664774771197699
54 65 0.6935793260126957
54 58 0.6436716290336335
54 51 0.11949764373275684
54 56 0.7113364484612248
54 45 0.6206371273292461
54 52 -0.11272713101061527
54 42 -0.2172465884796111
54 64 0.5063258476002375
54 66 0.5063258476002375
54 61 0.5063258476002375
54 46 0.5063258476002375
54 47 0.5063258476002375
54 35 0.3912444049055921
54 36 0.41832571373379324
54 57 -0.004316450700571295
54 44 -0.02783349857054418
54 68 0.4760483316713362
40 60 0.5090431550052017
40 62 0.9133737499505514
40 67 0.7700636660883902
40 53 0.5956499437306775
40 41 0.4169640682230238
40 43 0.724038122309139
40 55 0.3975332992558833
40 50 0.3975332992558833
40 63 0.5956499437306775
40 59 0.5777954278892139
40 38 0.3754978274810128
40 39 0.39339191911858507
40 65 0.599551125204016
40 58 0.6707167648564791
40 51 0.268297633047041
40 56 0.6398277471525944
40 45 0.617943381992518
40 52 0.2439795299578691
40 42 -0.04800435602373909
40 64 0.825088926430908
40 66 0.825088926430908
40 61 0.825088926430908
40 46 0.825088926430908
40 47 0.825088926430908
40 35 0.6624870548403123
40 36 0.6776158797001699
40 57 0.25961669687967515
40 44 0.2357133041441557
40 68 0.8000680718614603
60 62 0.4663067380897701
60 67 0.4610544037714135
60 53 0.33620873815380037
60 41 0.7924507195712067
60 43 0.6189712418999989
60 55 0.2296215892129112
60 50 0.2296215892129112
60 63 0.33620873815380037
60 59 0.5277284469775623
60 38 0.6212646848289296
60 39 0.293854833667865
60 65 0.6735401955156703
60 58 0.6098865609237691
60 51 0.24125268779607723
60 56 0.700071880237374
60 45 0.6951421426929301
60 52 -0.1057734548667213
60 42 -0.09114269418932963
60 64 0.5212336650438374
60 66 0.5212336650438374
60 61 0.5212336650438374
60 46 0.5212336650438374
60 47 0.5212336650438374
60 35 0.5391168185014976
60 36 0.5063290539983427
60 57 0.020945129166648258
60 44 -0.0028688615930150263
60 68 0.47613611612905515
62 67 0.760527547361562
62 53 0.6436874761420768
62 41 0.3767824367969297
62 43 0.6990296194126131
62 55 0.4472681639599614
62 50 0.4472681639599614
62 63 0.6436874761420768
62 59 0.6084609838435426
62 38 0.3410971052071545
62 39 0.4358721257012803
62 65 0.5539472345481045
62 58 0.6468614612240344
62 51 0.28104694573994493
62 56 0.5986117660431773
62 45 0.607939345180057
62 52 0.31689326887135394
62 42 -0.021709146938519552
62 64 0.7633518278889824
62 66 0.7633518278889824
62 61 0.7633518278889824
62 46 0.7633518278889824
62 47 0.7633518278889824
62 35 0.6409214866289403
62 36 0.6677685485046823
62 57 0.34032357743853936
62 44 0.31658042957860744
62 68 0.810846417072753
67 53 0.6241998567711562
67 41 0.4318850672862027
67 43 0.6026144817733439
67 55 0.4576227332581766
67 50 0.4576227332581766
67 63 0.6241998567711562
67 59 0.5665529201505706
67 38 0.4371393349720165
67 39 0.4238566835410893
67 65 0.5461243909594486
67 58 0.6571467191970441
67 51 0.3203751359178568
67 56 0.5666546590582584
67 45 0.518841586104827
67 52 0.21240778456558473
67 42 0.04405666480306536
67 64 0.6658263746940065
67 66 0.6658263746940065
67 61 0.6658263746940065
67 46 0.6658263746940065
67 47 0.6658263746940065
67 35 0.5083974108856637
67 36 0.5465573132096324
67 57 0.21966930799680995
67 44 0.22069446421664907
67 68 0.6792885141112492
53 41 0.23917466326383874
53 43 0.5122077086562058
53 55 0.7328964875778183
53 50 0.7328964875778183
53 63 1.0
53 59 0.5245511076936964
53 38 0.2683429998869542
53 39 0.37683524706517346
53 65 0.37375660548423184
53 58 0.4001333364576567
53 51 0.2822780715578119
53 56 0.4211994957368006
53 45 0.5388809150608722
53 52 0.4488764298148453
53 42 -0.06059108139015734
53 64 0.4848604140570387
53 66 0.4848604140570387
53 61 0.4848604140570387
53 46 0.4848604140570387
53 47 0.4848604140570387
53 35 0.530298151599709
53 36 0.5794216208159924
53 57 0.3842539300167118
53 44 0.39988075865403516
53 68 0.6143175004472141
41 43 0.49760069299372844
41 55 0.13800268570776097
41 50 0.13800268570776097
41 63 0.23917466326383874
41 59 0.3662530395668
41 38 0.5383681267267093
41 39 0.15682972833747044
41 65 0.7613224938031635
41 58 0.6729109453153796
41 51 0.11167740937526105
41 56 0.7353458846409922
41 45 0.6328078201622702
41 52 -0.1995341248693876
41 42 -0.20379842119291425
41 64 0.48549606520100497
41 66 0.48549606520100497
41 61 0.48549606520100497
41 46 0.48549606520100497
41 47 0.48549606520100497
41 35 0.4038351154013071
41 36 0.43917031548335217
41 57 -0.06391208057902986
41 44 -0.08015401193551952
41 68 0.42955605182942236
43 55 0.3948544654995203
43 50 0.3948544654995203
43 63 0.5122077086562058
43 59 0.7679558776289923
43 38 0.507454174279701
43 39 0.5339651771937497
43 65 0.6252208351288573
43 58 0.6494258467137115
43 51 0.31966699055192294
43 56 0.6596880193901598
43 45 0.7166499133018078
43 52 0.16185062412114348
43 42 0.0157141685631359
43 64 0.685785819470766
43 66 0.685785819470766
43 61 0.685785819470766
43 46 0.685785819470766
43 47 0.685785819470766
43 35 0.6288329278904712
43 36 0.6556611875857925
43 57 0.3221360358656966
43 44 0.2980248594903969
43 68 0.6239051561788074
55 50 1.0
55 63 0.7328964875778183
55 59 0.4310270508431131
55 38 0.19803760800277814
55 39 0.3869310549343936
55 65 0.20437730928097153
55 58 0.23618871958751697
55 51 0.2903798380648368
55 56 0.24393354576750426
55 45 0.4211795927985804
55 52 0.3908089279284468
55 42 -0.024323058503796346
55 64 0.29338487824134063
55 66 0.29338487824134063
55 61 0.29338487824134063
55 46 0.29338487824134063
55 47 0.29338487824134063
55 35 0.4422277900011977
55 36 0.4825939209986245
55 57 0.37152069602598203
55 44 0.3908257794464589
55 68 0.4387687344205915
50 63 0.7328964875778183
50 59 0.4310270508431131
50 38 0.19803760800277814
50 39 0.3869310549343936
50 65 0.20437730928097153
50 58 0.23618871958751697
50 51 0.2903798380648368
50 56 0.24393354576750426
50 45 0.4211795927985804
50 52 0.3908089279284468
50 42 -0.024323058503796346
50 64 0.29338487824134063
50 66 0.29338487824134063
50 61 0.29338487824134063
50 46 0.29338487824134063
50 47 0.29338487824134063
50 35 0.4422277900011977
50 36 0.4825939209986245
50 57 0.37152069602598203
50 44 0.3908257794464589
50 68 0.4387687344205915
63 59 0.5245511076936964
63 38 0.2683429998869542
63 39 0.37683524706517346
63 65 0.37375660548423184
63 58 0.4001333364576567
63 51 0.2822780715578119
63 56 0.4211994957368006
63 45 0.5388809150608722
63 52 0.4488764298148453
63 42 -0.06059108139015734
63 64 0.4848604140570387
63 66 0.4848604140570387
63 61 0.4848604140570387
63 46 0.4848604140570387
63 47 0.4848604140570387
63 35 0.530298151599709
63 36 0.5794216208159924
63 57 0.3842539300167118
63 44 0.39988075865403516
63 68 0.6143175004472141
59 38 0.5605241858866066
59 39 0.7190137826983118
59 65 0.46446858421404613
59 58 0.5229511464422103
59 51 0.47741443305130815
59 56 0.5124702454559156
59 45 0.607852400484262
59 52 0.16724608131335117
59 42 0.15925542419427074
59 64 0.5103903453564271
59 66 0.5103903453564271
59 61 0.5103903453564271
59 46 0.5103903453564271
59 47 0.5103903453564271
59 35 0.6216831225319766
59 36 0.5993642691755667
59 57 0.3216845599163207
59 44 0.31601161078287987
59 68 0.5342503116189619
38 39 0.5572835220373236
38 65 0.522090216712968
38 58 0.5465234257280827
38 51 0.5542538804511423
38 56 0.5302257810035371
38 45 0.5575207923538983
38 52 -0.18789583462057635
38 42 0.25267472182167694
38 64 0.40483760682400316
38 66 0.40483760682400316
38 61 0.40483760682400316
38 46 0.40483760682400316
38 47 0.40483760682400316
38 35 0.4436350159230642
38 36 0.40861241228412837
38 57 -0.04755242451938102
38 44 -0.052154315206280444
38 68 0.3806502426523366
39 65 0.24732641955051804
39 58 0.32539221762272064
39 51 0.6598208919822355
39 56 0.2849671119111008
39 45 0.33155547235219274
39 52 0.09926881645515095
39 42 0.38670701238152105
39 64 0.2896906004025368
39 66 0.2896906004025368
39 61 0.2896906004025368
39 46 0.2896906004025368
39 47 0.2896906004025368
39 35 0.41648282039386686
39 36 0.37932658653880935
39 57 0.26039405746996636
39 44 0.2667818097761483
39 68 0.3242757727493881
65 58 0.843051599629689
65 51 0.21210152721323539
65 56 0.9447801917558536
65 45 0.751106494339183
65 52 -0.020110229910642374
65 42 -0.09046565100288717
65 64 0.6523091297058272
65 66 0.6523091297058272
65 61 0.6523091297058272
65 46 0.6523091297058272
65 47 0.6523091297058272
65 35 0.4937013006347115
65 36 0.5413807868535514
65 57 0.09667378582525998
65 44 0.07317878509638831
65 68 0.5875513123755809
58 51 0.23997964614682132
58 56 0.855182871746365
58 45 0.7373558023828082
58 52 0.11574177890724968
58 42 -0.045361943426541984
58 64 0.687230489551439
58 66 0.687230489551439
58 61 0.687230489551439
58 46 0.687230489551439
58 47 0.687230489551439
58 35 0.453326118804398
58 36 0.501614585678908
58 57 0.1527640659478493
58 44 0.14091724681202322
58 68 0.6393824270562618
51 56 0.24525387940229848
51 45 0.31210671868757345
51 52 -0.06715351246384671
51 42 0.5775904067850206
51 64 0.233697142721212
51 66 0.233697142721212
51 61 0.233697142721212
51 46 0.233697142721212
51 47 0.233697142721212
51 35 0.3705555113047012
51 36 0.3182273349739262
51 57 0.06635159422876313
51 44 0.05433059539063834
51 68 0.2661553428188199
56 45 0.7967988686868921
56 52 0.032062773148936685
56 42 -0.07779711071634665
56 64 0.669906414252182
56 66 0.669906414252182
56 61 0.669906414252182
56 46 0.669906414252182
56 47 0.669906414252182
56 35 0.520738910381624
56 36 0.5588730331146508
56 57 0.13086509110871702
56 44 0.10729664948303252
56 68 0.61292293749284
45 52 0.10651414374297019
45 42 -0.06229437986621633
45 64 0.6330859321606113
45 66 0.6330859321606113
45 61 0.6330859321606113
45 46 0.6330859321606113
45 47 0.6330859321606113
45 35 0.6573311927350005
45 36 0.6625483151146909
45 57 0.20604912424460053
45 44 0.17408422118751332
45 68 0.633800878385955
52 42 -0.07075154762424063
52 64 0.16995503409998491
52 66 0.16995503409998491
52 61 0.16995503409998491
52 46 0.16995503409998491
52 47 0.16995503409998491
52 35 0.10208907403284684
52 36 0.15732866036705673
52 57 0.4655630486740847
52 44 0.4727670062929974
52 68 0.29201533942250535
42 64 -0.08384777598257642
42 66 -0.08384777598257642
42 61 -0.08384777598257642
42 46 -0.08384777598257642
42 47 -0.08384777598257642
42 35 0.008259483045549132
42 36 -0.021270864745019935
42 57 0.01471099816262722
42 44 0.021900443825870752
42 68 -0.05472988222754793
64 66 1.0
64 61 1.0
64 46 1.0
64 47 1.0
64 35 0.7131852456368506
64 36 0.7520739484461956
64 57 0.1600013552015298
64 44 0.1357052817256772
64 68 0.8306731876218691
66 61 1.0
66 46 1.0
66 47 1.0
66 35 0.7131852456368506
66 36 0.7520739484461956
66 57 0.1600013552015298
66 44 0.1357052817256772
66 68 0.8306731876218691
61 46 1.0
61 47 1.0
61 35 0.7131852456368506
61 36 0.7520739484461956
61 57 0.1600013552015298
61 44 0.1357052817256772
61 68 0.8306731876218691
46 47 1.0
46 35 0.7131852456368506
46 36 0.7520739484461956
46 57 0.1600013552015298
46 44 0.1357052817256772
46 68 0.8306731876218691
47 35 0.7131852456368506
47 36 0.7520739484461956
47 57 0.1600013552015298
47 44 0.1357052817256772
47 68 0.8306731876218691
35 36 0.814797927858308
35 57 0.17656119846651563
35 44 0.15226512499066303
35 68 0.6978356599574909
36 57 0.24152065607631812
36 44 0.22765907974826405
36 68 0.8024526072549634
57 44 0.931792841074639
57 68 0.2984051355306292
44 68 0.2788644497777568
