1 2 0.5759159435401671
1 3 0.4457250007544644
1 4 0.3979867597226985
1 5 0.3618388800532557
1 6 0.5550583578296937
1 7 0.5550583578296937
1 8 0.2533954496611841
1 9 0.08234355697641149
1 10 0.15352662061923184
1 11 0.3618388800532557
1 12 0.20991109177703038
1 13 0.178641487902496
1 14 0.15738838067045435
1 15 0.1406238749041222
1 33 0.8016573651402723
1 34 0.7745682935346849
1 32 0.13926427951082587
1 22 0.16314697993220761
1 20 0.035535259172320366
1 18 0.16314697993220761
1 31 0.18932154803769663
1 29 0.16536968274158426
1 28 0.23401025804923847
1 17 0.30003201065119356
1 16 0.1406238749041222
1 19 0.1406238749041222
1 21 0.1406238749041222
1 23 0.1406238749041222
1 24 0.23979090515058488
1 30 0.2585537832346745
1 26 0.2061032414494548
1 25 0.1865246788947843
1 27 0.19734993361635134
1 37 0.9960120540012716
1 48 0.13926427951082587
1 49 0.16314697993220761
1 54 0.035535259172320366
1 40 0.16314697993220761
1 60 0.15738838067045435
1 62 0.178641487902496
1 67 0.20991109177703038
1 53 0.3618388800532557
1 41 0.08234355697641149
1 43 0.2533954496611841
1 55 0.5550583578296937
1 50 0.5550583578296937
1 63 0.3618388800532557
1 59 0.3979867597226985
1 38 0.4457250007544644
1 39 0.5759159435401671
1 65 0.18932154803769663
1 58 0.15352662061923184
1 51 0.8016573651402723
1 56 0.16536968274158426
1 45 0.23401025804923847
1 52 0.30003201065119356
1 42 0.7745682935346849
1 64 0.1406238749041222
1 66 0.1406238749041222
1 61 0.1406238749041222
1 46 0.1406238749041222
1 47 0.1406238749041222
1 35 0.23979090515058488
1 36 0.2585537832346745
1 57 0.2061032414494548
1 44 0.1865246788947843
1 68 0.19734993361635134
2 3 0.6167737224604934
2 4 0.800702226581052
2 5 0.5344352326355875
2 6 0.7276547104120255
2 7 0.7276547104120255
2 8 0.6638047136366367
2 9 0.2581861943472177
2 10 0.40431085487944074
2 11 0.5344352326355875
2 12 0.458643602905795
2 13 0.49797668354585767
2 14 0.33545448014046997
2 15 0.31322022748645395
2 33 0.6676491873513442
2 34 0.3604787226067856
2 32 0.3122504578786902
2 22 0.4338692610617727
2 20 0.21374240791192278
2 18 0.4338692610617727
2 31 0.359372625942342
2 29 0.3355167751724366
2 28 0.40175789734348655
2 17 0.5439622009289451
2 16 0.31322022748645395
2 19 0.31322022748645395
2 21 0.31322022748645395
2 23 0.31322022748645395
2 24 0.4123872577329166
2 30 0.43115013581700623
2 26 0.45594844353036024
2 25 0.43681249266956
2 27 0.3699462861986831
2 37 0.5759159435401671
2 48 0.3122504578786902
2 49 0.4338692610617727
2 54 0.21374240791192278
2 40 0.4338692610617727
2 60 0.33545448014046997
2 62 0.49797668354585767
2 67 0.458643602905795
2 53 0.5344352326355875
2 41 0.2581861943472177
2 43 0.6638047136366367
2 55 0.7276547104120255
2 50 0.7276547104120255
2 63 0.5344352326355875
2 59 0.800702226581052
2 38 0.6167737224604934
2 39 0.9979635504586298
2 65 0.359372625942342
2 58 0.40431085487944074
2 51 0.6676491873513442
2 56 0.3355167751724366
2 45 0.40175789734348655
2 52 0.5439622009289451
2 42 0.3604787226067856
2 64 0.31322022748645395
2 66 0.31322022748645395
2 61 0.31322022748645395
2 46 0.31322022748645395
2 47 0.31322022748645395
2 35 0.4123872577329166
2 36 0.43115013581700623
2 57 0.45594844353036024
2 44 0.43681249266956
2 68 0.3699462861986831
3 4 0.6323134927079082
3 5 0.6385247281286865
3 6 0.6736652648542076
3 7 0.6736652648542076
3 8 0.5802312775049359
3 9 0.636483711656183
3 10 0.5691766086092684
3 11 0.6385247281286865
3 12 0.4424760905094445
3 13 0.40925578214228153
3 14 0.7049229749245569
3 15 0.6016064601717517
3 33 0.6155842825246509
3 34 0.24387542228214443
3 32 0.6905479751876555
3 22 0.4483084927778691
3 20 0.5847092366893776
3 18 0.4483084927778691
3 31 0.6093044478911906
3 29 0.6149859379220288
3 28 0.722986871493049
3 17 0.17322655656607822
3 16 0.6016064601717517
3 19 0.6016064601717517
3 21 0.6016064601717517
3 23 0.6016064601717517
3 24 0.730770647583995
3 30 0.7207116961944848
3 26 0.07556465014931746
3 25 0.05642869928851724
3 27 0.6142096613766626
3 37 0.4457250007544644
3 48 0.6905479751876555
3 49 0.4483084927778691
3 54 0.5847092366893776
3 40 0.4483084927778691
3 60 0.7049229749245569
3 62 0.40925578214228153
3 67 0.4424760905094445
3 53 0.6385247281286865
3 41 0.636483711656183
3 43 0.5802312775049359
3 55 0.6736652648542076
3 50 0.6736652648542076
3 63 0.6385247281286865
3 59 0.6323134927079082
3 38 1.0
3 39 0.6167737224604934
3 65 0.6093044478911906
3 58 0.5691766086092684
3 51 0.6155842825246509
3 56 0.6149859379220288
3 45 0.722986871493049
3 52 0.17322655656607822
3 42 0.24387542228214443
3 64 0.6016064601717517
3 66 0.6016064601717517
3 61 0.6016064601717517
3 46 0.6016064601717517
3 47 0.6016064601717517
3 35 0.730770647583995
3 36 0.7207116961944848
3 57 0.07556465014931746
3 44 0.05642869928851724
3 68 0.6142096613766626
4 5 0.7337330060545355
4 6 0.649597906274721
4 7 0.649597906274721
4 8 0.8506170047912747
4 9 0.4551808130927384
4 10 0.6027374019904528
4 11 0.7337330060545355
4 12 0.657941376324743
4 13 0.6972744569648057
4 14 0.5324490988859907
4 15 0.512518000905402
4 33 0.48972000353387557
4 34 0.182549538789317
4 32 0.49121343850856647
4 22 0.6331670344807208
4 20 0.4107370266574435
4 18 0.6331670344807208
4 31 0.557799173053354
4 29 0.5339433222834487
4 28 0.6001844444544986
4 17 0.5409130638581701
4 16 0.512518000905402
4 19 0.512518000905402
4 21 0.512518000905402
4 23 0.512518000905402
4 24 0.6116850311518647
4 30 0.6304479092359543
4 26 0.4395374469750095
4 25 0.4204014961142093
4 27 0.5692440596176311
4 37 0.3979867597226985
4 48 0.49121343850856647
4 49 0.6331670344807208
4 54 0.4107370266574435
4 40 0.6331670344807208
4 60 0.5324490988859907
4 62 0.6972744569648057
4 67 0.657941376324743
4 53 0.7337330060545355
4 41 0.4551808130927384
4 43 0.8506170047912747
4 55 0.649597906274721
4 50 0.649597906274721
4 63 0.7337330060545355
4 59 0.9979742870768954
4 38 0.6323134927079082
4 39 0.800702226581052
4 65 0.557799173053354
4 58 0.6027374019904528
4 51 0.48972000353387557
4 56 0.5339433222834487
4 45 0.6001844444544986
4 52 0.5409130638581701
4 42 0.182549538789317
4 64 0.512518000905402
4 66 0.512518000905402
4 61 0.512518000905402
4 46 0.512518000905402
4 47 0.512518000905402
4 35 0.6116850311518647
4 36 0.6304479092359543
4 57 0.4395374469750095
4 44 0.4204014961142093
4 68 0.5692440596176311
5 6 0.7821793565526605
5 7 0.7821793565526605
5 8 0.7390306717716157
5 9 0.530927944695577
5 10 0.6353526594175491
5 11 0.9984756937299446
5 12 0.8039513623807579
5 13 0.770731054013595
5 14 0.6081962304888293
5 15 0.7787849948508665
5 33 0.4843504394812044
5 34 0.18184012407436967
5 32 0.49742467392934486
5 22 0.7987539228051901
5 20 0.48648415826028213
5 18 0.7987539228051901
5 31 0.6805447884835303
5 29 0.6558637293346692
5 28 0.7092526867054403
5 17 0.4895264697843231
5 16 0.7787849948508665
5 19 0.7787849948508665
5 21 0.7787849948508665
5 23 0.7787849948508665
5 24 0.8113550402340479
5 30 0.8847986606415361
5 26 0.2658623323368374
5 25 0.24934669269714504
5 27 0.8355110535630956
5 37 0.3618388800532557
5 48 0.49742467392934486
5 49 0.7987539228051901
5 54 0.48648415826028213
5 40 0.7987539228051901
5 60 0.6081962304888293
5 62 0.770731054013595
5 67 0.8039513623807579
5 53 0.9984756937299446
5 41 0.530927944695577
5 43 0.7390306717716157
5 55 0.7821793565526605
5 50 0.7821793565526605
5 63 0.9984756937299446
5 59 0.7337330060545355
5 38 0.6385247281286865
5 39 0.5344352326355875
5 65 0.6805447884835303
5 58 0.6353526594175491
5 51 0.4843504394812044
5 56 0.6558637293346692
5 45 0.7092526867054403
5 52 0.4895264697843231
5 42 0.18184012407436967
5 64 0.7787849948508665
5 66 0.7787849948508665
5 61 0.7787849948508665
5 46 0.7787849948508665
5 47 0.7787849948508665
5 35 0.8113550402340479
5 36 0.8847986606415361
5 57 0.2658623323368374
5 44 0.24934669269714504
5 68 0.8355110535630956
6 7 0.9986817143893291
6 8 0.5405038380995393
6 9 0.3570022766944021
6 10 0.4368258257454727
6 11 0.7821793565526605
6 12 0.6279566057492048
6 13 0.5966870018746704
6 14 0.4342705624876544
6 15 0.5855655170744285
6 33 0.7021710829285439
6 34 0.38635228178463876
6 32 0.41106654022587463
6 22 0.581192493904382
6 20 0.3125584902591072
6 18 0.581192493904382
6 31 0.4832351722288877
6 29 0.48193806133349426
6 28 0.5353270187042654
6 17 0.4995612917118706
6 16 0.5855655170744285
6 19 0.5855655170744285
6 21 0.5855655170744285
6 23 0.5855655170744285
6 24 0.6847325473208912
6 30 0.7034954254049808
6 26 0.2500156053865794
6 25 0.23349996574688703
6 27 0.6422915757866576
6 37 0.5550583578296937
6 48 0.41106654022587463
6 49 0.581192493904382
6 54 0.3125584902591072
6 40 0.581192493904382
6 60 0.4342705624876544
6 62 0.5966870018746704
6 67 0.6279566057492048
6 53 0.7821793565526605
6 41 0.3570022766944021
6 43 0.5405038380995393
6 55 0.9986817143893291
6 50 0.9986817143893291
6 63 0.7821793565526605
6 59 0.649597906274721
6 38 0.6736652648542076
6 39 0.7276547104120255
6 65 0.4832351722288877
6 58 0.4368258257454727
6 51 0.7021710829285439
6 56 0.48193806133349426
6 45 0.5353270187042654
6 52 0.4995612917118706
6 42 0.38635228178463876
6 64 0.5855655170744285
6 66 0.5855655170744285
6 61 0.5855655170744285
6 46 0.5855655170744285
6 47 0.5855655170744285
6 35 0.6847325473208912
6 36 0.7034954254049808
6 57 0.2500156053865794
6 44 0.23349996574688703
6 68 0.6422915757866576
7 8 0.5405038380995393
7 9 0.3570022766944021
7 10 0.4368258257454727
7 11 0.7821793565526605
7 12 0.6279566057492048
7 13 0.5966870018746704
7 14 0.4342705624876544
7 15 0.5855655170744285
7 33 0.7021710829285439
7 34 0.38635228178463876
7 32 0.41106654022587463
7 22 0.581192493904382
7 20 0.3125584902591072
7 18 0.581192493904382
7 31 0.4832351722288877
7 29 0.48193806133349426
7 28 0.5353270187042654
7 17 0.4995612917118706
7 16 0.5855655170744285
7 19 0.5855655170744285
7 21 0.5855655170744285
7 23 0.5855655170744285
7 24 0.6847325473208912
7 30 0.7034954254049808
7 26 0.2500156053865794
7 25 0.23349996574688703
7 27 0.6422915757866576
7 37 0.5550583578296937
7 48 0.41106654022587463
7 49 0.581192493904382
7 54 0.3125584902591072
7 40 0.581192493904382
7 60 0.4342705624876544
7 62 0.5966870018746704
7 67 0.6279566057492048
7 53 0.7821793565526605
7 41 0.3570022766944021
7 43 0.5405038380995393
7 55 0.9986817143893291
7 50 0.9986817143893291
7 63 0.7821793565526605
7 59 0.649597906274721
7 38 0.6736652648542076
7 39 0.7276547104120255
7 65 0.4832351722288877
7 58 0.4368258257454727
7 51 0.7021710829285439
7 56 0.48193806133349426
7 45 0.5353270187042654
7 52 0.4995612917118706
7 42 0.38635228178463876
7 64 0.5855655170744285
7 66 0.5855655170744285
7 61 0.5855655170744285
7 46 0.5855655170744285
7 47 0.5855655170744285
7 35 0.6847325473208912
7 36 0.7034954254049808
7 57 0.2500156053865794
7 44 0.23349996574688703
7 68 0.6422915757866576
8 9 0.55178939900361
8 10 0.7396228522120509
8 11 0.7390306717716157
8 12 0.7005680601578206
8 13 0.7379504363052547
8 14 0.5897445658920333
8 15 0.6494155138498172
8 33 0.3736120465619024
8 34 0.07110173115506768
8 32 0.4391312233055942
8 22 0.7283902324270457
8 20 0.5073456125683151
8 18 0.7283902324270457
8 31 0.6946846232749522
8 29 0.6708287725050468
8 28 0.6832682876847684
8 17 0.4636255612713285
8 16 0.6494155138498172
8 19 0.6494155138498172
8 21 0.6494155138498172
8 23 0.6494155138498172
8 24 0.602830654301215
8 30 0.6762742747087032
8 26 0.41980175688513555
8 25 0.4003318353788927
8 27 0.7061415725620463
8 37 0.2533954496611841
8 48 0.4391312233055942
8 49 0.7283902324270457
8 54 0.5073456125683151
8 40 0.7283902324270457
8 60 0.5897445658920333
8 62 0.7379504363052547
8 67 0.7005680601578206
8 53 0.7390306717716157
8 41 0.55178939900361
8 43 0.9979143241243065
8 55 0.5405038380995393
8 50 0.5405038380995393
8 63 0.7390306717716157
8 59 0.8506170047912747
8 38 0.5802312775049359
8 39 0.6638047136366367
8 65 0.6946846232749522
8 58 0.7396228522120509
8 51 0.3736120465619024
8 56 0.6708287725050468
8 45 0.6832682876847684
8 52 0.4636255612713285
8 42 0.07110173115506768
8 64 0.6494155138498172
8 66 0.6494155138498172
8 61 0.6494155138498172
8 46 0.6494155138498172
8 47 0.6494155138498172
8 35 0.602830654301215
8 36 0.6762742747087032
8 57 0.41980175688513555
8 44 0.4003318353788927
8 68 0.7061415725620463
9 10 0.7138535623962525
9 11 0.530927944695577
9 12 0.4401369784027338
9 13 0.40691667003557086
9 14 0.9227317142067477
9 15 0.641221726196818
9 33 0.252202838746598
9 34 -0.1195060214959085
9 32 0.8003142866655253
9 22 0.44596938067115843
9 20 0.9460814090562053
9 18 0.44596938067115843
9 31 0.8116411950904876
9 29 0.8405689771461766
9 28 0.8198038734262809
9 17 0.02045441447990015
9 16 0.641221726196818
9 19 0.641221726196818
9 21 0.641221726196818
9 23 0.641221726196818
9 24 0.5581279062316753
9 30 0.6011986702214926
9 26 -0.007327345170779154
9 25 -0.02941757789812982
9 27 0.6118705492699519
9 37 0.08234355697641149
9 48 0.8003142866655253
9 49 0.44596938067115843
9 54 0.9460814090562053
9 40 0.44596938067115843
9 60 0.9227317142067477
9 62 0.40691667003557086
9 67 0.4401369784027338
9 53 0.530927944695577
9 41 0.9998495628012852
9 43 0.55178939900361
9 55 0.3570022766944021
9 50 0.3570022766944021
9 63 0.530927944695577
9 59 0.4551808130927384
9 38 0.636483711656183
9 39 0.2581861943472177
9 65 0.8116411950904876
9 58 0.7138535623962525
9 51 0.252202838746598
9 56 0.8405689771461766
9 45 0.8198038734262809
9 52 0.02045441447990015
9 42 -0.1195060214959085
9 64 0.641221726196818
9 66 0.641221726196818
9 61 0.641221726196818
9 46 0.641221726196818
9 47 0.641221726196818
9 35 0.5581279062316753
9 36 0.6011986702214926
9 57 -0.007327345170779154
9 44 -0.02941757789812982
9 68 0.6118705492699519
10 11 0.6353526594175491
10 12 0.7198825894447509
10 13 0.6740187512768898
10 14 0.7234825007908512
10 15 0.7766153060656507
10 33 0.2737432175199501
10 34 -0.028767097886884585
10 32 0.5757785076566506
10 22 0.7234047540987376
10 20 0.7242506808543112
10 18 0.7234047540987376
10 31 0.8957960155385081
10 29 0.8675974273355678
10 28 0.8199155720358249
10 17 0.20902518948423676
10 16 0.7766153060656507
10 19 0.7766153060656507
10 21 0.7766153060656507
10 23 0.7766153060656507
10 24 0.5365223765547853
10 30 0.6047005636210088
10 26 0.1639711142051965
10 25 0.14450119269895367
10 27 0.7209673049219418
10 37 0.15352662061923184
10 48 0.5757785076566506
10 49 0.7234047540987376
10 54 0.7242506808543112
10 40 0.7234047540987376
10 60 0.7234825007908512
10 62 0.6740187512768898
10 67 0.7198825894447509
10 53 0.6353526594175491
10 41 0.7138535623962525
10 43 0.7396228522120509
10 55 0.4368258257454727
10 50 0.4368258257454727
10 63 0.6353526594175491
10 59 0.6027374019904528
10 38 0.5691766086092684
10 39 0.40431085487944074
10 65 0.8957960155385081
10 58 1.0
10 51 0.2737432175199501
10 56 0.8675974273355678
10 45 0.8199155720358249
10 52 0.20902518948423676
10 42 -0.028767097886884585
10 64 0.7766153060656507
10 66 0.7766153060656507
10 61 0.7766153060656507
10 46 0.7766153060656507
10 47 0.7766153060656507
10 35 0.5365223765547853
10 36 0.6047005636210088
10 57 0.1639711142051965
10 44 0.14450119269895367
10 68 0.7209673049219418
11 12 0.8039513623807579
11 13 0.770731054013595
11 14 0.6081962304888293
11 15 0.7787849948508665
11 33 0.4843504394812044
11 34 0.18184012407436967
11 32 0.49742467392934486
11 22 0.7987539228051901
11 20 0.48648415826028213
11 18 0.7987539228051901
11 31 0.6805447884835303
11 29 0.6558637293346692
11 28 0.7092526867054403
11 17 0.4895264697843231
11 16 0.7787849948508665
11 19 0.7787849948508665
11 21 0.7787849948508665
11 23 0.7787849948508665
11 24 0.8113550402340479
11 30 0.8847986606415361
11 26 0.2658623323368374
11 25 0.24934669269714504
11 27 0.8355110535630956
11 37 0.3618388800532557
11 48 0.49742467392934486
11 49 0.7987539228051901
11 54 0.48648415826028213
11 40 0.7987539228051901
11 60 0.6081962304888293
11 62 0.770731054013595
11 67 0.8039513623807579
11 53 0.9984756937299446
11 41 0.530927944695577
11 43 0.7390306717716157
11 55 0.7821793565526605
11 50 0.7821793565526605
11 63 0.9984756937299446
11 59 0.7337330060545355
11 38 0.6385247281286865
11 39 0.5344352326355875
11 65 0.6805447884835303
11 58 0.6353526594175491
11 51 0.4843504394812044
11 56 0.6558637293346692
11 45 0.7092526867054403
11 52 0.4895264697843231
11 42 0.18184012407436967
11 64 0.7787849948508665
11 66 0.7787849948508665
11 61 0.7787849948508665
11 46 0.7787849948508665
11 47 0.7787849948508665
11 35 0.8113550402340479
11 36 0.8847986606415361
11 57 0.2658623323368374
11 44 0.24934669269714504
11 68 0.8355110535630956
12 13 0.889231703011319
12 14 0.4519893788965419
12 15 0.7719100961694494
12 33 0.33012768867774867
12 34 0.02761737327091396
12 32 0.3013760363101028
12 22 0.8857169703114778
12 20 0.4528986082295887
12 18 0.8857169703114778
12 31 0.6284957833122462
12 29 0.5995680012565572
12 28 0.545513100689277
12 17 0.4249167463858612
12 16 0.7719100961694494
12 19 0.7719100961694494
12 21 0.7719100961694494
12 23 0.7719100961694494
12 24 0.6264883089461364
12 30 0.6954285930842161
12 26 0.2146406461542938
12 25 0.19517072464805096
12 27 0.7949216639390215
12 37 0.20991109177703038
12 48 0.3013760363101028
12 49 0.8857169703114778
12 54 0.4528986082295887
12 40 0.8857169703114778
12 60 0.4519893788965419
12 62 0.889231703011319
12 67 0.997410471345545
12 53 0.8039513623807579
12 41 0.4401369784027338
12 43 0.7005680601578206
12 55 0.6279566057492048
12 50 0.6279566057492048
12 63 0.8039513623807579
12 59 0.657941376324743
12 38 0.4424760905094445
12 39 0.458643602905795
12 65 0.6284957833122462
12 58 0.7198825894447509
12 51 0.33012768867774867
12 56 0.5995680012565572
12 45 0.545513100689277
12 52 0.4249167463858612
12 42 0.02761737327091396
12 64 0.7719100961694494
12 66 0.7719100961694494
12 61 0.7719100961694494
12 46 0.7719100961694494
12 47 0.7719100961694494
12 35 0.6264883089461364
12 36 0.6954285930842161
12 57 0.2146406461542938
12 44 0.19517072464805096
12 68 0.7949216639390215
13 14 0.41876907052937895
13 15 0.7380111826350912
13 33 0.2988580848032143
13 34 -0.00365223060362041
13 32 0.26815572794293985
13 22 0.9355883561074734
13 20 0.4196782998624258
13 18 0.9355883561074734
13 31 0.5952754749450833
13 29 0.5663476928893942
13 28 0.5122927923221141
13 17 0.488322279707063
13 16 0.7380111826350912
13 19 0.7380111826350912
13 21 0.7380111826350912
13 23 0.7380111826350912
13 24 0.602118942711968
13 30 0.661529679549858
13 26 0.2539737267943565
13 25 0.23450380528811365
13 27 0.7740976045606658
13 37 0.178641487902496
13 48 0.26815572794293985
13 49 0.9355883561074734
13 54 0.4196782998624258
13 40 0.9355883561074734
13 60 0.41876907052937895
13 62 0.9970138368726815
13 67 0.889231703011319
13 53 0.770731054013595
13 41 0.40691667003557086
13 43 0.7379504363052547
13 55 0.5966870018746704
13 50 0.5966870018746704
13 63 0.770731054013595
13 59 0.6972744569648057
13 38 0.40925578214228153
13 39 0.49797668354585767
13 65 0.5952754749450833
13 58 0.6740187512768898
13 51 0.2988580848032143
13 56 0.5663476928893942
13 45 0.5122927923221141
13 52 0.488322279707063
13 42 -0.00365223060362041
13 64 0.7380111826350912
13 66 0.7380111826350912
13 61 0.7380111826350912
13 46 0.7380111826350912
13 47 0.7380111826350912
13 35 0.602118942711968
13 36 0.661529679549858
13 57 0.2539737267943565
13 44 0.23450380528811365
13 68 0.7740976045606658
14 15 0.6530741266906261
14 33 0.32724766244064085
14 34 -0.04446119780186564
14 32 0.8493866574135609
14 22 0.4578217811649665
14 20 0.877936108445283
14 18 0.4578217811649665
14 31 0.8217021875316277
14 29 0.8507259841135237
14 28 0.8948486971203238
14 17 0.09772270027315244
14 16 0.6530741266906261
14 19 0.6530741266906261
14 21 0.6530741266906261
14 23 0.6530741266906261
14 24 0.6305354711948894
14 30 0.6784669560147449
14 26 0.06771747852326371
14 25 0.04562724579591304
14 27 0.62372294976376
14 37 0.15738838067045435
14 48 0.8493866574135609
14 49 0.4578217811649665
14 54 0.877936108445283
14 40 0.4578217811649665
14 60 1.0
14 62 0.41876907052937895
14 67 0.4519893788965419
14 53 0.6081962304888293
14 41 0.9227317142067477
14 43 0.5897445658920333
14 55 0.4342705624876544
14 50 0.4342705624876544
14 63 0.6081962304888293
14 59 0.5324490988859907
14 38 0.7049229749245569
14 39 0.33545448014046997
14 65 0.8217021875316277
14 58 0.7234825007908512
14 51 0.32724766244064085
14 56 0.8507259841135237
14 45 0.8948486971203238
14 52 0.09772270027315244
14 42 -0.04446119780186564
14 64 0.6530741266906261
14 66 0.6530741266906261
14 61 0.6530741266906261
14 46 0.6530741266906261
14 47 0.6530741266906261
14 35 0.6305354711948894
14 36 0.6784669560147449
14 57 0.06771747852326371
14 44 0.04562724579591304
14 68 0.62372294976376
15 33 0.3053523371636402
15 34 -0.02808220114093274
15 32 0.502460784104187
15 22 0.7767596718622372
15 20 0.653983356023673
15 18 0.7767596718622372
15 31 0.788580845692195
15 29 0.7892864189634565
15 28 0.7465978484833613
15 17 0.3060469203046523
15 16 1.0
15 19 1.0
15 21 1.0
15 23 1.0
15 24 0.7599070704891346
15 30 0.823364173178561
15 26 0.06921727073495276
15 25 0.049747349228709936
15 27 0.9297474804334342
15 37 0.1406238749041222
15 48 0.502460784104187
15 49 0.7767596718622372
15 54 0.653983356023673
15 40 0.7767596718622372
15 60 0.6530741266906261
15 62 0.7380111826350912
15 67 0.7719100961694494
15 53 0.7787849948508665
15 41 0.641221726196818
15 43 0.6494155138498172
15 55 0.5855655170744285
15 50 0.5855655170744285
15 63 0.7787849948508665
15 59 0.512518000905402
15 38 0.6016064601717517
15 39 0.31322022748645395
15 65 0.788580845692195
15 58 0.7766153060656507
15 51 0.3053523371636402
15 56 0.7892864189634565
15 45 0.7465978484833613
15 52 0.3060469203046523
15 42 -0.02808220114093274
15 64 1.0
15 66 1.0
15 61 1.0
15 46 1.0
15 47 1.0
15 35 0.7599070704891346
15 36 0.823364173178561
15 57 0.06921727073495276
15 44 0.049747349228709936
15 68 0.9297474804334342
33 34 0.6274204047804233
33 32 0.30795750705874525
33 22 0.2833635768329259
33 20 0.20539454094250686
33 18 0.2833635768329259
33 31 0.31305032488307916
33 29 0.31873181491391733
33 28 0.42855799783137627
33 17 0.2690822909644339
33 16 0.3053523371636402
33 19 0.3053523371636402
33 21 0.3053523371636402
33 23 0.3053523371636402
33 24 0.43813354001031257
33 30 0.4568964180944022
33 26 0.16302657878259197
33 25 0.1465109391428996
33 27 0.35420912245172076
33 37 0.8016573651402723
33 48 0.30795750705874525
33 49 0.2833635768329259
33 54 0.20539454094250686
33 40 0.2833635768329259
33 60 0.32724766244064085
33 62 0.2988580848032143
33 67 0.33012768867774867
33 53 0.4843504394812044
33 41 0.252202838746598
33 43 0.3736120465619024
33 55 0.7021710829285439
33 50 0.7021710829285439
33 63 0.4843504394812044
33 59 0.48972000353387557
33 38 0.6155842825246509
33 39 0.6676491873513442
33 65 0.31305032488307916
33 58 0.2737432175199501
33 51 1.0
33 56 0.31873181491391733
33 45 0.42855799783137627
33 52 0.2690822909644339
33 42 0.6274204047804233
33 64 0.3053523371636402
33 66 0.3053523371636402
33 61 0.3053523371636402
33 46 0.3053523371636402
33 47 0.3053523371636402
33 35 0.43813354001031257
33 36 0.4568964180944022
33 57 0.16302657878259197
33 44 0.1465109391428996
33 68 0.35420912245172076
34 32 -0.06462208816083148
34 22 -0.019146738573908806
34 20 -0.16631431929999962
34 18 -0.019146738573908806
34 31 0.01054000947624445
34 29 -0.003336393303470686
34 28 0.05963839031755924
34 17 0.2982188463793136
34 16 -0.02808220114093274
34 19 -0.02808220114093274
34 21 -0.02808220114093274
34 23 -0.02808220114093274
34 24 0.07108482910552993
34 30 0.08984770718961954
34 26 0.13930080123827793
34 25 0.14664651395287365
34 27 0.028643857571296394
34 37 0.7745682935346849
34 48 -0.06462208816083148
34 49 -0.019146738573908806
34 54 -0.16631431929999962
34 40 -0.019146738573908806
34 60 -0.04446119780186564
34 62 -0.00365223060362041
34 67 0.02761737327091396
34 53 0.18184012407436967
34 41 -0.1195060214959085
34 43 0.07110173115506768
34 55 0.38635228178463876
34 50 0.38635228178463876
34 63 0.18184012407436967
34 59 0.182549538789317
34 38 0.24387542228214443
34 39 0.3604787226067856
34 65 0.01054000947624445
34 58 -0.028767097886884585
34 51 0.6274204047804233
34 56 -0.003336393303470686
34 45 0.05963839031755924
34 52 0.2982188463793136
34 42 1.0
34 64 -0.02808220114093274
34 66 -0.02808220114093274
34 61 -0.02808220114093274
34 46 -0.02808220114093274
34 47 -0.02808220114093274
34 35 0.07108482910552993
34 36 0.08984770718961954
34 57 0.13930080123827793
34 44 0.14664651395287365
34 68 0.028643857571296394
32 22 0.3072084385785274
32 20 0.7463956957217306
32 18 0.3072084385785274
32 31 0.6728802529978566
32 29 0.7018080350535456
32 28 0.7558629356208257
32 17 0.03212650236673653
32 16 0.502460784104187
32 19 0.502460784104187
32 21 0.502460784104187
32 23 0.502460784104187
32 24 0.6347377586644143
32 30 0.5796116419951431
32 26 -0.06254410048131831
32 25 -0.08168005134211853
32 27 0.47310960717732087
32 37 0.13926427951082587
32 48 0.9927457504052271
32 49 0.3072084385785274
32 54 0.7463956957217306
32 40 0.3072084385785274
32 60 0.8493866574135609
32 62 0.26815572794293985
32 67 0.3013760363101028
32 53 0.49742467392934486
32 41 0.8003142866655253
32 43 0.4391312233055942
32 55 0.41106654022587463
32 50 0.41106654022587463
32 63 0.49742467392934486
32 59 0.49121343850856647
32 38 0.6905479751876555
32 39 0.3122504578786902
32 65 0.6728802529978566
32 58 0.5757785076566506
32 51 0.30795750705874525
32 56 0.7018080350535456
32 45 0.7558629356208257
32 52 0.03212650236673653
32 42 -0.06462208816083148
32 64 0.502460784104187
32 66 0.502460784104187
32 61 0.502460784104187
32 46 0.502460784104187
32 47 0.502460784104187
32 35 0.6347377586644143
32 36 0.5796116419951431
32 57 -0.06254410048131831
32 44 -0.08168005134211853
32 68 0.47310960717732087
22 20 0.45873101049801335
22 18 0.9973175760669152
22 31 0.6343281855806708
22 29 0.6054004035249818
22 28 0.5513455029577017
22 17 0.42391063581453636
22 16 0.7767596718622372
22 19 0.7767596718622372
22 21 0.7767596718622372
22 23 0.7767596718622372
22 24 0.6408674319391139
22 30 0.7002781687770039
22 26 0.18986630431027152
22 25 0.1703963828040287
22 27 0.8128460937878117
22 37 0.16314697993220761
22 48 0.3072084385785274
22 49 0.9973175760669152
22 54 0.45873101049801335
22 40 0.9973175760669152
22 60 0.4578217811649665
22 62 0.9355883561074734
22 67 0.8857169703114778
22 53 0.7987539228051901
22 41 0.44596938067115843
22 43 0.7283902324270457
22 55 0.581192493904382
22 50 0.581192493904382
22 63 0.7987539228051901
22 59 0.6331670344807208
22 38 0.4483084927778691
22 39 0.4338692610617727
22 65 0.6343281855806708
22 58 0.7234047540987376
22 51 0.2833635768329259
22 56 0.6054004035249818
22 45 0.5513455029577017
22 52 0.42391063581453636
22 42 -0.019146738573908806
22 64 0.7767596718622372
22 66 0.7767596718622372
22 61 0.7767596718622372
22 46 0.7767596718622372
22 47 0.7767596718622372
22 35 0.6408674319391139
22 36 0.7002781687770039
22 57 0.18986630431027152
22 44 0.1703963828040287
22 68 0.8128460937878117
20 18 0.45873101049801335
20 31 0.8040069124544971
20 29 0.8287839861295652
20 28 0.7729955756221898
20 17 -0.023989371955394745
20 16 0.653983356023673
20 19 0.653983356023673
20 21 0.653983356023673
20 23 0.653983356023673
20 24 0.5106735522858799
20 30 0.5567548837861978
20 26 -0.05413564297487028
20 25 -0.07622587570222095
20 27 0.6064464331720956
20 37 0.035535259172320366
20 48 0.7463956957217306
20 49 0.45873101049801335
20 54 0.9993347455073716
20 40 0.45873101049801335
20 60 0.877936108445283
20 62 0.4196782998624258
20 67 0.4528986082295887
20 53 0.48648415826028213
20 41 0.9460814090562053
20 43 0.5073456125683151
20 55 0.3125584902591072
20 50 0.3125584902591072
20 63 0.48648415826028213
20 59 0.4107370266574435
20 38 0.5847092366893776
20 39 0.21374240791192278
20 65 0.8040069124544971
20 58 0.7242506808543112
20 51 0.20539454094250686
20 56 0.8287839861295652
20 45 0.7729955756221898
20 52 -0.023989371955394745
20 42 -0.16631431929999962
20 64 0.653983356023673
20 66 0.653983356023673
20 61 0.653983356023673
20 46 0.653983356023673
20 47 0.653983356023673
20 35 0.5106735522858799
20 36 0.5567548837861978
20 57 -0.05413564297487028
20 44 -0.07622587570222095
20 68 0.6064464331720956
18 31 0.6343281855806708
18 29 0.6054004035249818
18 28 0.5513455029577017
18 17 0.42391063581453636
18 16 0.7767596718622372
18 19 0.7767596718622372
18 21 0.7767596718622372
18 23 0.7767596718622372
18 24 0.6408674319391139
18 30 0.7002781687770039
18 26 0.18986630431027152
18 25 0.1703963828040287
18 27 0.8128460937878117
18 37 0.16314697993220761
18 48 0.3072084385785274
18 49 0.9973175760669152
18 54 0.45873101049801335
18 40 0.9973175760669152
18 60 0.4578217811649665
18 62 0.9355883561074734
18 67 0.8857169703114778
18 53 0.7987539228051901
18 41 0.44596938067115843
18 43 0.7283902324270457
18 55 0.581192493904382
18 50 0.581192493904382
18 63 0.7987539228051901
18 59 0.6331670344807208
18 38 0.4483084927778691
18 39 0.4338692610617727
18 65 0.6343281855806708
18 58 0.7234047540987376
18 51 0.2833635768329259
18 56 0.6054004035249818
18 45 0.5513455029577017
18 52 0.42391063581453636
18 42 -0.019146738573908806
18 64 0.7767596718622372
18 66 0.7767596718622372
18 61 0.7767596718622372
18 46 0.7767596718622372
18 47 0.7767596718622372
18 35 0.6408674319391139
18 36 0.7002781687770039
18 57 0.18986630431027152
18 44 0.1703963828040287
18 68 0.8128460937878117
31 29 0.970976203418104
31 28 0.8843113472685218
31 17 0.1700712582678534
31 16 0.788580845692195
31 19 0.788580845692195
31 21 0.788580845692195
31 23 0.788580845692195
31 24 0.5829317230382003
31 30 0.6511099101044238
31 26 0.11791494386852719
31 25 0.09844502236228436
31 27 0.7670989421894774
31 37 0.18932154803769663
31 48 0.6728802529978566
31 49 0.6343281855806708
31 54 0.8040069124544971
31 40 0.6343281855806708
31 60 0.8217021875316277
31 62 0.5952754749450833
31 67 0.6284957833122462
31 53 0.6805447884835303
31 41 0.8116411950904876
31 43 0.6946846232749522
31 55 0.4832351722288877
31 50 0.4832351722288877
31 63 0.6805447884835303
31 59 0.557799173053354
31 38 0.6093044478911906
31 39 0.359372625942342
31 65 1.0
31 58 0.8957960155385081
31 51 0.31305032488307916
31 56 0.970976203418104
31 45 0.8843113472685218
31 52 0.1700712582678534
31 42 0.01054000947624445
31 64 0.788580845692195
31 66 0.788580845692195
31 61 0.788580845692195
31 46 0.788580845692195
31 47 0.788580845692195
31 35 0.5829317230382003
31 36 0.6511099101044238
31 57 0.11791494386852719
31 44 0.09844502236228436
31 68 0.7670989421894774
29 28 0.88999283729936
29 17 0.1453901991189923
29 16 0.7892864189634565
29 19 0.7892864189634565
29 21 0.7892864189634565
29 23 0.7892864189634565
29 24 0.5878840192162897
29 30 0.6560622062825132
29 26 0.09396307857241482
29 25 0.07449315706617199
29 27 0.7678045154607389
29 37 0.16536968274158426
29 48 0.7018080350535456
29 49 0.6054004035249818
29 54 0.8287839861295652
29 40 0.6054004035249818
29 60 0.8507259841135237
29 62 0.5663476928893942
29 67 0.5995680012565572
29 53 0.6558637293346692
29 41 0.8405689771461766
29 43 0.6708287725050468
29 55 0.48193806133349426
29 50 0.48193806133349426
29 63 0.6558637293346692
29 59 0.5339433222834487
29 38 0.6149859379220288
29 39 0.3355167751724366
29 65 0.970976203418104
29 58 0.8675974273355678
29 51 0.31873181491391733
29 56 1.0
29 45 0.88999283729936
29 52 0.1453901991189923
29 42 -0.003336393303470686
29 64 0.7892864189634565
29 66 0.7892864189634565
29 61 0.7892864189634565
29 46 0.7892864189634565
29 47 0.7892864189634565
29 35 0.5878840192162897
29 36 0.6560622062825132
29 57 0.09396307857241482
29 44 0.07449315706617199
29 68 0.7678045154607389
28 17 0.1987791564897634
28 16 0.7465978484833613
28 19 0.7465978484833613
28 21 0.7465978484833613
28 23 0.7465978484833613
28 24 0.6826395639800467
28 30 0.7508177510462701
28 26 0.16260365388006903
28 25 0.1431337323738262
28 27 0.7172466715564951
28 37 0.23401025804923847
28 48 0.7558629356208257
28 49 0.5513455029577017
28 54 0.7729955756221898
28 40 0.5513455029577017
28 60 0.8948486971203238
28 62 0.5122927923221141
28 67 0.545513100689277
28 53 0.7092526867054403
28 41 0.8198038734262809
28 43 0.6832682876847684
28 55 0.5353270187042654
28 50 0.5353270187042654
28 63 0.7092526867054403
28 59 0.6001844444544986
28 38 0.722986871493049
28 39 0.40175789734348655
28 65 0.8843113472685218
28 58 0.8199155720358249
28 51 0.42855799783137627
28 56 0.88999283729936
28 45 1.0
28 52 0.1987791564897634
28 42 0.05963839031755924
28 64 0.7465978484833613
28 66 0.7465978484833613
28 61 0.7465978484833613
28 46 0.7465978484833613
28 47 0.7465978484833613
28 35 0.6826395639800467
28 36 0.7508177510462701
28 57 0.16260365388006903
28 44 0.1431337323738262
28 68 0.7172466715564951
17 16 0.3060469203046523
17 19 0.3060469203046523
17 21 0.3060469203046523
17 23 0.3060469203046523
17 24 0.39738874370232224
17 30 0.4192557442584075
17 26 0.5248026670597028
17 25 0.5321483797742985
17 27 0.3695641948725097
17 37 0.30003201065119356
17 48 0.03212650236673653
17 49 0.42391063581453636
17 54 -0.023989371955394745
17 40 0.42391063581453636
17 60 0.09772270027315244
17 62 0.488322279707063
17 67 0.4249167463858612
17 53 0.4895264697843231
17 41 0.02045441447990015
17 43 0.4636255612713285
17 55 0.4995612917118706
17 50 0.4995612917118706
17 63 0.4895264697843231
17 59 0.5409130638581701
17 38 0.17322655656607822
17 39 0.5439622009289451
17 65 0.1700712582678534
17 58 0.20902518948423676
17 51 0.2690822909644339
17 56 0.1453901991189923
17 45 0.1987791564897634
17 52 0.9991654246720053
17 42 0.2982188463793136
17 64 0.3060469203046523
17 66 0.3060469203046523
17 61 0.3060469203046523
17 46 0.3060469203046523
17 47 0.3060469203046523
17 35 0.39738874370232224
17 36 0.4192557442584075
17 57 0.5248026670597028
17 44 0.5321483797742985
17 68 0.3695641948725097
16 19 1.0
16 21 1.0
16 23 1.0
16 24 0.7599070704891346
16 30 0.823364173178561
16 26 0.06921727073495276
16 25 0.049747349228709936
16 27 0.9297474804334342
16 37 0.1406238749041222
16 48 0.502460784104187
16 49 0.7767596718622372
16 54 0.653983356023673
16 40 0.7767596718622372
16 60 0.6530741266906261
16 62 0.7380111826350912
16 67 0.7719100961694494
16 53 0.7787849948508665
16 41 0.641221726196818
16 43 0.6494155138498172
16 55 0.5855655170744285
16 50 0.5855655170744285
16 63 0.7787849948508665
16 59 0.512518000905402
16 38 0.6016064601717517
16 39 0.31322022748645395
16 65 0.788580845692195
16 58 0.7766153060656507
16 51 0.3053523371636402
16 56 0.7892864189634565
16 45 0.7465978484833613
16 52 0.3060469203046523
16 42 -0.02808220114093274
16 64 1.0
16 66 1.0
16 61 1.0
16 46 1.0
16 47 1.0
16 35 0.7599070704891346
16 36 0.823364173178561
16 57 0.06921727073495276
16 44 0.049747349228709936
16 68 0.9297474804334342
19 21 1.0
19 23 1.0
19 24 0.7599070704891346
19 30 0.823364173178561
19 26 0.06921727073495276
19 25 0.049747349228709936
19 27 0.9297474804334342
19 37 0.1406238749041222
19 48 0.502460784104187
19 49 0.7767596718622372
19 54 0.653983356023673
19 40 0.7767596718622372
19 60 0.6530741266906261
19 62 0.7380111826350912
19 67 0.7719100961694494
19 53 0.7787849948508665
19 41 0.641221726196818
19 43 0.6494155138498172
19 55 0.5855655170744285
19 50 0.5855655170744285
19 63 0.7787849948508665
19 59 0.512518000905402
19 38 0.6016064601717517
19 39 0.31322022748645395
19 65 0.788580845692195
19 58 0.7766153060656507
19 51 0.3053523371636402
19 56 0.7892864189634565
19 45 0.7465978484833613
19 52 0.3060469203046523
19 42 -0.02808220114093274
19 64 1.0
19 66 1.0
19 61 1.0
19 46 1.0
19 47 1.0
19 35 0.7599070704891346
19 36 0.823364173178561
19 57 0.06921727073495276
19 44 0.049747349228709936
19 68 0.9297474804334342
21 23 1.0
21 24 0.7599070704891346
21 30 0.823364173178561
21 26 0.06921727073495276
21 25 0.049747349228709936
21 27 0.9297474804334342
21 37 0.1406238749041222
21 48 0.502460784104187
21 49 0.7767596718622372
21 54 0.653983356023673
21 40 0.7767596718622372
21 60 0.6530741266906261
21 62 0.7380111826350912
21 67 0.7719100961694494
21 53 0.7787849948508665
21 41 0.641221726196818
21 43 0.6494155138498172
21 55 0.5855655170744285
21 50 0.5855655170744285
21 63 0.7787849948508665
21 59 0.512518000905402
21 38 0.6016064601717517
21 39 0.31322022748645395
21 65 0.788580845692195
21 58 0.7766153060656507
21 51 0.3053523371636402
21 56 0.7892864189634565
21 45 0.7465978484833613
21 52 0.3060469203046523
21 42 -0.02808220114093274
21 64 1.0
21 66 1.0
21 61 1.0
21 46 1.0
21 47 1.0
21 35 0.7599070704891346
21 36 0.823364173178561
21 57 0.06921727073495276
21 44 0.049747349228709936
21 68 0.9297474804334342
23 24 0.7599070704891346
23 30 0.823364173178561
23 26 0.06921727073495276
23 25 0.049747349228709936
23 27 0.9297474804334342
23 37 0.1406238749041222
23 48 0.502460784104187
23 49 0.7767596718622372
23 54 0.653983356023673
23 40 0.7767596718622372
23 60 0.6530741266906261
23 62 0.7380111826350912
23 67 0.7719100961694494
23 53 0.7787849948508665
23 41 0.641221726196818
23 43 0.6494155138498172
23 55 0.5855655170744285
23 50 0.5855655170744285
23 63 0.7787849948508665
23 59 0.512518000905402
23 38 0.6016064601717517
23 39 0.31322022748645395
23 65 0.788580845692195
23 58 0.7766153060656507
23 51 0.3053523371636402
23 56 0.7892864189634565
23 45 0.7465978484833613
23 52 0.3060469203046523
23 42 -0.02808220114093274
23 64 1.0
23 66 1.0
23 61 1.0
23 46 1.0
23 47 1.0
23 35 0.7599070704891346
23 36 0.823364173178561
23 57 0.06921727073495276
23 44 0.049747349228709936
23 68 0.9297474804334342
24 30 0.9265563795925118
24 26 0.07721737257088535
24 25 0.060701732931192964
24 27 0.8120097647770308
24 37 0.23979090515058488
24 48 0.6347377586644143
24 49 0.6408674319391139
24 54 0.5106735522858799
24 40 0.6408674319391139
24 60 0.6305354711948894
24 62 0.602118942711968
24 67 0.6264883089461364
24 53 0.8113550402340479
24 41 0.5581279062316753
24 43 0.602830654301215
24 55 0.6847325473208912
24 50 0.6847325473208912
24 63 0.8113550402340479
24 59 0.6116850311518647
24 38 0.730770647583995
24 39 0.4123872577329166
24 65 0.5829317230382003
24 58 0.5365223765547853
24 51 0.43813354001031257
24 56 0.5878840192162897
24 45 0.6826395639800467
24 52 0.39738874370232224
24 42 0.07108482910552993
24 64 0.7599070704891346
24 66 0.7599070704891346
24 61 0.7599070704891346
24 46 0.7599070704891346
24 47 0.7599070704891346
24 35 1.0
24 36 0.9265563795925118
24 57 0.07721737257088535
24 44 0.060701732931192964
24 68 0.8120097647770308
30 26 0.15066099297837354
30 25 0.13414535333868116
30 27 0.8661550682736561
30 37 0.2585537832346745
30 48 0.5796116419951431
30 49 0.7002781687770039
30 54 0.5567548837861978
30 40 0.7002781687770039
30 60 0.6784669560147449
30 62 0.661529679549858
30 67 0.6954285930842161
30 53 0.8847986606415361
30 41 0.6011986702214926
30 43 0.6762742747087032
30 55 0.7034954254049808
30 50 0.7034954254049808
30 63 0.8847986606415361
30 59 0.6304479092359543
30 38 0.7207116961944848
30 39 0.43115013581700623
30 65 0.6511099101044238
30 58 0.6047005636210088
30 51 0.4568964180944022
30 56 0.6560622062825132
30 45 0.7508177510462701
30 52 0.4192557442584075
30 42 0.08984770718961954
30 64 0.823364173178561
30 66 0.823364173178561
30 61 0.823364173178561
30 46 0.823364173178561
30 47 0.823364173178561
30 35 0.9265563795925118
30 36 1.0
30 57 0.15066099297837354
30 44 0.13414535333868116
30 68 0.8661550682736561
26 25 0.9774671555787791
26 27 0.1259433294471819
26 37 0.2061032414494548
26 48 -0.06254410048131831
26 49 0.18986630431027152
26 54 -0.05413564297487028
26 40 0.18986630431027152
26 60 0.06771747852326371
26 62 0.2539737267943565
26 67 0.2146406461542938
26 53 0.2658623323368374
26 41 -0.007327345170779154
26 43 0.41980175688513555
26 55 0.2500156053865794
26 50 0.2500156053865794
26 63 0.2658623323368374
26 59 0.4395374469750095
26 38 0.07556465014931746
26 39 0.45594844353036024
26 65 0.11791494386852719
26 58 0.1639711142051965
26 51 0.16302657878259197
26 56 0.09396307857241482
26 45 0.16260365388006903
26 52 0.5248026670597028
26 42 0.13930080123827793
26 64 0.06921727073495276
26 66 0.06921727073495276
26 61 0.06921727073495276
26 46 0.06921727073495276
26 47 0.06921727073495276
26 35 0.07721737257088535
26 36 0.15066099297837354
26 57 1.0
26 44 0.9774671555787791
26 68 0.1259433294471819
25 27 0.10647340794093907
25 37 0.1865246788947843
25 48 -0.08168005134211853
25 49 0.1703963828040287
25 54 -0.07622587570222095
25 40 0.1703963828040287
25 60 0.04562724579591304
25 62 0.23450380528811365
25 67 0.19517072464805096
25 53 0.24934669269714504
25 41 -0.02941757789812982
25 43 0.4003318353788927
25 55 0.23349996574688703
25 50 0.23349996574688703
25 63 0.24934669269714504
25 59 0.4204014961142093
25 38 0.05642869928851724
25 39 0.43681249266956
25 65 0.09844502236228436
25 58 0.14450119269895367
25 51 0.1465109391428996
25 56 0.07449315706617199
25 45 0.1431337323738262
25 52 0.5321483797742985
25 42 0.14664651395287365
25 64 0.049747349228709936
25 66 0.049747349228709936
25 61 0.049747349228709936
25 46 0.049747349228709936
25 47 0.049747349228709936
25 35 0.060701732931192964
25 36 0.13414535333868116
25 57 0.9774671555787791
25 44 1.0
25 68 0.10647340794093907
27 37 0.19734993361635134
27 48 0.47310960717732087
27 49 0.8128460937878117
27 54 0.6064464331720956
27 40 0.8128460937878117
27 60 0.62372294976376
27 62 0.7740976045606658
27 67 0.7949216639390215
27 53 0.8355110535630956
27 41 0.6118705492699519
27 43 0.7061415725620463
27 55 0.6422915757866576
27 50 0.6422915757866576
27 63 0.8355110535630956
27 59 0.5692440596176311
27 38 0.6142096613766626
27 39 0.3699462861986831
27 65 0.7670989421894774
27 58 0.7209673049219418
27 51 0.35420912245172076
27 56 0.7678045154607389
27 45 0.7172466715564951
27 52 0.3695641948725097
27 42 0.028643857571296394
27 64 0.9297474804334342
27 66 0.9297474804334342
27 61 0.9297474804334342
27 46 0.9297474804334342
27 47 0.9297474804334342
27 35 0.8120097647770308
27 36 0.8661550682736561
27 57 0.1259433294471819
27 44 0.10647340794093907
27 68 1.0
37 48 0.13926427951082587
37 49 0.16314697993220761
37 54 0.035535259172320366
37 40 0.16314697993220761
37 60 0.15738838067045435
37 62 0.178641487902496
37 67 0.20991109177703038
37 53 0.3618388800532557
37 41 0.08234355697641149
37 43 0.2533954496611841
37 55 0.5550583578296937
37 50 0.5550583578296937
37 63 0.3618388800532557
37 59 0.3979867597226985
37 38 0.4457250007544644
37 39 0.5759159435401671
37 65 0.18932154803769663
37 58 0.15352662061923184
37 51 0.8016573651402723
37 56 0.16536968274158426
37 45 0.23401025804923847
37 52 0.30003201065119356
37 42 0.7745682935346849
37 64 0.1406238749041222
37 66 0.1406238749041222
37 61 0.1406238749041222
37 46 0.1406238749041222
37 47 0.1406238749041222
37 35 0.23979090515058488
37 36 0.2585537832346745
37 57 0.2061032414494548
37 44 0.1865246788947843
37 68 0.19734993361635134
48 49 0.3072084385785274
48 54 0.7463956957217306
48 40 0.3072084385785274
48 60 0.8493866574135609
48 62 0.26815572794293985
48 67 0.3013760363101028
48 53 0.49742467392934486
48 41 0.8003142866655253
48 43 0.4391312233055942
48 55 0.41106654022587463
48 50 0.41106654022587463
48 63 0.49742467392934486
48 59 0.49121343850856647
48 38 0.6905479751876555
48 39 0.3122504578786902
48 65 0.6728802529978566
48 58 0.5757785076566506
48 51 0.30795750705874525
48 56 0.7018080350535456
48 45 0.7558629356208257
48 52 0.03212650236673653
48 42 -0.06462208816083148
48 64 0.502460784104187
48 66 0.502460784104187
48 61 0.502460784104187
48 46 0.502460784104187
48 47 0.502460784104187
48 35 0.6347377586644143
48 36 0.5796116419951431
48 57 -0.06254410048131831
48 44 -0.08168005134211853
48 68 0.47310960717732087
49 54 0.45873101049801335
49 40 0.9973175760669152
49 60 0.4578217811649665
49 62 0.9355883561074734
49 67 0.8857169703114778
49 53 0.7987539228051901
49 41 0.44596938067115843
49 43 0.7283902324270457
49 55 0.581192493904382
49 50 0.581192493904382
49 63 0.7987539228051901
49 59 0.6331670344807208
49 38 0.4483084927778691
49 39 0.4338692610617727
49 65 0.6343281855806708
49 58 0.7234047540987376
49 51 0.2833635768329259
49 56 0.6054004035249818
49 45 0.5513455029577017
49 52 0.42391063581453636
49 42 -0.019146738573908806
49 64 0.7767596718622372
49 66 0.7767596718622372
49 61 0.7767596718622372
49 46 0.7767596718622372
49 47 0.7767596718622372
49 35 0.6408674319391139
49 36 0.7002781687770039
49 57 0.18986630431027152
49 44 0.1703963828040287
49 68 0.8128460937878117
54 40 0.45873101049801335
54 60 0.877936108445283
54 62 0.4196782998624258
54 67 0.4528986082295887
54 53 0.48648415826028213
54 41 0.9460814090562053
54 43 0.5073456125683151
54 55 0.3125584902591072
54 50 0.3125584902591072
54 63 0.48648415826028213
54 59 0.4107370266574435
54 38 0.5847092366893776
54 39 0.21374240791192278
54 65 0.8040069124544971
54 58 0.7242506808543112
54 51 0.20539454094250686
54 56 0.8287839861295652
54 45 0.7729955756221898
54 52 -0.023989371955394745
54 42 -0.16631431929999962
54 64 0.653983356023673
54 66 0.653983356023673
54 61 0.653983356023673
54 46 0.653983356023673
54 47 0.653983356023673
54 35 0.5106735522858799
54 36 0.5567548837861978
54 57 -0.05413564297487028
54 44 -0.07622587570222095
54 68 0.6064464331720956
40 60 0.4578217811649665
40 62 0.9355883561074734
40 67 0.8857169703114778
40 53 0.7987539228051901
40 41 0.44596938067115843
40 43 0.7283902324270457
40 55 0.581192493904382
40 50 0.581192493904382
40 63 0.7987539228051901
40 59 0.6331670344807208
40 38 0.4483084927778691
40 39 0.4338692610617727
40 65 0.6343281855806708
40 58 0.7234047540987376
40 51 0.2833635768329259
40 56 0.6054004035249818
40 45 0.5513455029577017
40 52 0.42391063581453636
40 42 -0.019146738573908806
40 64 0.7767596718622372
40 66 0.7767596718622372
40 61 0.7767596718622372
40 46 0.7767596718622372
40 47 0.7767596718622372
40 35 0.6408674319391139
40 36 0.7002781687770039
40 57 0.18986630431027152
40 44 0.1703963828040287
40 68 0.8128460937878117
60 62 0.41876907052937895
60 67 0.4519893788965419
60 53 0.6081962304888293
60 41 0.9227317142067477
60 43 0.5897445658920333
60 55 0.4342705624876544
60 50 0.4342705624876544
60 63 0.6081962304888293
60 59 0.5324490988859907
60 38 0.7049229749245569
60 39 0.33545448014046997
60 65 0.8217021875316277
60 58 0.7234825007908512
60 51 0.32724766244064085
60 56 0.8507259841135237
60 45 0.8948486971203238
60 52 0.09772270027315244
60 42 -0.04446119780186564
60 64 0.6530741266906261
60 66 0.6530741266906261
60 61 0.6530741266906261
60 46 0.6530741266906261
60 47 0.6530741266906261
60 35 0.6305354711948894
60 36 0.6784669560147449
60 57 0.06771747852326371
60 44 0.04562724579591304
60 68 0.62372294976376
62 67 0.889231703011319
62 53 0.770731054013595
62 41 0.40691667003557086
62 43 0.7379504363052547
62 55 0.5966870018746704
62 50 0.5966870018746704
62 63 0.770731054013595
62 59 0.6972744569648057
62 38 0.40925578214228153
62 39 0.49797668354585767
62 65 0.5952754749450833
62 58 0.6740187512768898
62 51 0.2988580848032143
62 56 0.5663476928893942
62 45 0.5122927923221141
62 52 0.488322279707063
62 42 -0.00365223060362041
62 64 0.7380111826350912
62 66 0.7380111826350912
62 61 0.7380111826350912
62 46 0.7380111826350912
62 47 0.7380111826350912
62 35 0.602118942711968
62 36 0.661529679549858
62 57 0.2539737267943565
62 44 0.23450380528811365
62 68 0.7740976045606658
67 53 0.8039513623807579
67 41 0.4401369784027338
67 43 0.7005680601578206
67 55 0.6279566057492048
67 50 0.6279566057492048
67 63 0.8039513623807579
67 59 0.657941376324743
67 38 0.4424760905094445
67 39 0.458643602905795
67 65 0.6284957833122462
67 58 0.7198825894447509
67 51 0.33012768867774867
67 56 0.5995680012565572
67 45 0.545513100689277
67 52 0.4249167463858612
67 42 0.02761737327091396
67 64 0.7719100961694494
67 66 0.7719100961694494
67 61 0.7719100961694494
67 46 0.7719100961694494
67 47 0.7719100961694494
67 35 0.6264883089461364
67 36 0.6954285930842161
67 57 0.2146406461542938
67 44 0.19517072464805096
67 68 0.7949216639390215
53 41 0.530927944695577
53 43 0.7390306717716157
53 55 0.7821793565526605
53 50 0.7821793565526605
53 63 0.9984756937299446
53 59 0.7337330060545355
53 38 0.6385247281286865
53 39 0.5344352326355875
53 65 0.6805447884835303
53 58 0.6353526594175491
53 51 0.4843504394812044
53 56 0.6558637293346692
53 45 0.7092526867054403
53 52 0.4895264697843231
53 42 0.18184012407436967
53 64 0.7787849948508665
53 66 0.7787849948508665
53 61 0.7787849948508665
53 46 0.7787849948508665
53 47 0.7787849948508665
53 35 0.8113550402340479
53 36 0.8847986606415361
53 57 0.2658623323368374
53 44 0.24934669269714504
53 68 0.8355110535630956
41 43 0.55178939900361
41 55 0.3570022766944021
41 50 0.3570022766944021
41 63 0.530927944695577
41 59 0.4551808130927384
41 38 0.636483711656183
41 39 0.2581861943472177
41 65 0.8116411950904876
41 58 0.7138535623962525
41 51 0.252202838746598
41 56 0.8405689771461766
41 45 0.8198038734262809
41 52 0.02045441447990015
41 42 -0.1195060214959085
41 64 0.641221726196818
41 66 0.641221726196818
41 61 0.641221726196818
41 46 0.641221726196818
41 47 0.641221726196818
41 35 0.5581279062316753
41 36 0.6011986702214926
41 57 -0.007327345170779154
41 44 -0.02941757789812982
41 68 0.6118705492699519
43 55 0.5405038380995393
43 50 0.5405038380995393
43 63 0.7390306717716157
43 59 0.8506170047912747
43 38 0.5802312775049359
43 39 0.6638047136366367
43 65 0.6946846232749522
43 58 0.7396228522120509
43 51 0.3736120465619024
43 56 0.6708287725050468
43 45 0.6832682876847684
43 52 0.4636255612713285
43 42 0.07110173115506768
43 64 0.6494155138498172
43 66 0.6494155138498172
43 61 0.6494155138498172
43 46 0.6494155138498172
43 47 0.6494155138498172
43 35 0.602830654301215
43 36 0.6762742747087032
43 57 0.41980175688513555
43 44 0.4003318353788927
43 68 0.7061415725620463
55 50 0.9986817143893291
55 63 0.7821793565526605
55 59 0.649597906274721
55 38 0.6736652648542076
55 39 0.7276547104120255
55 65 0.4832351722288877
55 58 0.4368258257454727
55 51 0.7021710829285439
55 56 0.48193806133349426
55 45 0.5353270187042654
55 52 0.4995612917118706
55 42 0.38635228178463876
55 64 0.5855655170744285
55 66 0.5855655170744285
55 61 0.5855655170744285
55 46 0.5855655170744285
55 47 0.5855655170744285
55 35 0.6847325473208912
55 36 0.7034954254049808
55 57 0.2500156053865794
55 44 0.23349996574688703
55 68 0.6422915757866576
50 63 0.7821793565526605
50 59 0.649597906274721
50 38 0.6736652648542076
50 39 0.7276547104120255
50 65 0.4832351722288877
50 58 0.4368258257454727
50 51 0.7021710829285439
50 56 0.48193806133349426
50 45 0.5353270187042654
50 52 0.4995612917118706
50 42 0.38635228178463876
50 64 0.5855655170744285
50 66 0.5855655170744285
50 61 0.5855655170744285
50 46 0.5855655170744285
50 47 0.5855655170744285
50 35 0.6847325473208912
50 36 0.7034954254049808
50 57 0.2500156053865794
50 44 0.23349996574688703
50 68 0.6422915757866576
63 59 0.7337330060545355
63 38 0.6385247281286865
63 39 0.5344352326355875
63 65 0.6805447884835303
63 58 0.6353526594175491
63 51 0.4843504394812044
63 56 0.6558637293346692
63 45 0.7092526867054403
63 52 0.4895264697843231
63 42 0.18184012407436967
63 64 0.7787849948508665
63 66 0.7787849948508665
63 61 0.7787849948508665
63 46 0.7787849948508665
63 47 0.7787849948508665
63 35 0.8113550402340479
63 36 0.8847986606415361
63 57 0.2658623323368374
63 44 0.24934669269714504
63 68 0.8355110535630956
59 38 0.6323134927079082
59 39 0.800702226581052
59 65 0.557799173053354
59 58 0.6027374019904528
59 51 0.48972000353387557
59 56 0.5339433222834487
59 45 0.6001844444544986
59 52 0.5409130638581701
59 42 0.182549538789317
59 64 0.512518000905402
59 66 0.512518000905402
59 61 0.512518000905402
59 46 0.512518000905402
59 47 0.512518000905402
59 35 0.6116850311518647
59 36 0.6304479092359543
59 57 0.4395374469750095
59 44 0.4204014961142093
59 68 0.5692440596176311
38 39 0.6167737224604934
38 65 0.6093044478911906
38 58 0.5691766086092684
38 51 0.6155842825246509
38 56 0.6149859379220288
38 45 0.722986871493049
38 52 0.17322655656607822
38 42 0.24387542228214443
38 64 0.6016064601717517
38 66 0.6016064601717517
38 61 0.6016064601717517
38 46 0.6016064601717517
38 47 0.6016064601717517
38 35 0.730770647583995
38 36 0.7207116961944848
38 57 0.07556465014931746
38 44 0.05642869928851724
38 68 0.6142096613766626
39 65 0.359372625942342
39 58 0.40431085487944074
39 51 0.6676491873513442
39 56 0.3355167751724366
39 45 0.40175789734348655
39 52 0.5439622009289451
39 42 0.3604787226067856
39 64 0.31322022748645395
39 66 0.31322022748645395
39 61 0.31322022748645395
39 46 0.31322022748645395
39 47 0.31322022748645395
39 35 0.4123872577329166
39 36 0.43115013581700623
39 57 0.45594844353036024
39 44 0.43681249266956
39 68 0.3699462861986831
65 58 0.8957960155385081
65 51 0.31305032488307916
65 56 0.970976203418104
65 45 0.8843113472685218
65 52 0.1700712582678534
65 42 0.01054000947624445
65 64 0.788580845692195
65 66 0.788580845692195
65 61 0.788580845692195
65 46 0.788580845692195
65 47 0.788580845692195
65 35 0.5829317230382003
65 36 0.6511099101044238
65 57 0.11791494386852719
65 44 0.09844502236228436
65 68 0.7670989421894774
58 51 0.2737432175199501
58 56 0.8675974273355678
58 45 0.8199155720358249
58 52 0.20902518948423676
58 42 -0.028767097886884585
58 64 0.7766153060656507
58 66 0.7766153060656507
58 61 0.7766153060656507
58 46 0.7766153060656507
58 47 0.7766153060656507
58 35 0.5365223765547853
58 36 0.6047005636210088
58 57 0.1639711142051965
58 44 0.14450119269895367
58 68 0.7209673049219418
51 56 0.31873181491391733
51 45 0.42855799783137627
51 52 0.2690822909644339
51 42 0.6274204047804233
51 64 0.3053523371636402
51 66 0.3053523371636402
51 61 0.3053523371636402
51 46 0.3053523371636402
51 47 0.3053523371636402
51 35 0.43813354001031257
51 36 0.4568964180944022
51 57 0.16302657878259197
51 44 0.1465109391428996
51 68 0.35420912245172076
56 45 0.88999283729936
56 52 0.1453901991189923
56 42 -0.003336393303470686
56 64 0.7892864189634565
56 66 0.7892864189634565
56 61 0.7892864189634565
56 46 0.7892864189634565
56 47 0.7892864189634565
56 35 0.5878840192162897
56 36 0.6560622062825132
56 57 0.09396307857241482
56 44 0.07449315706617199
56 68 0.7678045154607389
45 52 0.1987791564897634
45 42 0.05963839031755924
45 64 0.7465978484833613
45 66 0.7465978484833613
45 61 0.7465978484833613
45 46 0.7465978484833613
45 47 0.7465978484833613
45 35 0.6826395639800467
45 36 0.7508177510462701
45 57 0.16260365388006903
45 44 0.1431337323738262
45 68 0.7172466715564951
52 42 0.2982188463793136
52 64 0.3060469203046523
52 66 0.3060469203046523
52 61 0.3060469203046523
52 46 0.3060469203046523
52 47 0.3060469203046523
52 35 0.39738874370232224
52 36 0.4192557442584075
52 57 0.5248026670597028
52 44 0.5321483797742985
52 68 0.3695641948725097
42 64 -0.02808220114093274
42 66 -0.02808220114093274
42 61 -0.02808220114093274
42 46 -0.02808220114093274
42 47 -0.02808220114093274
42 35 0.07108482910552993
42 36 0.08984770718961954
42 57 0.13930080123827793
42 44 0.14664651395287365
42 68 0.028643857571296394
64 66 1.0
64 61 1.0
64 46 1.0
64 47 1.0
64 35 0.7599070704891346
64 36 0.823364173178561
64 57 0.06921727073495276
64 44 0.049747349228709936
64 68 0.9297474804334342
66 61 1.0
66 46 1.0
66 47 1.0
66 35 0.7599070704891346
66 36 0.823364173178561
66 57 0.06921727073495276
66 44 0.049747349228709936
66 68 0.9297474804334342
61 46 1.0
61 47 1.0
61 35 0.7599070704891346
61 36 0.823364173178561
61 57 0.06921727073495276
61 44 0.049747349228709936
61 68 0.9297474804334342
46 47 1.0
46 35 0.7599070704891346
46 36 0.823364173178561
46 57 0.06921727073495276
46 44 0.049747349228709936
46 68 0.9297474804334342
47 35 0.7599070704891346
47 36 0.823364173178561
47 57 0.06921727073495276
47 44 0.049747349228709936
47 68 0.9297474804334342
35 36 0.9265563795925118
35 57 0.07721737257088535
35 44 0.060701732931192964
35 68 0.8120097647770308
36 57 0.15066099297837354
36 44 0.13414535333868116
36 68 0.8661550682736561
57 44 0.9774671555787791
57 68 0.1259433294471819
44 68 0.10647340794093907
