252 0
36 0
108 0
37 0
35 0
16 0
54 0
86 0
87 0
270 0
51 0
136 0
44 0
158 0
171 0
26 0
271 0
52 0
27 0
284 0
179 0
130 0
159 0
114 0
139 0
4 0
5 0
153 0
88 0
6 0
140 0
41 0
70 0
7 0
275 0
56 0
150 0
310 0
91 0
38 0
71 0
184 0
46 0
79 0
164 0
278 0
59 0
92 0
291 0
72 0
39 0
65 0
166 0
94 0
45 0
12 0
207 0
53 0
292 0
285 0
66 0
62 0
175 0
83 0
116 0
96 0
243 0
63 0
295 0
76 0
190 0
141 0
69 0
301 0
49 0
82 0
84 0
22 0
10 0
244 0
162 0
309 0
57 0
191 0
289 0
119 0
50 0
23 0
11 0
105 0
58 0
290 0
185 0
247 0
93 0
178 0
106 0
240 0
131 0
102 0
19 0
110 0
61 0
152 0
293 0
74 0
104 0
132 0
40 0
109 0
111 0
280 0
142 0
97 0
43 0
24 0
20 0
80 0
99 0
89 0
276 0
282 0
9 0
274 0
90 0
279 0
18 0
230 0
183 0
126 0
14 0
151 0
236 0
165 0
13 0
8 0
121 0
103 0
169 0
208 0
135 0
137 0
239 0
143 0
32 0
33 0
107 0
391 0
146 0
248 0
172 0
286 0
173 0
17 0
147 0
213 0
60 0
392 0
163 0
210 0
174 0
283 0
192 0
254 0
98 0
15 0
333 0
95 0
120 0
3 0
21 0
29 0
2 0
125 0
133 0
199 0
31 0
288 0
154 0
196 0
195 0
281 0
138 0
42 0
55 0
85 0
112 0
34 0
47 0
155 0
273 0
64 0
197 0
67 0
194 0
134 0
148 0
189 0
117 0
202 0
198 0
206 0
187 0
115 0
122 0
294 0
68 0
209 0
118 0
167 0
298 0
201 0
266 0
204 0
113 0
203 0
193 0
30 0
100 0
216 0
214 0
344 0
220 0
231 0
217 0
218 0
376 0
343 0
308 0
237 0
221 0
25 0
182 0
170 0
78 0
73 0
149 0
347 0
181 0
28 0
205 0
186 0
168 0
188 0
157 0
241 0
129 0
180 0
299 0
145 0
0 0
1 0
390 0
75 0
238 0
263 0
81 0
101 0
234 0
200 0
355 0
77 0
357 0
352 0
361 0
345 0
366 0
353 0
311 0
264 0
325 0
267 0
176 0
160 0
124 0
365 0
346 0
367 0
349 0
177 0
354 0
161 0
375 0
380 0
378 0
156 0
351 0
336 0
305 0
211 0
253 0
242 0
249 0
277 0
272 0
341 0
302 0
228 0
307 0
255 0
334 0
246 0
306 0
265 0
261 0
257 0
259 0
258 0
260 0
256 0
269 0
262 0
222 0
215 0
296 0
303 0
233 0
232 0
123 0
335 0
386 0
370 0
372 0
373 0
382 0
381 0
362 0
384 0
377 0
364 0
383 0
360 0
385 0
371 0
48 0
235 0
212 0
314 0
128 0
300 0
227 0
226 0
229 0
393 0
224 0
340 0
342 0
337 0
395 0
398 0
144 0
287 0
245 0
251 0
268 0
394 0
389 0
363 0
369 0
387 0
368 0
359 0
374 0
225 0
223 0
356 0
316 0
329 0
327 0
320 0
328 0
313 0
324 0
338 0
339 0
379 0
304 0
317 0
322 0
332 0
318 0
326 0
350 0
312 0
331 0
315 0
348 0
397 0
297 0
319 0
358 0
396 0
388 0
651 1
435 1
507 1
436 1
415 1
453 1
485 1
486 1
542 1
669 1
450 1
463 1
443 1
557 1
570 1
670 1
451 1
426 1
683 1
578 1
500 1
513 1
466 1
403 1
479 1
544 1
404 1
552 1
487 1
405 1
539 1
641 1
440 1
406 1
455 1
549 1
582 1
709 1
490 1
441 1
437 1
470 1
568 1
681 1
445 1
563 1
677 1
491 1
402 1
690 1
471 1
438 1
464 1
493 1
446 1
459 1
606 1
452 1
691 1
684 1
465 1
566 1
461 1
474 1
574 1
434 1
515 1
419 1
495 1
642 1
462 1
488 1
407 1
694 1
475 1
589 1
540 1
468 1
448 1
481 1
420 1
408 1
483 1
421 1
409 1
643 1
561 1
708 1
489 1
590 1
518 1
498 1
449 1
422 1
410 1
504 1
457 1
689 1
584 1
646 1
577 1
505 1
639 1
530 1
501 1
562 1
417 1
585 1
551 1
473 1
503 1
502 1
508 1
671 1
428 1
510 1
516 1
679 1
496 1
554 1
567 1
442 1
456 1
460 1
430 1
472 1
478 1
673 1
692 1
524 1
411 1
418 1
533 1
494 1
525 1
413 1
564 1
412 1
535 1
469 1
520 1
439 1
607 1
534 1
532 1
425 1
638 1
431 1
424 1
432 1
458 1
506 1
790 1
647 1
571 1
685 1
572 1
416 1
546 1
531 1
612 1
791 1
573 1
603 1
682 1
581 1
591 1
653 1
632 1
497 1
732 1
433 1
519 1
414 1
400 1
401 1
509 1
674 1
521 1
605 1
687 1
553 1
594 1
680 1
537 1
423 1
444 1
686 1
545 1
514 1
789 1
672 1
596 1
454 1
593 1
547 1
548 1
588 1
484 1
601 1
597 1
586 1
693 1
467 1
602 1
517 1
598 1
511 1
704 1
697 1
604 1
541 1
512 1
698 1
558 1
619 1
592 1
629 1
499 1
615 1
613 1
743 1
618 1
724 1
630 1
616 1
707 1
636 1
538 1
620 1
666 1
536 1
665 1
550 1
569 1
477 1
429 1
482 1
746 1
599 1
595 1
565 1
600 1
580 1
700 1
399 1
556 1
583 1
633 1
640 1
476 1
559 1
528 1
575 1
609 1
675 1
637 1
662 1
480 1
628 1
740 1
754 1
751 1
522 1
760 1
765 1
752 1
710 1
663 1
523 1
764 1
529 1
745 1
560 1
774 1
779 1
777 1
555 1
706 1
492 1
587 1
750 1
735 1
610 1
608 1
645 1
648 1
701 1
543 1
702 1
627 1
705 1
676 1
427 1
579 1
654 1
652 1
733 1
664 1
658 1
657 1
659 1
635 1
655 1
668 1
614 1
695 1
631 1
576 1
621 1
734 1
753 1
769 1
771 1
773 1
755 1
783 1
767 1
776 1
766 1
763 1
778 1
782 1
784 1
768 1
770 1
762 1
447 1
661 1
626 1
713 1
634 1
792 1
623 1
775 1
739 1
737 1
741 1
736 1
793 1
794 1
797 1
611 1
650 1
649 1
678 1
667 1
772 1
757 1
786 1
756 1
761 1
758 1
624 1
625 1
622 1
644 1
748 1
744 1
711 1
729 1
715 1
728 1
726 1
725 1
723 1
718 1
703 1
526 1
788 1
716 1
731 1
717 1
699 1
722 1
719 1
714 1
660 1
749 1
747 1
742 1
727 1
796 1
721 1
696 1
712 1
720 1
617 1
787 1