780 0 
374 0 
391 0 
778 0 
779 0 
776 0 
378 0 
373 0 
389 0 
781 0 
388 0 
392 0 
390 0 
777 0 
382 0 
769 0 
767 0 
768 0 
384 0 
385 0 
383 0 
745 0 
763 0 
764 0 
359 0 
358 0 
361 0 
387 0 
741 0 
775 0 
379 0 
377 0 
774 0 
343 0 
761 0 
699 0 
347 0 
725 0 
731 0 
381 0 
314 0 
746 0 
748 0 
376 0 
363 0 
730 0 
375 0 
364 0 
729 0 
346 0 
694 0 
762 0 
580 0 
696 0 
692 0 
305 0 
309 0 
766 0 
310 0 
311 0 
308 0 
365 0 
743 0 
356 0 
740 0 
360 0 
362 0 
237 0 
372 0 
380 0 
262 0 
742 0 
734 0 
355 0 
306 0 
754 0 
753 0 
744 0 
367 0 
357 0 
334 0 
765 0 
728 0 
752 0 
720 0 
371 0 
386 0 
759 0 
370 0 
755 0 
771 0 
773 0 
758 0 
772 0 
739 0 
738 0 
354 0 
716 0 
711 0 
366 0 
714 0 
760 0 
747 0 
269 0 
349 0 
770 0 
320 0 
332 0 
324 0 
295 0 
757 0 
224 0 
345 0 
618 0 
615 0 
325 0 
225 0 
750 0 
369 0 
348 0 
706 0 
717 0 
751 0 
614 0 
712 0 
733 0 
650 0 
214 0 
693 0 
307 0 
351 0 
732 0 
695 0 
697 0 
715 0 
326 0 
368 0 
718 0 
658 0 
322 0 
323 0 
756 0 
680 0 
327 0 
331 0 
304 0 
713 0 
328 0 
705 0 
709 0 
707 0 
350 0 
315 0 
661 0 
708 0 
710 0 
631 0 
721 1 
521 1 
84 1 
330 1 
9 1 
329 1 
333 1 
719 1 
91 1 
321 1 
286 1 
659 1 
227 1 
674 1 
737 1 
736 1 
221 1 
655 1 
294 1 
611 1 
682 1 
267 1 
722 1 
576 1 
735 1 
271 1 
668 1 
749 1 
125 1 
104 1 
687 1 
265 1 
688 1 
338 1 
344 1 
353 1 
724 1 
657 1 
698 1 
181 1 
317 1 
651 1 
691 1 
726 1 
663 1 
282 1 
266 1 
402 1 
654 1 
681 1 
283 1 
68 1 
218 1 
247 1 
466 1 
490 1 
260 1 
264 1 
296 1 
677 1 
48 1 
667 1 
727 1 
277 1 
665 1 
276 1 
278 1 
303 1 
254 1 
16 1 
275 1 
648 1 
352 1 
408 1 
340 1 
700 1 
339 1 
653 1 
671 1 
313 1 
263 1 
442 1 
335 1 
686 1 
256 1 
673 1 
652 1 
280 1 
299 1 
287 1 
702 1 
625 1 
684 1 
506 1 
619 1 
336 1 
723 1 
341 1 
298 1 
318 1 
255 1 
44 1 
259 1 
623 1 
704 1 
690 1 
620 1 
342 1 
272 1 
207 1 
508 1 
411 1 
595 1 
302 1 
436 1 
683 1 
601 1 
177 1 
222 1 
703 1 
669 1 
616 1 
393 1 
203 1 
59 1 
428 1 
635 1 
545 1 
522 1 
243 1 
647 1 
685 1 
452 1 
610 1 
300 1 
675 1 
159 1 
603 1 
617 1 
589 1 
229 1 
438 1 
284 1 
155 1 
312 1 
288 1 
223 1 
679 1 
166 1 
226 1 
274 1 
662 1 
689 1 
646 1 
554 1 
582 1 
161 2 
19 2 
570 2 
557 2 
602 2 
292 2 
319 2 
127 2 
0 2 
676 2 
573 2 
120 2 
678 2 
212 2 
163 2 
649 2 
584 2 
297 2 
656 2 
510 2 
111 2 
536 2 
239 2 
632 2 
608 2 
395 2 
597 2 
563 2 
660 2 
132 2 
121 2 
173 2 
337 2 
228 2 
560 2 
480 2 
642 2 
270 2 
290 2 
123 2 
211 2 
186 2 
240 2 
293 2 
666 2 
157 2 
36 2 
520 2 
568 2 
73 2 
248 2 
591 2 
147 2 
215 2 
183 2 
495 2 
609 2 
2 2 
418 2 
548 2 
605 2 
636 2 
561 2 
539 2 
505 2 
638 2 
606 2 
249 2 
245 2 
238 2 
251 2 
205 2 
432 2 
491 2 
633 2 
599 2 
97 2 
236 2 
639 2 
241 2 
289 2 
600 2 
612 2 
179 2 
583 2 
140 2 
585 2 
110 2 
244 2 
199 2 
252 2 
546 2 
190 2 
637 2 
34 2 
640 2 
645 2 
219 2 
208 2 
613 2 
258 2 
210 2 
553 2 
37 2 
644 2 
592 2 
81 2 
565 2 
194 2 
268 2 
41 2 
58 2 
590 2 
500 2 
439 2 
220 2 
594 2 
151 2 
200 2 
593 2 
672 2 
643 2 
572 2 
45 2 
501 2 
142 2 
451 2 
424 2 
175 2 
216 2 
316 2 
587 2 
301 2 
92 2 
93 2 
701 2 
192 2 
291 2 
201 2 
641 2 
281 2 
430 2 
420 2 
567 2 
94 2 
273 2 
172 2 
27 2 
246 2 
670 2 
198 2 
23 2 
440 2 
197 2 
250 2 
109 2 
559 2 
464 3 
202 3 
556 3 
493 3 
185 3 
149 3 
634 3 
664 3 
261 3 
407 3 
128 3 
492 3 
46 3 
626 3 
588 3 
129 3 
622 3 
414 3 
119 3 
146 3 
95 3 
20 3 
509 3 
531 3 
571 3 
596 3 
168 3 
233 3 
544 3 
405 3 
543 3 
449 3 
285 3 
64 3 
399 3 
103 3 
412 3 
475 3 
624 3 
56 3 
113 3 
83 3 
60 3 
257 3 
162 3 
12 3 
429 3 
478 3 
406 3 
21 3 
62 3 
513 3 
537 3 
65 3 
598 3 
7 3 
526 3 
213 3 
528 3 
581 3 
209 3 
242 3 
196 3 
437 3 
455 3 
467 3 
533 3 
555 3 
230 3 
204 3 
79 3 
527 3 
30 3 
279 3 
459 3 
141 3 
413 3 
174 3 
13 3 
551 3 
206 3 
14 3 
144 3 
457 3 
511 3 
462 3 
131 3 
47 3 
627 3 
137 3 
152 3 
484 3 
154 3 
469 3 
515 3 
11 3 
76 3 
454 3 
69 3 
540 3 
28 3 
160 3 
63 3 
66 3 
630 3 
169 3 
525 3 
61 3 
74 3 
136 3 
504 3 
481 3 
547 3 
423 3 
52 3 
167 3 
552 3 
195 3 
150 3 
523 3 
482 3 
453 3 
124 3 
133 3 
55 3 
99 3 
112 3 
549 3 
106 3 
530 3 
535 3 
461 3 
17 3 
118 3 
101 3 
604 3 
130 3 
562 3 
42 3 
529 3 
191 3 
409 3 
497 3 
403 3 
569 3 
575 3 
10 3 
421 3 
558 3 
107 3 
71 3 
483 3 
139 3 
148 3 
401 3 
143 3 
400 4 
134 4 
80 4 
621 4 
503 4 
471 4 
182 4 
178 4 
105 4 
70 4 
488 4 
189 4 
180 4 
629 4 
441 4 
502 4 
164 4 
232 4 
253 4 
82 4 
607 4 
8 4 
479 4 
514 4 
153 4 
431 4 
158 4 
470 4 
171 4 
138 4 
434 4 
217 4 
456 4 
89 4 
468 4 
67 4 
574 4 
463 4 
72 4 
96 4 
450 4 
98 4 
542 4 
507 4 
577 4 
22 4 
114 4 
145 4 
541 4 
496 4 
550 4 
231 4 
578 4 
234 4 
404 4 
512 4 
498 4 
193 4 
85 4 
425 4 
518 4 
489 4 
447 4 
435 4 
40 4 
24 4 
517 4 
57 4 
477 4 
176 4 
38 4 
415 4 
427 4 
628 4 
564 4 
115 4 
90 4 
3 4 
417 4 
473 4 
170 4 
188 4 
235 4 
156 4 
31 4 
187 4 
397 4 
443 4 
49 4 
419 4 
78 4 
494 4 
446 4 
35 4 
5 4 
426 4 
88 4 
566 4 
117 4 
165 4 
472 4 
448 4 
532 4 
75 4 
32 4 
485 4 
53 4 
586 4 
33 4 
126 4 
524 4 
26 4 
487 4 
86 4 
519 4 
102 4 
51 4 
25 4 
465 4 
444 4 
100 4 
579 4 
6 4 
534 4 
416 4 
396 4 
398 4 
50 4 
43 4 
135 4 
499 4 
516 4 
184 4 
538 4 
108 4 
77 4 
476 4 
54 4 
15 4 
458 4 
122 4 
4 4 
422 4 
445 4 
29 4 
433 4 
394 4 
39 4 
410 4 
474 4 
460 4 
1 4 
486 4 
18 4 
116 4 
87 4 
