617 0 
339 0 
712 0 
396 0 
720 0 
338 0 
322 0 
721 0 
319 0 
787 0 
297 0 
388 0 
696 0 
358 0 
350 0 
714 0 
719 0 
722 0 
331 0 
315 0 
312 0 
758 0 
731 0 
387 0 
716 0 
369 0 
359 0 
757 0 
796 0 
397 0 
332 0 
526 0 
393 0 
727 0 
317 0 
337 0 
695 0 
792 0 
736 0 
326 0 
296 0 
304 0 
622 0 
225 0 
624 0 
379 0 
737 0 
223 0 
741 0 
342 0 
788 0 
659 0 
686 0 
655 0 
658 0 
269 0 
699 0 
256 0 
257 0 
356 0 
374 0 
260 0 
262 0 
318 0 
389 0 
756 0 
329 0 
772 0 
786 0 
347 0 
715 0 
368 0 
324 0 
797 0 
394 0 
357 0 
259 0 
729 0 
363 0 
739 0 
717 0 
761 0 
711 0 
313 0 
48 0 
328 0 
723 0 
348 0 
718 0 
447 0 
742 0 
660 0 
747 0 
749 0 
667 0 
678 0 
316 0 
778 0 
703 0 
728 0 
776 0 
784 0 
625 0 
268 0 
398 0 
264 0 
385 0 
320 0 
725 0 
386 0 
382 0 
217 0 
341 0 
218 0 
340 0 
381 0 
618 0 
616 0 
662 0 
395 0 
744 0 
766 0 
768 0 
771 0 
794 0 
748 0 
743 0 
793 0 
372 0 
373 0 
113 0 
668 0 
635 0 
287 0 
362 0 
657 0 
765 0 
701 0 
782 0 
258 0 
377 0 
726 0 
360 0 
261 0 
384 0 
144 0 
327 0 
763 0 
770 0 
783 0 
746 0 
773 0 
303 0 
767 0 
663 0 
769 0 
755 0 
289 1 
692 1 
661 1 
364 1 
383 1 
762 1 
371 1 
370 1 
270 1 
351 1 
290 1 
750 1 
344 1 
343 1 
752 1 
650 1 
649 1 
751 1 
499 1 
272 1 
353 1 
680 1 
611 1 
279 1 
626 1 
702 1 
224 1 
579 1 
267 1 
251 1 
779 1 
293 1 
623 1 
644 1 
760 1 
654 1 
664 1 
345 1 
128 1 
614 1 
281 1 
232 1 
634 1 
480 1 
375 1 
764 1 
295 1 
380 1 
366 1 
543 1 
669 1 
608 1 
180 1 
302 1 
291 1 
265 1 
100 1 
754 1 
689 1 
694 1 
355 1 
775 1 
361 1 
774 1 
346 1 
367 1 
349 1 
365 1 
238 1 
271 1 
745 1 
245 1 
227 1 
631 1 
675 1 
740 1 
352 1 
670 1 
628 1 
427 1 
706 1 
81 1 
235 1 
336 1 
690 1 
354 1 
215 1 
587 1 
300 1 
164 1 
212 1 
621 1 
255 1 
713 1 
707 1 
705 1 
200 1 
671 1 
226 1 
753 1 
263 1 
123 1 
307 1 
229 1 
665 1 
733 1 
666 1 
510 1 
636 1 
176 1 
683 1 
704 1 
306 1 
220 1 
693 1 
627 1 
734 1 
777 1 
209 1 
115 1 
600 1 
288 1 
791 1 
548 1 
609 1 
376 1 
681 1 
724 1 
549 1 
676 1 
790 1 
651 1 
735 1 
524 1 
285 1 
629 1 
575 1 
630 1 
378 1 
563 1 
334 1 
231 1 
682 1 
188 1 
604 1 
249 1 
652 1 
213 1 
674 1 
284 1 
305 1 
684 1 
648 1 
124 1 
523 1 
333 1 
210 2 
637 2 
514 2 
237 2 
222 2 
230 2 
283 2 
335 2 
266 2 
697 2 
645 2 
687 2 
228 2 
679 2 
619 2 
252 2 
236 2 
280 2 
672 2 
610 2 
276 2 
308 2 
599 2 
125 2 
522 2 
602 2 
534 2 
254 2 
507 2 
28 2 
732 2 
282 2 
710 2 
708 2 
314 2 
653 2 
274 2 
253 2 
391 2 
205 2 
401 2 
201 2 
580 2 
640 2 
112 2 
392 2 
325 2 
560 2 
301 2 
42 2 
277 2 
484 2 
639 2 
673 2 
150 2 
299 2 
544 2 
638 2 
186 2 
203 2 
241 2 
240 2 
294 2 
108 2 
512 2 
181 2 
1 2 
592 2 
632 2 
685 2 
145 2 
511 2 
556 2 
135 2 
789 2 
508 2 
596 2 
275 2 
202 2 
698 2 
615 2 
441 2 
595 2 
211 2 
528 2 
584 2 
598 2 
149 2 
196 2 
399 2 
647 2 
390 2 
111 2 
583 2 
234 2 
273 2 
309 2 
700 2 
118 2 
677 2 
310 2 
157 2 
613 2 
194 2 
216 2 
298 2 
559 2 
184 2 
476 2 
612 2 
246 2 
585 2 
239 2 
601 2 
586 2 
588 2 
214 2 
519 2 
311 2 
400 2 
593 2 
292 2 
597 2 
233 2 
605 2 
198 2 
641 2 
709 2 
576 2 
185 2 
551 2 
242 2 
492 2 
161 2 
286 2 
278 2 
691 2 
633 2 
193 2 
199 2 
206 2 
2 2 
153 2 
129 2 
93 2 
197 2 
160 2 
247 2 
552 2 
114 2 
491 2 
89 2 
109 2 
555 2 
488 2 
85 2 
77 2 
189 3 
646 3 
126 3 
0 3 
187 3 
248 3 
516 3 
59 3 
565 3 
603 3 
170 3 
591 3 
577 3 
513 3 
178 3 
117 3 
606 3 
529 3 
156 3 
535 3 
120 3 
550 3 
620 3 
107 3 
506 3 
521 3 
179 3 
547 3 
570 3 
183 3 
116 3 
152 3 
207 3 
192 3 
467 3 
443 3 
101 3 
97 3 
578 3 
485 3 
413 3 
66 3 
148 3 
44 3 
204 3 
458 3 
567 3 
175 3 
191 3 
483 3 
130 3 
557 3 
517 3 
536 3 
167 3 
582 3 
86 3 
494 3 
168 3 
461 3 
643 3 
520 3 
532 3 
515 3 
133 3 
137 3 
475 3 
96 3 
244 3 
445 3 
158 3 
140 3 
171 3 
574 3 
566 3 
569 3 
545 3 
103 3 
177 3 
32 3 
172 3 
92 3 
83 3 
84 3 
546 3 
76 3 
68 3 
525 3 
122 3 
221 3 
151 3 
573 3 
147 3 
243 3 
642 3 
173 3 
571 3 
496 3 
500 3 
540 3 
88 3 
166 3 
498 3 
502 3 
431 3 
456 3 
533 3 
174 3 
136 3 
531 3 
49 3 
482 3 
95 3 
121 3 
134 3 
102 3 
62 3 
99 3 
110 3 
104 3 
495 3 
3 3 
451 3 
564 3 
12 3 
509 3 
165 3 
465 3 
489 3 
14 3 
539 3 
90 3 
46 3 
572 3 
590 3 
64 3 
497 3 
594 3 
429 3 
141 3 
501 3 
411 3 
51 3 
450 3 
541 3 
607 3 
581 3 
146 3 
518 3 
487 3 
52 3 
412 3 
504 3 
558 3 
162 3 
138 3 
142 4 
190 4 
195 4 
74 4 
448 4 
13 4 
57 4 
98 4 
468 4 
208 4 
143 4 
542 4 
486 4 
182 4 
169 4 
589 4 
132 4 
29 4 
154 4 
163 4 
131 4 
503 4 
402 4 
473 4 
553 4 
538 4 
561 4 
155 4 
87 4 
75 4 
69 4 
474 4 
537 4 
442 4 
30 4 
470 4 
490 4 
554 4 
432 4 
452 4 
462 4 
63 4 
530 4 
428 4 
25 4 
43 4 
472 4 
424 4 
17 4 
562 4 
78 4 
463 4 
416 4 
106 4 
159 4 
105 4 
423 4 
31 4 
119 4 
67 4 
33 4 
446 4 
430 4 
409 4 
91 4 
466 4 
568 4 
440 4 
139 4 
457 4 
53 4 
24 4 
71 4 
455 4 
58 4 
420 4 
73 4 
21 4 
477 4 
41 4 
415 4 
471 4 
47 4 
37 4 
34 4 
406 4 
479 4 
56 4 
433 4 
505 4 
72 4 
60 4 
10 4 
16 4 
404 4 
11 4 
493 4 
414 4 
454 4 
80 4 
82 4 
15 4 
418 4 
481 4 
70 4 
410 4 
94 4 
459 4 
7 4 
65 4 
469 4 
5 4 
449 4 
50 4 
61 4 
4 4 
478 4 
39 4 
460 4 
18 4 
438 4 
19 4 
54 4 
403 4 
407 4 
439 4 
436 4 
444 4 
8 4 
79 4 
453 4 
425 4 
417 4 
55 4 
22 4 
40 4 
434 4 
45 4 
421 4 
26 4 
464 4 
405 4 
9 4 
35 4 
6 4 
38 4 
437 4 
426 4 
27 4 
422 4 
408 4 
435 4 
419 4 
36 4 
20 4 
23 4