7 4
77 3
29 3
50 4
3 4
35 1
9 4
84 4
25 4
82 2
6 4
28 3
64 3
51 4
108 1
74 4
19 2
4 4
2 4
56 2
24 4
66 3
23 3
26 1
30 4
10 4
61 3
65 3
53 3
0 4
15 4
45 4
87 3
52 2
106 2
70 2
58 4
130 2
98 2
103 0
80 2
36 4
40 3
27 4
123 0
1 4
54 2
5 4
96 2
127 0
120 3
55 2
79 4
67 4
75 3
69 3
39 2
41 3
49 3
71 4
31 4
46 3
57 2
34 1
97 3
18 3
124 0
43 1
91 1
38 2
42 3
22 3
94 3
48 3
117 1
37 1
68 3
47 2
63 3
83 2
21 0
8 3
121 0
20 0
60 2
33 2
112 0
129 0
125 0
78 1
90 0
17 0
32 2
44 0
122 0
126 0
95 1
128 0
101 1
13 1
92 1
102 2
110 1
88 1
62 1
99 2
89 0
72 1
93 2
85 0
76 2
113 2
81 1
107 2
105 1
59 1
16 0
119 1
11 0
86 0
111 1
73 1
115 0
104 0
116 0
100 1
14 0
109 1
114 1
12 0
118 0
