339 0 
396 0 
321 0 
388 1 
297 1 
331 1 
260 1 
359 1 
315 1 
323 2 
358 2 
317 2 
223 3 
397 3 
257 3 
127 3 
332 3 
319 3 
296 3 
337 3 
322 3 
393 3 
48 3 
218 3 
381 3 
342 3 
250 3 
389 3 
398 3 
259 4 
225 4 
313 4 
357 4 
369 4 
320 4 
304 4 
360 4 
394 4 
338 4 
395 4 
316 4 
256 4 
362 4 
371 4 
372 4 
290 4 
287 4 
387 4 
300 4 
128 4 
270 4 
384 4 
364 4 
351 4 
382 4 
386 4 
385 4 
379 4 
219 4 
303 4 
324 4 
269 4 
328 4 
293 4 
340 4 
352 4 
312 4 
383 4 
251 4 
377 4 
374 4 
326 4 
268 4 
281 4 
289 4 
262 4 
302 4 
318 4 
144 4 
373 4 
368 4 
279 4 
363 4 
329 4 
370 4 
330 4 
295 4 
356 4 
350 4 
264 4 
209 4 
272 4 
348 4 
271 4 
307 4 
261 4 
245 4 
284 4 
327 4 
380 4 
252 4 
291 4 
217 4 
306 4 
258 4 
212 4 
343 4 
265 4 
347 4 
263 4 
367 4 
180 4 
366 4 
81 4 
188 4 
205 4 
224 4 
365 4 
115 4 
201 4 
294 4 
361 4 
164 4 
189 4 
100 4 
227 4 
42 4 
299 4 
235 4 
344 4 
246 4 
255 4 
135 4 
285 4 
230 4 
288 4 
375 4 
254 4 
108 4 
198 4 
253 4 
354 4 
346 4 
249 4 
345 4 
229 4 
391 4 
117 4 
153 4 
392 4 
203 4 
240 4 
226 4 
176 4 
113 4 
266 4 
112 4 
305 4 
282 4 
145 4 
124 4 
267 4 
355 4 
378 4 
200 4 
222 4 
336 4 
276 4 
125 4 
68 4 
187 4 
277 4 
77 4 
314 4 
157 4 
376 4 
309 4 
390 4 
341 4 
122 4 
197 4 
194 4 
242 4 
353 4 
280 4 
193 4 
150 4 
149 4 
286 4 
207 4 
349 4 
335 4 
292 4 
136 4 
310 4 
123 4 
199 4 
192 4 
196 4 
237 4 
210 4 
211 4 
152 4 
278 4 
179 4 
142 4 
109 4 
28 4 
206 4 
334 4 
232 4 
2 4 
160 4 
241 4 
111 4 
181 4 
301 4 
274 4 
333 4 
186 4 
0 4 
74 4 
129 4 
228 4 
215 4 
93 4 
43 4 
146 4 
107 4 
83 4 
178 4 
121 4 
273 4 
202 4 
220 4 
234 4 
44 4 
114 4 
118 4 
161 4 
168 4 
311 4 
204 4 
85 4 
110 4 
183 4 
185 4 
62 4 
95 4 
1 4 
184 4 
79 4 
134 4 
275 4 
283 4 
41 4 
89 4 
243 4 
298 4 
143 4 
147 4 
116 4 
231 4 
325 4 
238 4 
96 4 
120 4 
239 4 
59 4 
248 4 
236 4 
233 4 
52 4 
103 4 
130 4 
158 4 
101 4 
247 4 
244 4 
148 4 
138 4 
14 4 
140 4 
177 4 
167 4 
90 4 
173 4 
99 4 
30 4 
213 4 
172 4 
76 4 
216 4 
46 4 
126 4 
92 4 
33 4 
133 4 
156 4 
66 4 
29 4 
25 4 
84 4 
78 4 
132 4 
174 4 
308 4 
37 4 
69 4 
86 4 
104 4 
137 4 
97 4 
57 4 
155 4 
87 4 
12 4 
221 4 
175 4 
208 4 
166 4 
51 4 
98 4 
73 4 
64 4 
151 4 
10 4 
171 4 
3 4 
47 4 
105 4 
15 4 
102 4 
31 4 
11 4 
141 4 
88 4 
94 4 
53 4 
165 4 
139 4 
214 4 
190 4 
82 4 
24 4 
163 4 
195 4 
17 4 
106 4 
60 4 
75 4 
182 4 
91 4 
63 4 
32 4 
159 4 
56 4 
131 4 
154 4 
13 4 
7 4 
21 4 
72 4 
19 4 
119 4 
67 4 
16 4 
80 4 
170 4 
191 4 
36 4 
58 4 
71 4 
61 4 
40 4 
4 4 
20 4 
8 4 
5 4 
169 4 
49 4 
18 4 
54 4 
70 4 
65 4 
50 4 
9 4 
6 4 
55 4 
38 4 
45 4 
35 4 
39 4 
23 4 
162 4 
26 4 
27 4 
34 4 
22 4 
