116 0 
128 0 
112 0 
115 0 
86 0 
124 0 
11 0 
129 0 
44 0 
118 0 
89 0 
121 0 
125 0 
122 0 
14 0 
16 0 
12 0 
104 0 
110 0 
123 0 
126 0 
100 0 
103 1 
95 1 
85 1 
90 1 
127 1 
92 1 
43 1 
20 1 
17 1 
13 1 
37 1 
34 1 
91 1 
114 1 
72 1 
35 1 
105 1 
32 1 
109 1 
117 1 
108 1 
26 1 
81 1 
93 2 
111 2 
119 2 
62 2 
101 2 
59 2 
106 2 
33 2 
78 2 
76 2 
130 2 
99 2 
88 2 
107 2 
113 2 
102 2 
80 2 
54 2 
38 2 
19 2 
55 2 
73 2 
97 2 
52 2 
120 2 
98 2 
47 2 
96 2 
57 2 
56 2 
49 2 
60 2 
83 2 
48 2 
70 2 
22 2 
42 3 
75 3 
68 3 
61 3 
77 3 
8 3 
94 3 
64 3 
28 3 
23 3 
46 3 
87 3 
18 3 
82 3 
39 3 
21 3 
30 3 
53 3 
67 3 
79 3 
27 3 
74 3 
15 3 
63 3 
69 3 
36 3 
84 3 
40 3 
65 3 
29 3 
31 3 
45 3 
41 3 
66 3 
10 3 
50 3 
24 3 
9 3 
71 3 
6 3 
1 3 
3 3 
58 3 
7 3 
2 3 
51 3 
25 3 
5 3 
4 3 
0 3 
