252 1
36 4
57 3
50 4
43 4
3 3
90 3
42 2
143 4
147 3
33 4
204 3
22 4
133 3
30 4
9 4
0 2
85 3
184 2
26 4
355 1
19 4
63 4
52 3
17 4
146 4
113 2
37 4
156 3
119 4
341 1
61 4
65 4
11 4
179 3
155 4
38 4
216 2
56 4
131 4
49 3
192 3
141 3
88 3
94 4
18 4
107 3
79 4
292 2
40 4
4 4
154 4
20 4
46 4
103 3
27 4
130 3
13 3
7 4
83 3
23 4
69 4
73 4
45 4
173 3
122 3
106 4
47 4
96 3
25 3
82 4
196 2
60 4
67 4
125 2
99 3
54 4
58 4
44 3
138 3
68 3
266 2
105 4
15 4
34 4
21 4
162 4
111 2
280 1
158 3
87 4
24 4
77 2
161 2
53 4
110 3
114 2
41 4
6 4
66 3
55 4
142 4
115 1
270 1
213 2
75 4
51 3
364 0
101 3
165 3
279 1
12 4
84 3
70 4
198 2
74 4
168 3
247 2
182 3
126 3
340 1
339 0
197 2
163 4
183 3
352 1
16 4
116 3
244 3
102 3
391 2
135 2
139 4
35 4
72 4
78 4
172 3
134 4
117 3
120 3
91 4
8 4
108 2
80 4
29 4
214 2
274 2
32 3
132 3
136 3
14 3
5 4
189 2
317 0
221 2
64 4
212 1
100 1
178 3
259 0
237 1
121 3
174 3
201 2
330 0
314 1
140 3
159 4
98 4
253 2
92 2
200 1
239 2
39 4
157 2
129 2
380 1
194 3
112 2
284 1
89 3
86 3
193 2
327 0
170 3
169 4
175 3
151 3
377 0
231 2
305 1
153 2
104 4
177 3
81 1
210 2
31 4
243 3
185 2
191 3
208 3
228 1
109 2
28 2
10 4
62 3
354 1
245 1
150 1
187 3
356 0
333 2
171 2
265 1
148 3
322 0
303 1
167 3
273 2
268 0
376 1
59 3
206 3
230 1
149 2
286 2
195 3
181 2
71 4
271 1
309 2
190 3
298 2
95 3
118 3
306 1
211 2
291 1
48 0
2 2
262 1
205 2
346 1
312 0
275 2
316 0
344 0
222 1
207 3
310 2
248 3
186 2
334 2
392 1
188 1
287 0
1 2
336 2
236 1
387 0
246 2
325 2
299 2
370 0
76 3
318 0
240 2
307 1
374 0
383 0
227 1
249 1
282 2
215 1
389 0
137 3
145 2
202 2
97 3
311 2
308 2
123 2
160 2
363 0
235 1
254 2
390 2
209 1
93 3
199 2
144 1
218 0
358 0
349 1
152 3
220 1
348 0
398 0
337 0
261 0
386 0
301 2
277 2
366 1
360 0
233 2
276 2
373 0
258 0
372 0
124 1
242 2
166 3
328 0
313 0
323 0
255 1
224 1
361 1
326 0
335 1
219 0
320 0
338 0
285 1
267 1
347 0
394 0
234 2
345 1
232 1
300 1
294 1
351 1
367 1
241 2
281 1
304 1
382 0
257 0
229 1
388 0
365 1
128 1
278 2
350 0
353 0
324 0
362 0
302 1
164 1
319 0
272 1
217 0
263 1
381 0
283 2
342 0
379 0
378 1
226 1
315 0
288 1
264 0
332 0
256 0
375 1
250 1
297 0
238 1
203 2
329 0
251 1
395 0
384 0
343 0
180 1
290 1
368 0
176 1
369 0
127 0
295 1
269 0
225 0
321 0
293 1
289 1
357 0
223 0
371 0
396 0
385 0
260 0
359 0
393 0
296 0
331 0
397 0
