396 0 
388 0 
339 0 
297 0 
321 0 
331 0 
315 0 
323 0 
397 0 
332 0 
322 0 
317 0 
337 0 
296 0 
127 0 
359 0 
393 0 
225 0 
358 0 
342 0 
338 0 
223 0 
260 0 
259 0 
319 0 
218 0 
257 0 
389 0 
256 0 
312 0 
357 0 
328 0 
382 0 
320 0 
329 0 
381 0 
330 0 
326 0 
324 0 
316 0 
313 0 
48 0 
350 0 
348 0 
379 0 
258 0 
398 0 
217 0 
269 0 
394 0 
386 0 
219 0 
385 0 
327 0 
360 0 
373 0 
261 0 
304 0 
353 0 
395 0 
368 0 
268 0 
362 0 
287 0 
369 0 
347 0 
371 0 
318 0 
384 0 
387 0 
372 0 
383 0 
377 0 
374 0 
363 1 
370 1 
356 1 
364 1 
343 1 
340 1 
250 1 
344 1 
251 1 
289 1 
264 1 
144 1 
279 1 
366 1 
270 1 
224 1 
367 1 
128 1 
361 1 
380 1 
365 1 
345 1 
281 1 
290 1 
302 1 
303 1 
245 1 
265 1 
262 1 
295 1 
352 1 
180 1 
293 1 
346 1 
291 1 
271 1 
212 1 
227 1 
235 1 
375 1 
226 1 
263 1 
100 1 
267 1 
209 1 
349 1 
272 1 
164 1 
335 1 
81 1 
341 1 
351 1 
215 1 
124 1 
229 1 
237 1 
307 1 
355 1 
252 1 
284 1 
188 1 
376 1 
280 1 
222 1 
115 1 
176 1 
300 1 
288 1 
306 1 
249 1 
230 1 
354 1 
238 1 
378 1 
232 2 
392 2 
220 2 
253 2 
211 2 
305 2 
205 2 
391 2 
283 2 
285 2 
201 2 
314 2 
200 2 
334 2 
255 2 
123 2 
135 2 
228 2 
282 2 
113 2 
157 2 
150 2 
333 2 
203 2 
111 2 
210 2 
390 2 
28 2 
276 2 
294 2 
236 2 
246 2 
112 2 
277 2 
325 2 
309 2 
231 2 
308 2 
336 2 
149 2 
185 2 
254 2 
273 2 
125 2 
298 2 
299 2 
108 2 
278 2 
274 2 
241 2 
145 2 
311 2 
240 2 
310 2 
266 2 
234 2 
153 2 
42 2 
202 2 
181 2 
186 2 
198 2 
213 2 
196 2 
194 2 
301 2 
189 2 
286 2 
233 2 
199 2 
0 2 
197 2 
109 2 
129 2 
160 2 
193 2 
77 2 
1 2 
242 2 
275 2 
2 2 
85 2 
247 2 
292 2 
248 2 
239 2 
152 2 
187 2 
216 2 
206 2 
93 2 
120 2 
156 2 
207 2 
117 2 
192 2 
179 2 
114 2 
178 2 
161 2 
204 2 
44 2 
214 2 
107 2 
177 2 
183 2 
118 2 
89 2 
147 2 
184 2 
175 2 
122 2 
92 2 
95 2 
59 2 
221 2 
171 2 
116 2 
148 2 
68 2 
168 2 
244 2 
137 2 
136 2 
97 2 
140 2 
158 2 
174 2 
76 2 
62 2 
243 2 
126 2 
84 2 
173 2 
166 2 
110 2 
133 2 
103 2 
170 2 
167 2 
151 2 
14 2 
130 2 
96 2 
83 2 
32 2 
98 2 
66 3 
132 3 
141 3 
99 3 
49 3 
121 3 
146 3 
86 3 
51 3 
101 3 
90 3 
165 3 
104 3 
134 3 
3 3 
46 3 
88 3 
30 3 
172 3 
195 3 
12 3 
208 3 
190 3 
142 3 
13 3 
74 3 
182 3 
105 3 
191 3 
143 3 
154 3 
57 3 
69 3 
138 3 
52 3 
102 3 
155 3 
64 3 
159 3 
43 3 
25 3 
169 3 
162 3 
29 3 
163 3 
87 3 
17 3 
63 3 
91 3 
119 3 
139 3 
71 3 
24 3 
53 3 
75 3 
131 3 
58 3 
33 3 
73 3 
10 3 
41 3 
78 3 
67 3 
47 3 
31 3 
15 3 
21 3 
56 3 
16 3 
7 3 
106 3 
72 3 
82 3 
50 3 
34 3 
80 3 
94 3 
60 3 
11 3 
37 3 
5 3 
79 3 
70 3 
4 3 
61 3 
39 4 
19 4 
40 4 
18 4 
55 4 
8 4 
65 4 
45 4 
22 4 
54 4 
26 4 
6 4 
35 4 
38 4 
9 4 
36 4 
27 4 
23 4 
20 4 
