1186 0 
1185 0 
1168 0 
1167 0 
1586 0 
1578 0 
1037 0 
1036 0 
1034 0 
1511 0 
1032 0 
1033 0 
1529 0 
1487 0 
1144 0 
966 0 
1479 0 
1447 0 
1521 0 
1513 0 
1505 0 
1583 0 
1549 0 
1486 0 
1548 0 
961 0 
1587 0 
960 0 
952 0 
957 0 
1522 0 
1512 0 
1507 0 
1317 0 
1527 0 
1409 0 
955 0 
1413 0 
1415 0 
1579 0 
1532 0 
1547 0 
1528 0 
1407 0 
1446 0 
1450 0 
1449 0 
1188 0 
968 0 
970 0 
1238 0 
1520 0 
1506 0 
958 0 
1519 0 
1503 0 
1518 0 
969 0 
971 0 
959 0 
1514 0 
1588 0 
1509 0 
1502 0 
964 0 
1516 0 
1510 0 
1540 0 
956 0 
1585 0 
953 0 
1538 0 
954 0 
1569 0 
1584 0 
1448 0 
1571 0 
963 0 
1575 0 
1508 0 
1572 0 
1451 0 
1576 0 
1458 0 
1559 0 
1459 0 
950 0 
1408 0 
1517 0 
1554 0 
1573 0 
1574 0 
1169 0 
1564 0 
1552 0 
1546 0 
1563 0 
1494 0 
1175 0 
1562 0 
1537 0 
1577 0 
1567 0 
1550 0 
1477 0 
1553 0 
1561 0 
962 0 
1560 0 
1558 0 
967 0 
1533 0 
1534 0 
1454 0 
1440 0 
1441 0 
1530 0 
1334 0 
1469 0 
1543 0 
1555 0 
1556 0 
1570 0 
1493 0 
1535 0 
1557 0 
1480 0 
1483 0 
1492 0 
1485 0 
1542 0 
1551 0 
1435 0 
1471 0 
1370 0 
1460 0 
1452 0 
1414 0 
1189 0 
1455 0 
1461 0 
1481 0 
1536 0 
1425 0 
1417 0 
1290 0 
1318 0 
1462 0 
1354 0 
1402 0 
1453 0 
1399 0 
1565 0 
1142 0 
1416 0 
1314 0 
1545 0 
1271 0 
1457 0 
1497 0 
1405 0 
1566 0 
1490 0 
1539 0 
1427 0 
1419 0 
1378 0 
1442 0 
1531 0 
1474 0 
1366 0 
1496 0 
1412 0 
1439 0 
1395 0 
1420 0 
1544 0 
1525 0 
1305 0 
1183 0 
1541 0 
1470 0 
1495 0 
1391 0 
1478 0 
1443 0 
1390 0 
1422 0 
1568 0 
1410 0 
1445 0 
1313 0 
1418 0 
1428 0 
1582 0 
1181 0 
1303 0 
1401 0 
1472 0 
1581 0 
1218 0 
1393 0 
1325 0 
1473 0 
1302 0 
1484 0 
1526 0 
1340 0 
1475 0 
1301 0 
1504 0 
1524 0 
1436 0 
1580 0 
1523 0 
1466 0 
1400 0 
1467 0 
1444 0 
1180 0 
1499 0 
1339 0 
1426 0 
1489 0 
1463 0 
1431 0 
1335 0 
1298 0 
1347 0 
1464 0 
1498 0 
1392 0 
1375 0 
1315 0 
1468 0 
1421 0 
1488 0 
1403 0 
1386 0 
1232 0 
1376 0 
1500 0 
1388 0 
1515 0 
1371 0 
1423 0 
1379 0 
1456 0 
1384 0 
1476 0 
1343 0 
1430 0 
1424 0 
1191 0 
1501 0 
1350 0 
1389 0 
1299 0 
1319 0 
1432 0 
1192 0 
1190 0 
1491 0 
1387 0 
1275 0 
1437 0 
1267 0 
1465 0 
1482 0 
1377 0 
1283 0 
1310 0 
1383 0 
1438 0 
1342 0 
1429 0 
1396 0 
1304 0 
1369 0 
1346 0 
1368 0 
1307 0 
1397 0 
1050 0 
1351 0 
1406 0 
1382 0 
1394 0 
1234 0 
1297 0 
1373 0 
1285 0 
1308 0 
1312 0 
1404 0 
1374 0 
1258 0 
1365 0 
1306 0 
1337 0 
1367 0 
1279 0 
1326 0 
1249 0 
1338 0 
1411 0 
1434 0 
1287 0 
1348 0 
1282 0 
1358 0 
1361 0 
1029 0 
1274 0 
1364 0 
1356 0 
1252 0 
1433 0 
1341 1 
1316 1 
1323 1 
1363 1 
1300 1 
1204 1 
1266 1 
1031 1 
1360 1 
1357 1 
1330 1 
1336 1 
1320 1 
1293 1 
1273 1 
1222 1 
1327 1 
1322 1 
1331 1 
1289 1 
1291 1 
1146 1 
1256 1 
1286 1 
1311 1 
1276 1 
1288 1 
1324 1 
1239 1 
1385 1 
1278 1 
1184 1 
1202 1 
1380 1 
1280 1 
1220 1 
1332 1 
1355 1 
1193 1 
1294 1 
1236 1 
1241 1 
1362 1 
1264 1 
1203 1 
1328 1 
1398 1 
1372 1 
1295 1 
1345 1 
1242 1 
1333 1 
1259 1 
1292 1 
1233 1 
1215 1 
1381 1 
1247 1 
1344 1 
1254 1 
1352 1 
1219 1 
1277 1 
1349 1 
1207 1 
1329 1 
1253 1 
1281 1 
1353 1 
1359 1 
1268 1 
1243 1 
1265 1 
1309 1 
1261 1 
1214 1 
1200 1 
1321 1 
1248 1 
1205 1 
1027 1 
1223 1 
1257 1 
1263 1 
1231 1 
1221 1 
1237 1 
1025 1 
1206 1 
1211 1 
1246 1 
1197 1 
1272 1 
1224 1 
1250 1 
1026 1 
862 1 
1028 1 
1296 1 
1262 1 
1240 1 
1270 1 
1201 1 
1109 1 
1227 1 
1195 1 
1284 1 
1158 1 
1030 1 
1179 1 
1269 1 
1194 1 
1260 1 
1251 1 
1229 1 
1208 1 
1209 1 
1245 1 
1198 1 
1230 1 
1212 1 
1235 1 
1255 1 
1244 1 
1216 1 
1225 1 
1172 1 
1196 1 
1199 1 
1141 1 
1228 1 
1226 1 
1217 1 
988 1 
1149 1 
1140 1 
1213 1 
1151 1 
864 1 
1210 1 
1187 1 
1127 1 
892 1 
1178 1 
1053 1 
1166 1 
1035 1 
983 1 
991 1 
1161 1 
1163 1 
980 1 
1174 1 
1023 1 
1150 1 
1165 1 
1164 1 
1045 1 
1123 1 
1143 1 
1156 1 
865 1 
861 1 
897 1 
1154 1 
1014 1 
1013 1 
1125 1 
1017 1 
1135 1 
1170 1 
1018 1 
1171 1 
1107 1 
1124 1 
1126 1 
1066 1 
1048 1 
1121 1 
1120 1 
1051 1 
1148 1 
1176 1 
1147 1 
1160 1 
866 1 
1162 1 
1159 1 
1177 1 
1024 1 
1182 1 
985 1 
1103 1 
1111 1 
1132 1 
878 1 
1131 1 
933 1 
1063 1 
1155 1 
1173 1 
1128 1 
1003 1 
1068 1 
1113 1 
1092 1 
900 1 
853 1 
1104 1 
1153 1 
987 1 
1004 1 
1102 1 
1157 1 
949 1 
1152 1 
891 1 
893 1 
951 1 
895 1 
896 1 
1130 1 
899 1 
868 1 
1008 1 
898 1 
1129 1 
1007 1 
965 1 
1067 1 
993 1 
1122 1 
1064 1 
982 1 
1070 1 
1073 1 
901 1 
984 1 
986 1 
995 1 
976 1 
1000 1 
998 1 
1022 1 
994 1 
1071 1 
999 1 
992 1 
977 1 
978 1 
1072 1 
981 1 
990 1 
974 1 
997 1 
1112 1 
1118 1 
1069 1 
979 1 
1106 1 
1145 1 
1006 1 
1117 1 
1115 1 
1021 1 
691 1 
692 1 
863 1 
1119 1 
1016 1 
1110 1 
1116 1 
1114 1 
1015 1 
869 1 
930 1 
870 1 
931 1 
1139 1 
996 1 
1105 1 
889 1 
1009 1 
1137 1 
888 1 
511 1 
975 1 
926 1 
600 1 
1052 1 
1134 1 
560 1 
1133 1 
1055 1 
894 1 
1039 1 
612 1 
1049 1 
1099 1 
936 1 
989 1 
837 1 
838 1 
1057 1 
571 1 
902 1 
1044 1 
1077 1 
505 1 
1089 1 
1098 1 
1040 1 
1097 1 
1088 1 
1079 1 
1001 1 
753 1 
640 1 
1002 2 
695 2 
610 2 
526 2 
846 2 
608 2 
932 2 
536 2 
615 2 
590 2 
925 2 
540 2 
1108 2 
405 2 
937 2 
875 2 
885 2 
693 2 
880 2 
872 2 
882 2 
916 2 
886 2 
881 2 
1010 2 
1058 2 
879 2 
839 2 
873 2 
919 2 
884 2 
944 2 
1038 2 
1041 2 
876 2 
1060 2 
918 2 
917 2 
700 2 
1059 2 
1062 2 
1056 2 
915 2 
883 2 
877 2 
1061 2 
934 2 
694 2 
840 2 
1005 2 
912 2 
1047 2 
1096 2 
613 2 
605 2 
1086 2 
935 2 
1093 2 
1091 2 
1083 2 
1094 2 
1065 2 
1087 2 
1084 2 
851 2 
1085 2 
1080 2 
1081 2 
1019 2 
1046 2 
222 2 
224 2 
1074 2 
1075 2 
221 2 
939 2 
1082 2 
911 2 
914 2 
867 2 
1090 2 
225 2 
226 2 
1076 2 
871 2 
942 2 
913 2 
1011 2 
1078 2 
528 2 
464 2 
908 2 
906 2 
910 2 
909 2 
907 2 
1020 2 
544 2 
1138 2 
476 2 
542 2 
845 2 
947 2 
849 2 
929 2 
386 2 
388 2 
475 2 
1095 2 
924 2 
197 2 
484 2 
848 2 
1042 2 
1054 2 
561 2 
874 2 
850 2 
938 2 
928 2 
596 2 
920 2 
363 2 
366 2 
922 2 
923 2 
543 2 
570 2 
921 2 
515 2 
407 2 
690 2 
423 2 
437 2 
689 2 
847 2 
518 2 
538 2 
657 2 
429 2 
434 2 
666 2 
671 2 
676 2 
430 2 
433 2 
643 2 
682 2 
646 2 
664 2 
670 2 
943 2 
435 2 
395 2 
659 2 
940 2 
680 2 
651 2 
650 2 
645 2 
818 2 
648 2 
887 2 
653 2 
436 2 
807 2 
946 2 
663 2 
754 2 
589 2 
588 2 
945 2 
854 2 
482 2 
669 2 
563 2 
569 2 
858 2 
639 2 
593 2 
1101 2 
904 2 
649 2 
859 2 
662 2 
674 2 
927 2 
903 2 
973 2 
855 2 
655 2 
665 2 
905 2 
591 2 
1100 2 
948 2 
522 2 
856 2 
456 2 
673 2 
524 2 
541 2 
502 2 
454 2 
656 2 
792 2 
159 2 
581 2 
1043 2 
190 2 
506 2 
857 2 
248 2 
679 2 
374 2 
492 2 
672 2 
431 2 
501 2 
575 2 
444 2 
232 2 
360 2 
1136 2 
629 2 
357 2 
634 2 
312 2 
489 2 
432 2 
439 2 
419 2 
564 2 
699 2 
620 2 
630 2 
491 2 
586 2 
255 2 
604 2 
368 2 
681 2 
667 2 
1012 2 
843 2 
576 2 
617 2 
532 2 
414 2 
580 2 
339 2 
684 2 
513 2 
382 2 
583 2 
483 2 
373 2 
582 2 
678 2 
453 2 
652 2 
687 2 
585 2 
647 2 
810 2 
621 2 
555 2 
165 2 
551 2 
835 2 
455 2 
442 2 
173 2 
844 2 
788 2 
448 2 
822 2 
574 2 
852 2 
539 2 
701 2 
776 2 
668 2 
527 2 
599 2 
790 2 
412 2 
745 2 
716 2 
577 2 
731 2 
787 2 
611 2 
809 2 
559 2 
391 2 
632 2 
720 2 
299 2 
500 2 
860 2 
758 2 
806 2 
823 2 
709 2 
765 2 
707 2 
820 2 
696 2 
584 2 
747 2 
827 2 
578 2 
422 2 
408 2 
641 2 
737 2 
833 2 
733 3 
802 3 
786 3 
601 3 
193 3 
509 3 
728 3 
729 3 
722 3 
825 3 
732 3 
192 3 
616 3 
803 3 
801 3 
594 3 
481 3 
826 3 
743 3 
531 3 
755 3 
530 3 
890 3 
635 3 
771 3 
794 3 
603 3 
718 3 
841 3 
238 3 
642 3 
494 3 
744 3 
783 3 
677 3 
438 3 
813 3 
777 3 
817 3 
721 3 
736 3 
819 3 
416 3 
471 3 
734 3 
389 3 
675 3 
516 3 
791 3 
798 3 
470 3 
796 3 
66 3 
730 3 
772 3 
385 3 
764 3 
708 3 
727 3 
553 3 
719 3 
151 3 
793 3 
808 3 
710 3 
831 3 
452 3 
799 3 
0 3 
227 3 
446 3 
704 3 
775 3 
493 3 
220 3 
972 3 
443 3 
466 3 
384 3 
750 3 
829 3 
568 3 
474 3 
795 3 
814 3 
644 3 
828 3 
512 3 
534 3 
741 3 
658 3 
767 3 
228 3 
789 3 
836 3 
740 3 
469 3 
784 3 
168 3 
941 3 
742 3 
427 3 
780 3 
800 3 
229 3 
331 3 
392 3 
485 3 
768 3 
557 3 
381 3 
479 3 
525 3 
477 3 
748 3 
805 3 
804 3 
769 3 
702 3 
782 3 
738 3 
547 3 
654 3 
573 3 
725 3 
711 3 
766 3 
269 3 
321 3 
549 3 
410 3 
548 3 
310 3 
715 3 
497 3 
607 3 
834 3 
779 3 
478 3 
338 3 
756 3 
265 3 
223 3 
773 3 
462 3 
816 3 
762 3 
473 3 
751 3 
558 3 
824 3 
461 3 
18 3 
832 3 
318 3 
252 3 
726 3 
717 3 
811 3 
752 3 
749 3 
390 3 
535 3 
459 3 
327 3 
597 3 
472 3 
565 3 
552 3 
270 3 
424 3 
467 3 
842 3 
341 3 
763 3 
761 3 
815 3 
713 3 
162 3 
785 3 
724 3 
458 3 
348 3 
812 3 
508 3 
703 3 
760 3 
739 3 
514 3 
686 3 
116 3 
198 3 
587 3 
797 3 
706 3 
329 3 
428 3 
757 3 
303 3 
245 3 
488 3 
572 3 
445 3 
781 3 
562 3 
510 3 
685 3 
723 3 
661 3 
94 3 
450 3 
609 3 
272 3 
457 3 
533 3 
377 3 
340 3 
688 3 
1 3 
480 3 
633 3 
830 3 
393 3 
298 3 
759 3 
447 3 
507 3 
735 3 
683 3 
380 3 
821 3 
614 3 
595 3 
592 3 
328 3 
705 3 
350 3 
281 3 
370 3 
770 3 
556 3 
344 3 
598 3 
746 3 
774 3 
460 3 
346 3 
411 3 
503 3 
418 3 
554 3 
332 3 
628 3 
778 3 
697 3 
451 3 
490 3 
290 3 
70 3 
251 3 
403 3 
637 3 
498 3 
638 3 
342 3 
714 3 
504 3 
150 3 
550 3 
712 3 
343 3 
566 3 
394 3 
268 3 
169 3 
311 3 
579 3 
399 3 
401 3 
660 3 
529 3 
30 3 
606 3 
362 3 
347 3 
413 3 
499 3 
379 3 
302 3 
495 3 
218 3 
154 3 
417 3 
296 3 
306 3 
636 3 
409 3 
349 3 
619 3 
194 3 
567 3 
57 3 
266 3 
304 3 
519 3 
626 3 
545 3 
259 3 
356 3 
402 3 
486 3 
400 3 
449 3 
301 3 
463 3 
517 3 
546 3 
354 3 
148 4 
376 4 
205 4 
537 4 
179 4 
261 4 
378 4 
622 4 
487 4 
267 4 
353 4 
28 4 
284 4 
372 4 
160 4 
496 4 
396 4 
337 4 
420 4 
219 4 
602 4 
406 4 
258 4 
237 4 
523 4 
200 4 
250 4 
425 4 
307 4 
627 4 
375 4 
426 4 
324 4 
110 4 
316 4 
387 4 
631 4 
278 4 
249 4 
279 4 
398 4 
34 4 
441 4 
351 4 
440 4 
383 4 
369 4 
367 4 
274 4 
7 4 
178 4 
326 4 
365 4 
273 4 
618 4 
322 4 
24 4 
127 4 
177 4 
157 4 
361 4 
397 4 
305 4 
122 4 
247 4 
164 4 
146 4 
520 4 
625 4 
136 4 
291 4 
289 4 
333 4 
320 4 
624 4 
91 4 
256 4 
286 4 
246 4 
104 4 
201 4 
359 4 
242 4 
209 4 
521 4 
20 4 
364 4 
287 4 
297 4 
235 4 
216 4 
147 4 
129 4 
203 4 
240 4 
241 4 
292 4 
623 4 
313 4 
13 4 
153 4 
263 4 
325 4 
323 4 
217 4 
207 4 
335 4 
41 4 
330 4 
698 4 
336 4 
243 4 
300 4 
271 4 
214 4 
295 4 
352 4 
465 4 
230 4 
25 4 
78 4 
314 4 
51 4 
282 4 
283 4 
183 4 
468 4 
123 4 
254 4 
53 4 
167 4 
288 4 
145 4 
421 4 
315 4 
294 4 
234 4 
358 4 
98 4 
43 4 
108 4 
196 4 
293 4 
257 4 
415 4 
210 4 
371 4 
120 4 
6 4 
231 4 
285 4 
33 4 
121 4 
56 4 
239 4 
106 4 
80 4 
68 4 
72 4 
404 4 
317 4 
208 4 
275 4 
355 4 
308 4 
264 4 
236 4 
140 4 
215 4 
345 4 
119 4 
334 4 
19 4 
180 4 
40 4 
277 4 
26 4 
244 4 
89 4 
176 4 
54 4 
114 4 
206 4 
135 4 
233 4 
155 4 
87 4 
95 4 
204 4 
184 4 
62 4 
262 4 
185 4 
199 4 
86 4 
32 4 
133 4 
31 4 
84 4 
152 4 
175 4 
92 4 
137 4 
149 4 
170 4 
111 4 
125 4 
118 4 
67 4 
260 4 
319 4 
36 4 
4 4 
212 4 
202 4 
39 4 
280 4 
253 4 
171 4 
158 4 
138 4 
276 4 
188 4 
172 4 
2 4 
117 4 
58 4 
191 4 
15 4 
187 4 
195 4 
161 4 
88 4 
141 4 
182 4 
142 4 
63 4 
83 4 
45 4 
309 4 
103 4 
47 4 
132 4 
156 4 
96 4 
52 4 
11 4 
93 4 
134 4 
79 4 
174 4 
69 4 
21 4 
128 4 
166 4 
29 4 
139 4 
130 4 
105 4 
8 4 
186 4 
49 4 
124 4 
101 4 
71 4 
77 4 
100 4 
126 4 
211 4 
35 4 
22 4 
60 4 
61 4 
97 4 
5 4 
213 4 
76 4 
102 4 
181 4 
75 4 
74 4 
48 4 
109 4 
163 4 
112 4 
115 4 
64 4 
107 4 
44 4 
16 4 
27 4 
12 4 
59 4 
85 4 
99 4 
143 4 
23 4 
73 4 
90 4 
82 4 
50 4 
17 4 
14 4 
46 4 
37 4 
55 4 
81 4 
144 4 
42 4 
9 4 
113 4 
65 4 
38 4 
10 4 
189 4 
3 4 
131 4