710 1
975 2
623 0
802 1
779 1
937 2
1178 3
134 0
888 2
666 3
388 3
835 2
351 1
583 1
748 1
308 0
152 3
719 2
978 2
199 0
256 0
896 1
512 2
555 1
81 0
786 2
0 1
879 3
354 1
189 0
365 2
68 2
712 1
1018 3
647 3
989 2
752 2
34 2
384 1
732 3
562 1
1151 3
374 2
342 3
997 2
396 2
943 1
190 3
592 2
887 1
391 3
642 2
161 0
608 3
1099 3
550 0
332 2
133 0
1067 3
1048 3
1160 3
872 3
369 0
560 3
593 3
414 0
283 0
549 1
1183 3
929 3
206 0
1158 1
178 0
646 3
782 1
1054 2
1010 3
928 2
360 3
924 3
923 3
765 1
409 0
1136 1
334 0
77 0
10 0
873 3
25 0
139 0
708 1
513 1
243 0
860 1
644 1
383 0
156 0
162 2
427 3
849 2
12 0
558 1
527 1
117 0
325 1
163 0
121 0
157 2
120 0
857 1
880 3
446 2
489 1
1091 2
261 0
507 1
906 1
661 1
582 1
634 0
630 0
1084 2
314 2
1031 2
1070 3
645 3
451 1
125 0
1161 3
200 0
572 1
249 0
88 0
421 0
1035 2
51 0
868 0
202 0
535 2
92 0
1072 2
1176 1
671 3
266 0
220 2
262 0
670 3
910 1
60 0
1180 1
917 0
1167 3
277 0
1032 3
897 3
215 0
1101 3
526 2
599 2
809 3
17 0
399 2
405 3
49 0
812 1
1027 2
892 2
508 2
640 3
404 0
664 3
52 0
137 1
772 2
722 2
445 0
825 2
169 3
463 0
688 1
39 0
1094 3
1102 3
594 1
330 1
97 1
890 2
278 0
302 2
903 3
881 3
768 1
318 2
657 3
1085 2
957 3
416 2
510 0
378 0
787 3
878 3
323 0
128 0
673 3
951 2
1171 3
16 0
62 0
2 0
581 1
875 3
155 0
1188 3
1159 3
1152 3
693 3
21 0
84 0
1123 1
376 0
1028 1
801 2
349 0
680 3
770 0
288 0
209 2
920 3
236 0
763 1
1004 2
1049 3
240 0
816 2
539 2
557 1
566 1
113 0
476 1
762 1
545 1
72 0
335 1
232 3
1001 1
55 0
173 2
486 1
672 3
459 1
844 2
834 1
709 1
31 0
164 0
74 0
509 2
706 1
764 2
789 1
143 0
270 0
363 3
326 0
817 1
727 2
885 3
292 1
313 0
108 0
798 2
85 0
993 2
1045 3
899 2
272 0
783 2
1015 1
966 3
487 1
716 2
760 1
467 1
175 0
158 0
1060 3
492 3
119 0
894 0
832 2
82 0
915 1
974 2
960 2
1023 3
448 1
350 1
627 0
1096 2
981 2
130 0
819 2
999 2
553 1
941 1
70 0
244 0
746 0
198 2
165 2
714 1
458 1
150 2
967 1
1130 2
625 0
59 0
462 1
780 1
607 3
604 1
33 0
225 1
813 2
317 0
931 3
132 0
814 1
1021 1
47 0
461 1
100 0
932 2
531 2
756 1
826 1
685 1
705 1
148 0
1007 2
93 0
494 2
453 3
977 2
104 1
740 2
76 0
992 3
799 1
197 3
136 1
301 0
370 2
944 2
114 0
605 3
290 1
144 0
543 3
450 0
42 0
279 0
1120 1
858 1
884 3
212 0
375 0
410 1
577 1
441 0
541 3
749 0
622 1
284 0
319 0
4 0
309 0
129 0
118 0
1170 3
629 3
443 3
638 1
524 3
589 3
683 3
80 0
718 2
1074 1
656 2
171 0
851 1
1071 3
654 2
24 0
22 0
211 0
694 3
1042 3
936 2
969 1
938 1
203 2
935 3
27 0
820 2
382 2
265 1
112 0
247 1
519 3
575 1
631 1
511 3
295 0
805 1
436 1
306 0
229 1
344 2
177 0
961 2
1172 3
188 0
522 3
1173 3
523 2
371 2
578 1
361 1
449 1
469 1
1025 1
1131 1
35 0
1109 3
304 0
648 3
965 1
400 2
942 1
867 2
1124 3
358 0
433 2
296 1
98 0
285 0
856 3
329 1
913 0
182 0
726 1
747 2
753 3
990 2
1163 3
695 3
841 3
429 3
58 0
1062 3
264 0
947 3
1033 2
1029 2
911 3
699 1
126 0
1016 2
18 2
103 0
294 1
226 1
1139 2
1129 1
1083 2
268 2
402 2
939 1
759 1
1087 2
13 0
621 3
1106 2
41 1
613 3
914 1
1078 2
744 2
44 0
61 0
866 3
439 3
1082 2
517 1
745 3
595 1
649 3
785 1
534 2
956 2
761 2
444 1
201 3
298 0
574 1
490 0
167 2
701 3
639 3
289 0
186 0
149 0
271 0
1177 0
641 1
263 0
345 1
465 0
916 1
919 1
195 1
392 1
1162 3
267 0
1138 3
836 2
1137 3
352 0
56 0
839 3
757 1
471 1
242 0
861 2
54 0
729 2
411 2
64 0
219 0
702 1
554 1
904 3
518 3
691 3
972 2
668 3
643 3
804 1
754 3
235 0
733 2
769 2
5 0
793 1
1111 3
442 1
187 0
38 0
456 1
1047 3
231 0
1184 2
692 3
237 0
168 2
107 0
248 3
1019 1
258 0
401 1
127 0
7 0
1117 3
280 1
485 1
142 0
1125 2
181 0
728 2
287 0
1066 2
1077 3
1165 2
221 2
179 2
922 3
239 3
78 0
9 0
71 0
293 0
63 0
548 1
422 1
697 0
606 1
233 1
359 1
477 2
1040 3
580 1
234 0
377 1
614 1
1105 2
3 0
65 0
184 1
101 0
154 1
781 1
14 0
909 0
530 1
223 1
331 1
995 2
30 0
1145 1
53 0
590 3
585 1
26 0
1022 2
257 0
713 1
338 3
821 1
353 0
669 2
1081 2
1 1
624 1
1148 3
48 0
380 1
1187 3
251 2
933 3
600 3
500 2
653 3
774 2
984 2
398 2
1008 2
818 2
532 3
940 1
1127 2
1055 3
587 2
912 1
224 2
303 2
28 0
348 2
407 2
246 0
460 1
312 2
739 1
771 3
1069 2
1122 1
958 1
547 1
310 0
901 1
968 1
501 3
438 2
274 2
123 1
828 2
871 1
145 1
889 3
151 2
863 1
696 2
1093 2
343 1
146 0
159 3
1039 3
1037 2
50 0
895 2
276 0
196 0
153 1
373 1
934 1
1063 3
1147 3
586 1
1140 3
775 1
682 3
484 2
1003 3
425 2
394 2
663 3
724 1
503 2
1090 2
662 2
245 1
617 0
556 1
907 1
481 1
291 1
973 2
1046 2
95 0
723 1
950 2
228 1
584 1
418 2
900 2
1166 3
808 1
333 0
116 1
563 3
315 0
192 2
905 3
838 3
67 0
390 2
423 0
790 2
1118 2
1185 2
1002 2
1038 3
536 3
208 2
238 1
1186 2
679 1
20 0
40 0
918 0
751 1
568 1
473 1
495 1
372 0
561 3
367 3
11 0
140 0
176 0
703 1
684 2
925 3
468 0
767 2
687 2
6 0
299 2
340 3
567 0
893 3
193 1
853 3
94 2
616 1
987 2
794 1
677 3
1017 3
166 0
19 0
721 2
124 0
516 2
408 3
926 3
1036 2
1034 2
478 1
1154 2
1073 3
37 0
355 3
964 2
316 0
466 1
533 2
1142 3
742 2
222 2
174 0
1149 3
520 3
1080 2
676 3
180 0
320 0
475 2
955 2
1026 2
214 0
991 3
255 3
737 2
837 3
674 3
1051 2
954 2
571 3
493 2
715 1
946 3
778 0
996 2
734 2
850 3
216 0
1068 2
678 2
1146 3
1107 3
986 3
496 1
948 1
357 3
1020 1
537 0
959 2
470 1
66 0
736 2
454 2
579 2
564 3
430 3
773 1
1115 2
185 0
472 1
738 2
337 3
328 1
286 1
364 2
339 2
845 3
902 3
883 3
854 3
321 3
1143 3
366 2
659 3
417 3
491 2
90 0
628 0
505 3
327 2
1014 3
833 2
822 2
1097 2
1030 2
347 2
632 1
1052 2
796 1
795 1
570 3
194 3
529 3
322 0
260 0
637 2
1181 2
615 3
379 1
191 0
681 3
690 1
865 3
596 3
970 2
515 3
741 1
945 3
1024 3
253 0
102 0
846 1
105 0
457 1
1050 3
1064 1
976 2
1182 3
1041 3
275 0
483 3
862 3
482 2
1098 3
807 3
610 3
620 3
395 3
675 2
1174 2
1011 3
172 0
431 3
565 1
735 1
479 1
830 1
1103 1
559 1
397 2
864 3
655 2
1012 3
528 3
811 1
829 2
601 3
99 0
573 1
848 2
658 1
269 0
1144 3
611 3
1058 3
1056 3
1133 1
898 1
776 2
131 0
79 0
218 0
504 0
979 2
704 1
381 3
434 3
766 1
626 1
254 0
667 2
635 2
447 1
598 0
506 3
874 1
499 2
546 2
213 0
205 1
1153 3
731 3
204 0
480 0
1169 2
1057 3
1116 2
455 1
842 1
665 2
700 3
852 2
474 1
1104 3
876 3
810 1
43 0
415 2
46 0
609 1
927 3
652 2
1095 2
1005 3
921 3
227 2
111 0
877 3
843 3
660 0
96 0
1113 2
305 0
138 0
1043 3
1013 2
985 2
591 3
36 1
8 0
619 1
207 1
160 1
387 2
282 0
428 0
435 1
230 0
109 0
1175 2
413 1
1112 2
636 0
840 3
651 3
393 1
1156 3
1100 3
1134 1
406 1
110 0
1009 3
1076 2
336 0
540 3
1121 1
464 2
542 3
356 0
806 3
91 0
89 0
750 2
988 3
122 2
1044 3
241 0
281 1
994 3
1126 2
983 3
711 1
1179 3
1110 3
75 0
1006 2
551 1
1114 1
73 0
725 1
1000 3
1119 3
755 3
930 1
488 1
792 3
1088 3
982 3
998 2
576 1
183 0
1132 3
1089 3
720 3
953 2
437 3
980 3
502 2
497 2
1092 3
1135 3
69 0
859 3
803 2
346 0
1079 2
324 2
1150 3
1189 1
452 2
855 3
686 2
419 3
1053 2
588 3
1075 2
788 3
170 0
891 3
368 2
569 1
57 3
440 0
827 1
538 2
86 0
1128 3
1141 3
831 2
777 1
870 1
908 1
869 1
1108 1
597 1
962 2
603 1
217 0
552 2
815 1
1157 2
389 2
412 1
514 1
29 0
45 0
311 1
797 1
115 0
141 0
800 1
1061 3
297 0
273 0
432 0
106 0
498 2
618 1
250 3
252 2
823 1
784 1
707 2
83 0
698 0
210 2
525 3
1168 3
420 0
791 2
135 1
341 2
886 3
32 0
743 2
544 3
307 0
1059 3
689 2
87 1
1065 2
952 2
386 3
602 2
259 0
403 2
971 2
963 2
949 1
824 1
300 0
1086 3
633 1
424 2
385 2
847 3
426 2
521 0
23 0
612 3
730 1
1155 3
1164 3
882 3
717 1
15 0
147 0
650 3
758 2
362 2
