12343 3
12129 3
13277 4
11996 4
13796 4
13476 4
15061 1
14559 0
14314 4
12889 4
13029 4
11726 4
10868 4
10599 4
14685 4
12953 4
13772 3
13303 4
14711 4
11423 4
10155 4
14679 4
13232 4
15618 4
12892 4
13203 3
10397 4
14057 4
11298 4
14856 1
12704 1
11259 4
11027 4
14534 2
11097 3
11842 2
10540 4
12992 4
12191 4
11537 3
11193 4
11146 4
11503 4
13198 4
10800 4
13495 4
13487 4
14050 3
13230 4
11057 4
14100 4
11540 4
10279 4
13486 4
11292 4
12278 4
11867 3
10994 4
10693 4
13342 4
11042 4
13264 3
11563 4
16091 4
14512 4
14747 4
14027 4
12478 4
13667 4
12197 4
11697 4
13461 4
12448 4
11973 4
11986 4
14814 4
15257 1
10299 4
13367 4
12544 4
11711 3
10272 2
15374 3
13244 4
14082 4
10408 4
14869 4
11233 4
14307 4
14259 4
13851 4
13710 1
12264 4
12222 3
14107 4
13341 4
15249 4
13196 2
11028 1
15356 4
15841 2
14828 3
14898 2
14805 1
12822 1
15167 4
11493 2
12397 3
14321 4
15153 4
10792 4
10577 3
15295 4
10819 4
10529 4
14081 3
10463 0
14761 4
14683 4
12173 4
14843 4
12339 4
13830 4
13891 4
10559 4
14130 0
12831 1
13541 3
11823 4
10721 4
10713 4
14633 4
10965 3
12915 4
10257 4
13485 4
10590 4
15016 4
11106 1
11013 3
11789 3
10781 4
10140 4
11481 4
13871 4
10136 4
13290 4
13422 3
11066 4
15601 2
11638 4
14696 4
13052 2
11603 4
14122 4
12323 4
14908 4
15741 0
12253 0
11865 3
13930 4
11174 2
12884 4
14282 1
12851 1
14831 4
13158 4
14771 4
12721 1
10170 3
12389 3
15502 4
15376 4
15024 4
12451 4
12217 4
11086 3
15096 4
12348 3
14627 2
10416 2
14635 4
12898 3
15919 4
12755 1
11618 4
10849 4
11637 4
10409 3
14119 0
12638 1
14092 3
15862 1
13770 2
14255 3
12587 0
10785 4
11109 4
11617 3
11267 4
14853 3
14730 4
14492 4
13795 3
14574 4
11433 4
11337 4
10631 3
11445 1
10926 3
10996 1
14797 0
12175 0
10154 3
11775 4
13873 3
10139 2
14477 1
13002 0
11721 4
13256 4
11995 4
10158 4
11278 4
11577 3
12878 4
10298 3
14108 4
15370 4
13061 4
12917 4
10683 4
11884 4
14588 3
10194 4
14524 4
11450 2
15887 1
14689 4
13121 3
13535 2
11899 2
10933 3
12945 4
14792 0
14577 3
10434 4
10165 1
13931 4
12676 1
12896 4
11921 4
10056 0
12394 0
12244 3
11764 4
10466 4
15043 3
10747 4
11067 4
12324 4
11550 2
12853 2
10304 2
12007 4
13087 3
11982 3
14112 4
10874 4
15879 2
10676 3
13377 3
10268 3
14893 4
12003 4
10666 3
15579 2
11844 2
13360 4
11977 4
13964 3
12280 4
10185 4
13105 4
14670 2
16133 4
11111 4
12719 2
15304 4
10216 4
11252 4
13832 2
10141 3
10643 3
15380 4
14570 4
10581 4
14576 4
10731 3
10208 4
14252 3
14288 3
14952 3
11898 4
14895 2
11630 4
11615 1
10754 2
10247 1
14262 4
11411 1
11648 4
11441 2
10821 4
14150 3
10423 4
14987 1
15085 2
12807 2
15412 4
16680 1
11484 0
14306 3
11003 4
14098 4
10431 4
10980 4
10775 1
15074 3
10779 2
11049 4
13241 2
12758 4
11790 2
13898 3
14273 1
11336 3
13139 3
12266 4
12441 4
14716 3
15054 0
12228 3
15027 3
15798 1
11492 1
11588 2
11140 4
12549 1
12124 2
12390 3
13464 3
15048 3
10627 4
12523 3
10886 0
11165 2
14875 3
14905 3
11612 4
14942 0
12184 2
10732 4
10815 2
12819 3
15626 1
11126 1
11456 3
16704 0
14553 4
11076 3
14744 2
11695 3
12728 1
12610 0
14004 3
14193 4
12748 1
10245 3
10327 3
15385 0
13127 3
15339 0
11280 1
12087 2
14234 2
15634 2
14539 3
13296 4
12314 2
13884 2
10558 4
13577 4
13434 2
10551 2
15325 2
10225 1
13415 0
10990 4
13655 3
10329 3
11941 1
12320 3
13958 3
10620 4
14131 3
12055 4
14783 4
10372 4
12094 4
15448 0
15478 2
11953 4
14709 2
11778 3
13933 3
13204 4
12934 2
12635 0
11511 1
11203 3
14487 3
15389 3
12294 1
11531 3
14877 3
15422 2
13579 1
12779 1
10557 3
15293 1
15163 3
15855 2
12737 1
16603 0
11669 2
11415 3
10654 3
16479 2
14256 3
14113 3
12772 0
10243 0
12954 4
11980 3
12156 3
12769 2
13076 4
14960 3
12891 3
14013 1
15825 2
10778 3
12391 4
10333 2
10135 4
14102 1
10640 1
15070 4
11122 3
10349 0
12141 0
14400 1
14919 1
11241 1
13388 3
10478 2
11510 3
13942 1
13731 2
10661 0
12671 0
12321 1
15794 1
13184 3
16567 1
14738 1
11123 4
13619 3
12888 3
14489 3
11931 2
15569 3
10184 1
10171 4
13459 3
12206 4
12844 0
10322 2
12147 0
11870 0
15069 0
11447 2
13682 3
11555 3
11150 4
15554 2
11719 4
16540 2
14275 4
11376 3
13151 2
13970 2
12559 2
11176 1
11728 3
15045 3
11344 0
16101 3
12902 2
10739 3
12782 0
10053 1
16498 3
10469 3
12641 0
15721 1
10999 2
15861 1
13806 1
11961 3
10647 4
12223 3
15656 2
15624 4
15245 1
14457 4
14804 1
13347 1
13768 1
12365 3
10414 2
15049 1
10685 4
11375 3
10923 0
12268 1
14672 2
13282 2
13297 4
13433 3
12899 3
11468 3
15709 1
12363 3
11214 0
14557 1
13700 1
14474 1
12615 1
13397 2
12108 3
11525 2
14530 3
15323 3
11506 2
13502 4
11517 1
14320 3
15700 1
13894 2
14718 2
15057 2
14006 3
10347 3
12784 1
12932 3
14109 3
14430 3
14197 3
12720 1
10325 3
11085 2
11308 3
10146 3
14088 0
12519 3
10405 1
13295 3
11643 1
14447 1
10561 3
14802 3
12265 3
12882 3
16218 3
10313 1
15582 2
13369 2
13540 2
11762 2
10041 0
12633 0
13344 3
13936 3
16429 2
15570 3
16520 1
14646 1
15785 1
14125 1
11624 4
13767 1
13704 1
11227 2
10348 1
10630 2
15481 2
13934 0
14816 1
11871 2
14986 4
14880 1
15248 0
11535 1
15020 3
16454 2
12235 1
12214 1
15344 2
15713 0
12709 1
15411 3
13788 3
15628 3
16543 1
10198 3
15282 1
11756 0
12185 3
10744 3
11845 1
12307 0
15708 0
15707 0
12982 3
14295 0
11646 0
14467 2
11538 2
11952 1
12250 3
11885 1
15458 1
13809 3
14712 3
11833 1
16739 0
12574 3
14691 3
13890 2
10385 1
10065 0
12653 1
13046 3
14698 3
14656 2
11641 4
11834 3
14493 1
15236 1
11245 0
10838 1
12868 1
14468 0
14268 1
15447 3
11188 0
12956 1
15171 1
12866 0
13450 2
15532 0
11399 0
12412 3
15160 1
14303 3
14628 0
15041 3
11098 3
10910 1
11883 2
11908 1
11905 3
11559 1
12195 2
11869 3
13211 3
15023 3
14794 3
13629 1
10396 1
15882 2
16428 0
14674 3
13109 1
11288 3
13398 3
11675 2
16721 2
15093 1
11827 2
12598 3
15250 1
10172 3
10589 3
13034 1
15124 0
16709 2
14182 2
12392 1
11331 2
12511 3
11587 3
13125 1
13008 1
16654 0
12652 0
12492 1
14397 4
13714 0
13307 3
11058 1
15310 2
12951 4
15511 2
13348 3
14842 3
12708 1
11994 2
14231 3
13418 3
10476 0
15504 1
14485 1
12370 0
11007 0
10241 1
16665 2
15177 2
12171 1
14332 1
16340 0
12119 3
10728 2
11495 3
14025 3
11699 3
10562 3
15842 3
15011 0
13829 3
13983 3
12263 2
14871 2
13785 2
11367 0
15754 0
12815 0
11092 2
11392 0
11714 2
13292 0
13507 3
10687 0
14736 3
12591 1
10770 0
15086 1
13674 3
14167 1
10917 1
13072 3
11938 1
11512 1
14938 2
14412 1
16681 1
12916 2
15381 3
10615 3
13827 2
10613 2
13259 2
13693 0
16730 0
10033 1
14520 3
12335 2
13947 3
16553 0
11470 2
14120 3
13032 3
13587 3
16353 3
12841 1
11413 3
15853 1
11825 0
15203 1
12388 2
14996 2
14863 1
13467 0
15275 1
15278 1
11421 2
13715 1
11725 3
11997 2
11522 1
10930 2
11317 0
15725 0
12155 3
14582 0
12016 2
12211 3
11619 0
15008 2
16727 0
13987 2
12855 2
14745 1
15525 2
10204 0
15930 2
13111 0
14054 2
12103 2
13117 2
10017 0
14533 2
12455 2
16363 1
16743 0
12131 2
10670 2
12255 2
14572 0
11471 3
12663 1
14475 2
16647 0
14222 1
12944 1
13543 3
16731 0
14704 3
11041 3
12039 2
15440 0
10157 2
15650 1
10011 0
13182 2
10460 0
13546 2
14236 2
11479 2
13200 3
14062 0
12018 1
12315 1
15401 3
12553 1
12132 2
14819 1
10783 0
16345 0
11274 3
10016 0
10380 1
13077 0
13676 1
13520 1
12436 2
10617 2
15991 2
10925 2
16311 1
16715 1
11050 2
11283 2
12622 0
15215 0
15446 0
14254 2
13949 2
15838 0
16736 1
13484 3
11650 2
11463 0
16725 2
12332 1
12494 3
12576 1
12207 2
15856 0
15497 3
13984 1
16634 1
13490 1
12599 2
12621 0
15581 1
14955 2
13194 2
13255 3
12297 1
10076 0
14229 0
13865 0
10950 2
15539 0
10569 3
11656 1
12771 0
12955 1
12745 0
12177 2
13504 0
14237 2
13361 2
15273 2
13555 1
11487 3
12869 0
10535 3
15232 2
13219 0
13501 2
10005 1
15454 2
13862 0
12705 2
11002 1
12854 0
15090 1
13226 1
15546 0
14371 1
12965 2
12174 1
12149 2
13003 0
11453 2
10237 1
10982 2
14648 3
13826 0
13424 2
13863 0
14769 0
13055 0
15550 1
15973 1
13763 0
13771 2
13195 1
16588 1
14618 2
11200 0
10361 2
16651 0
14435 1
12649 0
11813 0
11592 2
11992 0
13564 0
11924 0
11053 0
12012 3
10006 0
15982 1
14270 0
12402 2
10050 0
13899 0
15427 1
15793 0
15731 0
15472 0
15607 2
11879 0
13024 2
13505 1
10221 2
12190 3
12773 0
15934 0
11659 2
10817 2
16728 2
16682 1
14046 1
10039 1
12252 0
16729 1
14543 2
13381 0
14993 0
16339 0
13246 2
15138 2
15706 1
10927 1
10511 0
13781 1
11198 2
14283 2
15406 0
12983 0
15063 1
11663 2
13881 1
14028 0
16696 0
11975 1
11430 1
10400 0
16668 1
14965 2
13463 0
11388 1
16390 1
12187 0
11315 2
10324 0
15010 1
15847 1
10938 0
12743 0
15881 0
10918 3
11732 1
16742 1
10267 2
15030 0
11036 0
16724 1
13791 1
13599 2
13221 3
15091 0
10085 0
14812 2
11673 1
16741 0
15971 1
12028 0
14551 0
13630 0
16723 1
11545 0
12078 0
13736 2
16441 1
15012 1
14424 2
14785 3
13525 1
10945 2
12134 2
11947 0
10946 0
16643 1
10278 0
16720 0
15051 2
12484 1
16527 2
15843 2
14617 2
10040 0
11627 0
12232 1
12571 2
13689 2
12583 0
10052 0
10857 2
16746 0
14044 0
11720 0
14751 2
15939 2
16710 1
11299 0
13192 0
12870 0
13536 0
13574 0
10543 0
13115 0
14750 2
14601 1
14922 2
10224 1
14972 2
13493 0
11824 2
10015 0
16515 1
12245 0
10419 3
11431 0
14218 1
15108 1
11135 0
12883 1
15235 1
14024 2
14855 0
13016 0
10275 2
11230 0
13756 2
10961 0
15774 0
13685 1
12857 0
14091 2
13537 0
11856 2
14630 0
11282 1
11341 0
15154 2
16463 0
15534 2
13389 0
14897 1
15433 0
14488 2
14706 1
11684 2
16738 0
16737 0
16584 0
16744 2
13044 0
15548 1
11401 0
11633 0
11840 2
10967 2
10064 0
16336 1
14695 2
12774 0
11391 1
14943 2
14944 1
16581 0
14992 0
14945 0
16698 0
10042 0
13176 1
11702 0
10715 1
13841 0
11197 2
12375 2
14565 0
12847 0
11859 1
15231 0
12785 0
15897 2
12079 0
12054 2
15885 0
12068 0
10317 0
16722 0
12127 0
10424 2
10030 0
14778 1
16346 0
12947 0
14542 2
14470 0
15599 0
11828 0
