16738 0 
16737 0 
14992 0 
14945 0 
13564 0 
13574 0 
16651 0 
14270 0 
15707 0 
16654 0 
11431 0 
14295 0 
15708 0 
11870 0 
16647 0 
12773 0 
16346 0 
11341 0 
16340 0 
12847 0 
12857 0 
16345 0 
13504 0 
15793 0 
12983 0 
15885 0 
12622 0 
15754 0 
14229 0 
12252 0 
12815 0 
11401 0 
11367 0 
13693 0 
11484 0 
13826 0 
11627 0 
11924 0 
12583 0 
15856 0 
13002 0 
14628 0 
11646 0 
11200 0 
16603 0 
12652 0 
13055 0 
16746 0 
12127 0 
10042 0 
16553 0 
15546 0 
13389 0 
11633 0 
10016 0 
16731 0 
12068 0 
14572 0 
14044 0 
11245 0 
10317 0 
16463 0 
12782 0 
14582 0 
15248 0 
16730 0 
16743 0 
14630 0 
11813 0 
13899 0 
15069 0 
11702 0 
12078 0 
15838 0 
13003 0 
15971 0 
16696 0 
10065 0 
15231 0 
10946 0 
16727 0 
15054 0 
12028 0 
15934 0 
14855 0 
15232 0 
16722 0 
13865 0 
15339 0 
15215 0 
12649 0 
15448 1 
11545 1 
14993 1 
11825 1 
10085 1 
14792 1 
10056 1 
12394 1 
15881 1 
10476 1 
10961 1 
11188 1 
11756 1 
14062 1 
15532 1 
15713 1 
15539 1 
11673 1 
11135 1 
15433 1 
13115 1 
14942 1 
14897 1 
14797 1 
11947 1 
14088 1 
15406 1 
12141 1 
14468 1 
10204 1 
12854 1 
10687 1 
10050 1 
14091 1 
10770 1 
16741 1 
13537 1 
11720 1 
12253 1 
10006 1 
15774 1 
10015 1 
11619 1 
11299 1 
10511 1 
12671 1 
12633 1 
14028 1 
14470 1 
12774 1 
13246 1 
14565 1 
12844 1 
15091 1 
13841 1 
10348 1 
15706 1 
15440 1 
16739 1 
10324 1 
11344 1 
10041 1 
10278 1 
16428 1 
13630 1 
13863 1 
15446 1 
12866 1 
15030 1 
10886 1 
13763 1 
13044 1 
12635 1 
13467 1 
12869 1 
14400 1 
10011 1 
15741 1 
13493 1 
12147 1 
12610 1 
12175 1 
15011 1 
12771 1 
13536 1 
16704 1 
10463 1 
14130 1 
12870 1 
11392 1 
15385 1 
12314 1 
12772 1 
12947 1 
13934 1 
11684 1 
11317 1 
13219 1 
11399 1 
14435 1 
13463 1 
16682 1 
12245 1 
12745 1 
11230 1 
12187 1 
11106 1 
11879 1 
12743 1 
14119 1 
12785 1 
11992 1 
10017 1 
10030 1 
12079 1 
11053 1 
11828 1 
10243 1 
12587 1 
11430 1 
14944 1 
10064 1 
13714 1 
11732 1 
13077 1 
12641 1 
10460 1 
15235 1 
10424 1 
13555 2 
11391 2 
16515 2 
15847 2 
11463 2 
12039 2 
14769 2 
11198 2 
10400 2 
13192 2 
15725 2 
13862 2 
15124 2 
10910 2 
13016 2 
16681 2 
14447 2 
12484 2 
10923 2 
16339 2 
16336 2 
11975 2 
10661 2 
12956 2 
10224 2 
16698 2 
12392 2 
10543 2 
12307 2 
10076 2 
14617 2 
11824 2 
12332 2 
16736 2 
10052 2 
10040 2 
16715 2 
16441 2 
10715 2 
13292 2 
15138 2 
14618 2 
16720 2 
10165 2 
10783 2 
16527 2 
13381 2 
15458 2 
10996 2 
12177 2 
10380 2 
11282 2 
14559 2 
11002 2 
14745 2 
11036 2 
14475 2 
11411 2 
15245 2 
13415 2 
13700 2 
15171 2 
11856 2 
15472 2 
12576 2 
10349 2 
14046 2 
10938 2 
11615 2 
13781 2 
11522 2 
13111 2 
14283 2 
15093 2 
13791 2 
16728 2 
13501 2 
15861 2 
14943 2 
11517 2 
16634 2 
12388 2 
12297 2 
10927 2 
11643 2 
12653 2 
14222 2 
13881 2 
15626 2 
15275 2 
10267 2 
12370 2 
11938 2 
11058 2 
12719 2 
16665 2 
14477 2 
14778 2 
16363 2 
16543 2 
14551 2 
16680 2 
10617 2 
16724 2 
16729 2 
16710 2 
15887 2 
15731 2 
14054 2 
15599 2 
13008 2 
11669 2 
13176 2 
12621 2 
11197 2 
12436 2 
16584 2 
13361 2 
11659 2 
11908 2 
12883 2 
14485 2 
13984 2 
12375 2 
13525 2 
16742 2 
15785 2 
11176 2 
14371 2 
15973 2 
11214 2 
13736 2 
14819 2 
11840 2 
12955 2 
15982 2 
16581 2 
10999 2 
11007 2 
11952 2 
14013 2 
10838 2 
13195 2 
12018 2 
12132 2 
10640 2 
12553 2 
10405 2 
11126 2 
12232 2 
10385 2 
14987 2 
16520 2 
15939 2 
15282 2 
12705 2 
13424 2 
13490 2 
10728 2 
15548 2 
15550 2 
11479 2 
13024 2 
16588 2 
10945 2 
15010 2 
15008 2 
11331 2 
14750 2 
12709 2 
15108 2 
16721 2 
13689 2 
14646 2 
12934 2 
13771 2 
14972 2 
14938 3 
13052 3 
11650 3 
15634 3 
11447 3 
10613 3 
12784 3 
14670 3 
13599 3 
11833 3 
15154 3 
11538 3 
10033 3 
11165 3 
10275 3 
12549 3 
11453 3 
10857 3 
15273 3 
14898 3 
15525 3 
15930 3 
16390 3 
15057 3 
13731 3 
14534 3 
13109 3 
12492 3 
12855 3 
15454 3 
13347 3 
15203 3 
12965 3 
12131 3 
15882 3 
15051 3 
13520 3 
14996 3 
15511 3 
10237 3 
11844 3 
11790 3 
14744 3 
13259 3 
14601 3 
14467 3 
15250 3 
11827 3 
16540 3 
12174 3 
15650 3 
10313 3 
10361 3 
13034 3 
11883 3 
14863 3 
14751 3 
14474 3 
15897 3 
14542 3 
13987 3 
14557 3 
13674 3 
14804 3 
15086 3 
10225 3 
15160 3 
15700 3 
13832 3 
16567 3 
13890 3 
12591 3 
11241 3 
15853 3 
14706 3 
14332 3 
11525 3 
10930 3 
10184 3 
10982 3 
12268 3 
15879 3 
11885 3 
14965 3 
12831 3 
10478 3 
13182 3 
12748 3 
15310 3 
14695 3 
12676 3 
13505 3 
13125 3 
13756 3 
11028 3 
15427 3 
12944 3 
14812 3 
16643 3 
14273 3 
11994 3 
13685 3 
15656 3 
13785 3 
15862 3 
11899 3 
13241 3 
10967 3 
12704 3 
11842 3 
13704 3 
12599 3 
15721 3 
15344 3 
15257 3 
11085 3 
11656 3 
12103 3 
12149 3 
15012 3 
10272 3 
11675 3 
15293 3 
13715 3 
12728 3 
12455 3 
12134 3 
10221 3 
15481 3 
13117 3 
14493 3 
11941 3 
14282 3 
13884 3 
10241 3 
13450 3 
12721 3 
11714 3 
15825 3 
13767 3 
13434 3 
11280 3 
14234 3 
14805 3 
11510 3 
11227 3 
12902 3 
12615 3 
13894 3 
14627 3 
10779 3 
16709 3 
13546 3 
13710 3 
11550 3 
12916 3 
13936 3 
12184 3 
10157 3 
11511 3 
10925 3 
13806 3 
10396 3 
12402 3 
15478 3 
15579 3 
15855 3 
15843 3 
10670 3 
12214 3 
15401 3 
10172 3 
16744 3 
16479 3 
11450 3 
15607 3 
15061 3 
12559 3 
13827 3 
12228 3 
14738 3 
14672 3 
12054 3 
12263 3 
11283 3 
12255 3 
11013 3 
12853 3 
14922 3 
13655 3 
13770 3 
10322 3 
11315 3 
13676 3 
11506 3 
11663 3 
10815 3 
16429 3 
13369 3 
10630 3 
10817 3 
10247 3 
15534 3 
12124 3 
11587 3 
16454 3 
14236 3 
12822 3 
11445 3 
12708 3 
14231 3 
14871 3 
15601 3 
10676 3 
13768 3 
15581 3 
11421 3 
10569 3 
11931 3 
14102 3 
12779 3 
10304 3 
13196 3 
14709 3 
12087 3 
14254 3 
11867 3 
11441 3 
11493 3 
12235 3 
12494 3 
10778 3 
11592 3 
14430 3 
10744 3 
11092 3 
14424 3 
10333 3 
14543 3 
10005 3 
14125 3 
10139 3 
12294 3 
13484 3 
14856 3 
16723 3 
13579 3 
10950 3 
13788 3 
12638 3 
13535 3 
10557 3 
11512 3 
12363 3 
12171 3 
14320 3 
13072 3 
13397 3 
13226 3 
11375 3 
14955 3 
14880 3 
10347 3 
12737 3 
12129 3 
10739 3 
15090 3 
15049 3 
15798 3 
11961 3 
12511 3 
13282 3 
12185 3 
14539 3 
13629 3 
16311 3 
11388 3 
10419 3 
14268 3 
14024 3 
14533 3 
14577 3 
11871 3 
10918 3 
12195 3 
11470 3 
14828 3 
14237 3 
10535 3 
10409 3 
15325 3 
15582 3 
11905 3 
12663 3 
14816 3 
12841 3 
11050 3 
14488 3 
10631 3 
15063 3 
11588 3 
14120 3 
12315 3 
13543 3 
10965 3 
10053 3 
13983 3 
10917 3 
15278 3 
10414 3 
11859 3 
12365 3 
11492 3 
13200 3 
11174 3 
11845 3 
14412 3 
11535 3 
12519 3 
12720 3 
15794 3 
10775 3 
11699 3 
14736 3 
12851 3 
15020 3 
12868 3 
14167 3 
16668 3 
13348 3 
15709 3 
15569 3 
13507 3 
14306 3 
12244 3 
15554 3 
13046 3 
14182 3 
12755 3 
11762 3 
15085 3 
13942 3 
12343 3 
16725 3 
13194 3 
10551 3 
12571 3 
14785 3 
12769 3 
11487 3 
16101 3 
14919 3 
12574 3 
15236 3 
11865 3 
10754 3 
11869 3 
10039 3 
15177 3 
12211 3 
14656 3 
13970 3 
13418 3 
11531 3 
12882 3 
11559 3 
15504 3 
13540 3 
14218 3 
14895 3 
13221 3 
12899 3 
12321 3 
13949 3 
12932 3 
15628 3 
15422 3 
10933 3 
12108 3 
14109 3 
11778 3 
14718 3 
12807 3 
12119 3 
10615 3 
14648 3 
10416 3 
14131 3 
16218 3 
13958 3 
13151 3 
11997 3 
12888 3 
11468 3 
13032 3 
15381 3 
15841 3 
10926 3 
14794 3 
10589 3 
13619 3 
12207 3 
10141 4 
10577 4 
12891 4 
13255 4 
10731 4 
14520 4 
14255 4 
10329 4 
13139 4 
13307 4 
11789 4 
11711 4 
14875 4 
16498 4 
12335 4 
13933 4 
11413 4 
13433 4 
11695 4 
13388 4 
11076 4 
12012 4 
13121 4 
14081 4 
10562 4 
16353 4 
14853 4 
15323 4 
12250 4 
15497 4 
14025 4 
14704 4 
11456 4 
13464 4 
14842 4 
13459 4 
11288 4 
13829 4 
11097 4 
11953 4 
14050 4 
15411 4 
13203 4 
12397 4 
12412 4 
14006 4 
13809 4 
12222 4 
13344 4 
10325 4 
12598 4 
10154 4 
14487 4 
12389 4 
15163 4 
11725 4 
15074 4 
11728 4 
11495 4 
13795 4 
12190 4 
10643 4 
12016 4 
10245 4 
15043 4 
11274 4 
13087 4 
11471 4 
10327 4 
11641 4 
10654 4 
11617 4 
13211 4 
10198 4 
14092 4 
12898 4 
11577 4 
10561 4 
13541 4 
12390 4 
11415 4 
10146 4 
14716 4 
15991 4 
12007 4 
11337 4 
14960 4 
10469 4 
10819 4 
14303 4 
14150 4 
11041 4 
11834 4 
11308 4 
15842 4 
10298 4 
11980 4 
15447 4 
13964 4 
10216 4 
14674 4 
15048 4 
13398 4 
14098 4 
12155 4 
14082 4 
13277 4 
14288 4 
14877 4 
14588 4 
11624 4 
14530 4 
11719 4 
14698 4 
14691 4 
12348 4 
11726 4 
15570 4 
14712 4 
15023 4 
13422 4 
11150 4 
14314 4 
11982 4 
12320 4 
12055 4 
12878 4 
12265 4 
11203 4 
13184 4 
15027 4 
14489 4 
14802 4 
13290 4 
14905 4 
10268 4 
14113 4 
14952 4 
12223 4 
13873 4 
10683 4 
11537 4 
13377 4 
14259 4 
13898 4 
14256 4 
11612 4 
13295 4 
12951 4 
10155 4 
13264 4 
13476 4 
15624 4 
10136 4 
11111 4 
13461 4 
11086 4 
15153 4 
14397 4 
15374 4 
13256 4 
11376 4 
11067 4 
10647 4 
11555 4 
13367 4 
13105 4 
11898 4 
11049 4 
14197 4 
11336 4 
14761 4 
15502 4 
10581 4 
10408 4 
15024 4 
10685 4 
13587 4 
12448 4 
12280 4 
15356 4 
10158 4 
11252 4 
14275 4 
15380 4 
10431 4 
13127 4 
13076 4 
13502 4 
10732 4 
13029 4 
10627 4 
13360 4 
15070 4 
14574 4 
16133 4 
13947 4 
13772 4 
11027 4 
12156 4 
10208 4 
11563 4 
11146 4 
15249 4 
14108 4 
10785 4 
14252 4 
12982 4 
10666 4 
11003 4 
11764 4 
11123 4 
14711 4 
10990 4 
10171 4 
13682 4 
14783 4 
10980 4 
15295 4 
10185 4 
11721 4 
14553 4 
14814 4 
12819 4 
10558 4 
11122 4 
12391 4 
10434 4 
11503 4 
10781 4 
12323 4 
12544 4 
15389 4 
14986 4 
13061 4 
11648 4 
10466 4 
12094 4 
10747 4 
15919 4 
10170 4 
13341 4 
15041 4 
11823 4 
11481 4 
11098 4 
10540 4 
14685 4 
15618 4 
11637 4 
16091 4 
11140 4 
13486 4 
14112 4 
13577 4 
14457 4 
15412 4 
10620 4 
14696 4 
12003 4 
15167 4 
10279 4 
11986 4 
11638 4 
10868 4 
14262 4 
14524 4 
13667 4 
12884 4 
14576 4 
12945 4 
10874 4 
15045 4 
14633 4 
12523 4 
10590 4 
11921 4 
12206 4 
11775 4 
10194 4 
12441 4 
11603 4 
15096 4 
10372 4 
15376 4 
14689 4 
12896 4 
13158 4 
10792 4 
13230 4 
10849 4 
14193 4 
13342 4 
11977 4 
14027 4 
14843 4 
14307 4 
10140 4 
14908 4 
14893 4 
13296 4 
10800 4 
11267 4 
10713 4 
14004 4 
13851 4 
10135 4 
12324 4 
12953 4 
14635 4 
12992 4 
13485 4 
13931 4 
11042 4 
15370 4 
13830 4 
13297 4 
12917 4 
14321 4 
11423 4 
12278 4 
10257 4 
14831 4 
10529 4 
11996 4 
12191 4 
12758 4 
11973 4 
13198 4 
11259 4 
11066 4 
12451 4 
11278 4 
13232 4 
12197 4 
14100 4 
11697 4 
14492 4 
11540 4 
14679 4 
10599 4 
14570 4 
12173 4 
10821 4 
11109 4 
11233 4 
12915 4 
11630 4 
14512 4 
12217 4 
15304 4 
14057 4 
11057 4 
12889 4 
10994 4 
14122 4 
10693 4 
12266 4 
11298 4 
12478 4 
13871 4 
10397 4 
11292 4 
13796 4 
13303 4 
11884 4 
13891 4 
14869 4 
13204 4 
12954 4 
13495 4 
10559 4 
11995 4 
14683 4 
10423 4 
13244 4 
12264 4 
12339 4 
11618 4 
11433 4 
15016 4 
11193 4 
12892 4 
14771 4 
13487 4 
14107 4 
10721 4 
14730 4 
13930 4 
14747 4 
10299 4 
