15525 1
14424 1
14922 1
16527 1
14750 1
14670 1
15607 1
13756 1
11197 1
15847 1
10945 1
12054 1
11856 1
15232 1
14091 1
14447 1
11659 1
13361 1
16744 1
10424 1
14435 1
13881 1
14972 1
10275 1
16680 1
14557 1
16520 1
14332 1
15203 1
16715 1
14371 1
16682 1
16729 1
16643 1
13685 1
14706 1
13219 1
10400 1
15090 1
13226 1
16723 1
14601 1
13700 1
13555 1
15939 1
15897 1
11669 1
13630 1
14943 1
15248 1
11825 1
13899 1
15881 1
10348 1
16736 1
16724 1
12484 1
16710 1
10224 1
14944 1
14778 1
12232 1
13463 1
14630 1
10511 1
11732 1
13176 1
15650 1
15706 1
16515 1
14897 1
13490 1
10910 1
15138 1
10967 1
12375 1
12883 1
11684 1
16340 1
16345 1
12622 1
13504 1
15793 1
12773 1
12983 1
12857 1
11341 1
11401 1
12847 1
15885 1
16346 1
14542 1
10056 1
10041 1
10017 1
15446 1
12771 1
12869 1
10006 1
11299 1
12870 1
10015 1
14855 1
10042 1
12785 1
10030 1
15550 1
12587 1
10380 1
11992 1
16553 1
15030 1
12774 1
13841 1
13525 1
11430 1
13791 1
14792 1
12394 1
14400 1
11813 1
10476 1
14993 1
15982 1
15971 1
16336 1
10715 1
15539 1
12392 1
11673 1
11391 1
10460 1
12947 1
15011 1
15713 1
13292 1
10076 1
16720 1
10040 1
10052 1
16584 1
10064 1
16581 1
16698 1
15599 1
11828 1
12388 1
14617 1
11947 1
15774 1
12177 1
15054 1
10886 1
11188 1
14028 1
11720 1
11230 1
12079 1
15069 1
10065 1
10016 1
10085 1
16704 1
10050 1
12245 1
16696 1
15235 1
15546 1
14044 1
11627 1
15838 1
11870 1
10317 1
13493 1
15433 1
11633 1
12127 1
16463 1
16741 1
14565 1
12028 1
12187 1
14470 1
16739 1
16743 1
12078 1
11135 1
13044 1
11702 1
11245 1
13537 1
16651 1
14270 1
10687 1
16730 1
16731 1
10946 1
12583 1
16727 1
12068 1
16647 1
13826 1
13865 1
16746 1
13564 1
13574 1
13389 1
16738 1
14992 1
16725 2
13259 2
11650 2
13736 2
13689 2
10322 2
12314 2
10267 2
12576 2
13484 2
10419 2
10999 2
12103 2
13117 2
10347 2
11085 2
11931 2
11824 2
11453 2
10927 2
14618 2
13771 2
12039 2
14283 2
12412 2
10361 2
11092 2
10925 2
10221 2
15582 2
12263 2
12934 2
11994 2
11331 2
10838 2
11871 2
16363 2
15275 2
15930 2
11106 2
11176 2
13008 2
13125 2
16681 2
12944 2
13505 2
11174 2
14751 2
16728 2
11656 2
15879 2
15548 2
16742 2
15093 2
10053 2
11885 2
14412 2
15278 2
10237 2
12591 2
11512 2
10039 2
15063 2
16668 2
14863 2
11859 2
14218 2
13195 2
13046 2
14024 2
12705 2
13785 2
12132 2
10982 2
15051 2
14695 2
13115 2
13016 2
16543 2
12332 2
11975 2
16441 2
12307 2
13536 2
16709 2
15511 2
11506 2
15108 2
10617 2
14965 2
15344 2
12436 2
14769 2
15440 2
12297 2
15454 2
13827 2
13052 2
12633 2
11367 2
13693 2
12252 2
13221 2
10278 2
12782 2
15091 2
12743 2
10324 2
15448 2
11840 2
15534 2
11756 2
11317 2
16654 2
12956 2
15310 2
10543 2
13246 2
14475 2
15973 2
11002 2
13862 2
16339 2
12141 2
15731 2
13381 2
11036 2
14551 2
16665 2
16737 2
14945 2
14062 2
11545 2
15231 2
10770 2
11879 2
14488 2
13192 2
13077 2
13763 2
16722 2
11200 2
12343 3
13194 3
15725 3
13772 3
15825 3
12149 3
12965 3
13424 3
14237 3
13307 3
11198 3
14533 3
12131 3
10817 3
15569 3
15843 3
14812 3
16540 3
13450 3
12599 3
11883 3
12455 3
11165 3
12207 3
10857 3
14938 3
10739 3
15634 3
11714 3
12519 3
12255 3
11447 3
15882 3
12571 3
10779 3
11050 3
14254 3
13949 3
16634 3
11592 3
14785 3
13599 3
13501 3
13832 3
12955 3
16311 3
15171 3
15086 3
10005 3
13397 3
13629 3
10165 3
12315 3
13781 3
12147 3
10463 3
10385 3
11538 3
15010 3
10744 3
11663 3
11484 3
15754 3
10961 3
12866 3
12854 3
14646 3
15856 3
15707 3
11431 3
11282 3
15458 3
15339 3
10923 3
10938 3
11053 3
14088 3
12649 3
14468 3
13003 3
11924 3
15934 3
14582 3
15215 3
15325 4
14744 4
11525 4
15481 4
13788 4
13619 4
14691 4
11375 4
11441 4
11510 4
13182 4
14672 4
12134 4
14054 4
10728 4
12511 4
11827 4
14534 4
13674 4
15177 4
12124 4
13546 4
15273 4
10950 4
14543 4
10272 4
11315 4
10557 4
11058 4
11288 4
11470 4
16454 4
16588 4
13984 4
15427 4
13884 4
15656 4
11938 4
13151 4
11241 4
15250 4
11559 4
11388 4
16567 4
12018 4
15057 4
15154 4
11615 4
11908 4
10333 4
15532 4
14222 4
12253 4
14229 4
13934 4
14745 4
11517 4
14797 4
11619 4
14628 4
13055 4
14295 4
15708 4
11479 4
11344 4
11522 4
13111 4
11463 4
12370 4
15385 4
10204 4
14942 4
15406 4
15601 5
15061 5
13415 5
12211 5
10478 5
11778 5
10569 5
11493 5
15401 5
15422 5
13388 5
14236 5
12012 5
12402 5
11487 5
14467 5
13890 5
10930 5
12891 5
10172 5
13348 5
11450 5
13200 5
11865 5
12902 5
11283 5
14306 5
10414 5
12916 5
11421 5
11274 5
13704 5
12663 5
14955 5
10033 5
16390 5
14167 5
12728 5
15012 5
15504 5
16721 5
11126 5
15008 5
12815 5
12772 5
13714 5
12671 5
16603 5
14572 5
11007 5
12621 5
11392 5
12129 6
13255 6
12882 6
14430 6
13203 6
10157 6
13024 6
14871 6
13241 6
15411 6
15472 6
13282 6
13682 6
14577 6
12185 6
12335 6
11471 6
10631 6
12365 6
11531 6
15628 6
14006 6
15991 6
15855 6
16479 6
14996 6
12559 6
12494 6
11899 6
10613 6
13535 6
15700 6
12653 6
10409 6
12175 6
12610 6
16428 6
10011 6
12745 6
14819 6
12553 6
15626 6
10243 6
13543 7
10783 7
12235 7
15581 7
11468 7
12888 7
14875 7
10731 7
16353 7
12363 7
13540 7
11905 7
14255 7
13507 7
16429 7
12190 7
11790 7
15163 7
14898 7
10630 7
10141 7
11577 7
11762 7
12016 7
13676 7
15160 7
14046 7
15853 7
15236 7
13983 7
14656 7
11646 7
10349 7
13072 8
11699 8
10327 8
13464 8
14736 8
13947 8
10918 8
14109 8
11725 8
13032 8
12228 8
16218 8
15381 8
13936 8
14320 8
11456 8
11867 8
11097 8
14539 8
10670 8
13655 8
15020 8
14120 8
13211 8
15497 8
11711 8
11587 8
14231 8
11588 8
15841 8
16498 8
11675 8
14648 8
11013 8
14268 8
14919 8
12841 8
11399 8
13863 8
12641 8
12635 8
11214 8
10615 9
14559 9
15124 9
10676 9
13139 9
14704 9
15048 9
11842 9
13933 9
14520 9
10778 9
11997 9
14303 9
13731 9
10589 9
12755 9
12868 9
14282 9
12720 9
14493 9
12171 9
12638 9
12737 9
14880 9
13467 9
11411 9
12492 9
13520 9
12174 9
13347 9
12549 9
13034 9
13109 9
14119 9
14013 9
11308 10
13344 10
14794 10
10933 10
11041 10
12899 10
16101 10
12156 10
10577 10
12389 10
13715 10
11028 10
12721 10
14273 10
14477 10
14853 11
13087 11
14487 11
10643 11
11076 11
13459 11
10198 11
12119 11
14256 11
14987 11
12294 11
10396 11
11952 11
10661 11
12155 12
14288 12
11098 12
15041 12
10184 12
14716 12
14588 12
13418 12
10146 12
14113 12
14674 12
13829 12
12244 12
15447 12
11961 12
15842 12
14197 12
11845 12
14802 12
12108 12
13958 12
14182 12
10996 12
11511 12
13579 12
14485 12
12615 12
13987 12
15023 13
14960 13
15074 13
15045 13
12822 13
15794 13
15245 13
14131 13
11495 13
10329 13
14828 13
12932 13
14025 13
14125 13
14474 13
12748 13
12214 13
12784 13
13002 13
11376 14
11789 14
13264 14
13433 14
11869 14
14530 14
11617 14
12390 14
13809 14
10298 14
14092 14
13587 14
12898 14
15389 14
10654 14
10815 14
12250 14
10535 14
13121 14
15579 14
14804 14
14738 14
13767 14
10775 14
13806 14
10917 14
12844 14
12652 14
14842 15
13295 15
13502 15
13184 15
10562 15
15027 15
11537 15
11535 15
12819 15
15257 15
15293 15
10241 15
13710 15
12268 15
10247 15
15798 15
15785 15
11413 16
13297 16
13377 16
10325 16
11280 16
15709 16
11695 16
10926 16
13768 16
12676 16
11834 17
12320 17
12982 17
14489 17
11833 17
14698 17
13898 17
14150 17
14004 17
14952 17
14805 17
12265 17
15043 17
12709 17
10313 17
15861 17
13422 18
14877 18
11648 18
11203 18
11980 18
14252 18
10561 18
14856 18
15049 18
11941 18
10405 18
10225 18
14816 18
14905 19
12598 19
11415 19
13964 19
14712 19
14553 19
14081 19
15721 19
15085 19
13942 19
11445 19
13076 20
10469 20
13127 20
10268 20
15374 20
14050 20
12223 20
15862 20
11086 21
14314 21
11719 21
10558 21
12574 21
12704 21
15282 21
12779 21
14102 21
12708 21
14457 22
13795 22
11624 22
10640 22
13398 22
15554 22
12087 22
10416 22
14234 22
14259 23
12397 23
11227 23
15887 23
12851 23
12831 23
12769 23
14130 23
13476 24
12280 24
12324 24
11122 24
11067 24
11643 24
10139 24
12195 24
12853 24
12951 25
13105 25
11982 25
10647 25
12348 25
14895 25
13770 25
13369 25
13434 25
15741 25
14098 26
12094 26
13486 26
10627 26
11612 26
15570 26
14718 26
11492 26
13277 27
15323 27
10666 27
10408 27
11726 27
11503 27
10965 27
10216 27
11550 27
12321 27
14627 27
15624 28
10155 28
14633 28
12523 28
12055 29
12878 29
15380 29
13541 29
12855 29
12719 29
13360 30
12003 30
10683 30
10685 30
11641 30
10732 30
13894 30
14108 31
13290 31
11337 31
11844 31
11150 32
12758 33
11252 34
13367 34
11953 34
13196 34
14262 35
12007 35
11233 35
10754 35
10372 36
10136 36
12915 36
14709 36
15024 37
10581 37
10819 38
10208 38
16133 38
11123 38
13970 38
14082 39
15070 39
11728 39
12184 39
12448 40
11111 40
14711 40
11049 41
15153 41
14783 41
12441 41
10434 42
12222 42
13667 42
10245 42
11336 42
14986 43
10980 43
15618 43
15356 43
14689 44
10171 44
11146 45
10154 45
13256 46
14574 46
10431 46
11027 46
11555 46
10785 47
11638 48
13830 48
13029 48
11921 49
11898 49
15478 49
12807 49
10620 51
11603 52
10990 52
11977 53
15502 53
13461 53
13341 53
11637 53
10170 53
10304 53
10781 54
14397 54
10194 54
12323 54
10135 55
14275 56
11140 56
15295 56
13873 56
11003 57
15919 57
12884 58
10849 59
12217 61
14512 61
14193 62
10279 62
11481 63
10747 65
11823 66
11764 66
12954 67
12206 68
12173 68
12917 68
14814 69
13158 69
11721 69
13577 71
10158 71
14685 75
10874 76
11109 76
15249 77
12391 77
11775 77
11563 79
12544 81
14696 82
10185 85
10540 85
14576 85
13230 87
12896 88
10868 89
10551 89
10559 90
10713 90
13061 92
14112 94
14321 95
13296 96
13485 96
14843 97
12992 97
11884 97
14027 99
11986 99
15412 100
15376 102
14570 103
11973 103
10466 104
12945 105
15096 108
10257 109
12278 110
11267 110
14524 110
14908 113
14635 114
14307 114
10140 114
11423 114
10994 117
15370 117
13891 117
11995 118
10792 118
10599 120
14761 121
14893 123
14831 123
13931 124
12451 124
16091 127
10529 127
12191 128
11540 131
11996 134
12478 136
13871 139
11630 139
13204 140
14679 142
14057 144
10590 146
13495 146
11259 146
13851 147
15304 147
14869 148
11193 148
11697 149
14771 149
15167 149
11042 150
11278 150
11066 152
13342 152
10423 154
14683 154
15016 155
14492 157
13198 158
13232 159
12953 159
13796 163
14107 165
10721 165
14122 167
10821 169
14747 171
10693 172
10800 173
12266 175
14100 175
11433 177
11057 178
12264 185
11618 186
14730 188
13244 192
12339 192
12197 193
12892 196
12889 199
11298 205
13487 206
13303 208
11292 212
10397 224
10299 230
13930 238
