1185 0 
1168 0 
1186 0 
1036 0 
1034 0 
1033 0 
1037 0 
1167 0 
1032 0 
959 0 
966 0 
1188 0 
1169 0 
1189 0 
970 0 
958 0 
971 0 
956 0 
953 0 
957 0 
1144 0 
964 0 
952 0 
969 0 
968 0 
960 0 
961 0 
954 0 
963 0 
955 0 
950 0 
962 0 
1175 0 
967 0 
1142 0 
1030 0 
1025 0 
1028 0 
1183 0 
1180 0 
1181 0 
1029 0 
1027 0 
1031 0 
1184 0 
1151 0 
1026 0 
999 0 
1162 0 
1161 0 
1140 0 
1172 0 
1178 0 
1146 0 
1156 0 
991 0 
1141 0 
1045 0 
1149 0 
1165 0 
1164 0 
865 0 
1154 0 
1127 0 
1135 0 
1187 0 
1063 0 
1124 0 
1171 0 
1125 0 
1179 0 
1050 0 
1035 0 
1163 0 
1174 0 
936 0 
1159 0 
862 0 
1182 0 
1150 0 
1071 0 
864 0 
1143 0 
1109 0 
861 0 
1173 0 
1123 0 
1158 0 
853 0 
1102 0 
1121 0 
1014 0 
1176 0 
1013 0 
1126 0 
1134 0 
1170 0 
1107 0 
1048 0 
1053 0 
1120 0 
1051 0 
1066 0 
1166 0 
866 0 
1160 0 
933 0 
1177 0 
1067 0 
1024 0 
998 0 
986 0 
1132 0 
1060 0 
1155 0 
1115 0 
897 0 
691 0 
900 0 
1153 0 
931 0 
505 0 
1018 0 
1017 0 
1152 0 
1103 0 
1137 0 
895 0 
1009 0 
892 0 
1157 0 
891 0 
949 0 
951 0 
1004 0 
898 0 
1147 0 
386 0 
899 0 
893 0 
1148 0 
1130 0 
896 0 
1008 0 
868 0 
965 0 
1129 0 
979 0 
1131 0 
1007 0 
978 0 
977 0 
984 0 
901 0 
1073 0 
919 0 
992 0 
982 0 
1023 0 
886 0 
1000 0 
983 0 
1070 0 
985 0 
994 0 
990 0 
1122 0 
980 0 
882 0 
988 0 
1022 0 
995 0 
997 0 
974 0 
993 0 
1072 0 
981 0 
987 0 
1128 0 
838 0 
1106 0 
1069 0 
976 0 
1113 0 
1006 0 
1117 0 
692 0 
1110 0 
1021 0 
863 0 
1119 0 
1145 0 
1116 0 
1111 0 
1015 0 
1118 0 
1114 0 
1112 0 
1104 0 
869 0 
1016 0 
870 0 
1091 0 
1139 0 
996 0 
1105 0 
889 0 
888 0 
930 0 
975 0 
929 0 
608 0 
511 0 
1052 0 
894 0 
1133 0 
1039 0 
989 0 
1064 0 
1049 0 
885 0 
880 0 
872 0 
881 0 
1041 0 
837 0 
1059 0 
944 0 
1057 0 
1058 0 
1068 0 
1003 0 
902 0 
1098 0 
222 0 
1040 0 
1001 0 
1079 0 
1047 0 
1044 1 
695 1 
1002 1 
610 1 
615 1 
932 1 
916 1 
542 1 
560 1 
536 1 
937 1 
612 1 
405 1 
926 1 
197 1 
884 1 
875 1 
694 1 
876 1 
839 1 
879 1 
1056 1 
878 1 
693 1 
873 1 
1038 1 
1062 1 
1061 1 
700 1 
917 1 
1010 1 
915 1 
918 1 
883 1 
1055 1 
571 1 
877 1 
840 1 
613 1 
605 1 
1065 1 
1096 1 
1092 1 
934 1 
1089 1 
1097 1 
851 1 
1093 1 
1088 1 
1077 1 
1094 1 
1005 1 
1086 1 
1075 1 
224 1 
935 1 
1087 1 
1084 1 
1081 1 
1085 1 
1080 1 
1078 1 
1083 1 
221 1 
1090 1 
1046 1 
1076 1 
912 1 
1082 1 
908 1 
1074 1 
911 1 
526 1 
225 1 
905 1 
226 1 
867 1 
913 1 
676 1 
680 1 
464 1 
1011 1 
910 1 
907 1 
871 1 
906 1 
943 1 
909 1 
914 1 
1019 1 
787 1 
528 1 
600 1 
1020 1 
1138 1 
920 1 
476 1 
1101 1 
925 1 
544 1 
858 1 
947 1 
849 1 
524 1 
1095 1 
540 1 
388 1 
475 1 
522 1 
484 1 
395 1 
454 1 
874 1 
1099 1 
190 1 
924 1 
1054 1 
1136 1 
561 1 
848 1 
928 1 
1042 1 
938 1 
363 1 
360 1 
923 1 
596 1 
921 1 
922 1 
651 1 
847 1 
543 1 
570 1 
515 1 
689 1 
434 1 
538 1 
483 1 
429 1 
433 1 
659 1 
437 1 
690 1 
518 1 
423 1 
640 1 
653 1 
407 1 
657 1 
666 1 
645 1 
646 1 
939 1 
942 1 
430 1 
670 1 
588 1 
940 1 
664 1 
650 1 
754 1 
854 1 
845 1 
569 1 
435 1 
643 1 
482 1 
682 1 
948 1 
436 1 
671 1 
669 1 
927 1 
855 1 
648 1 
674 1 
946 1 
846 1 
563 1 
945 1 
663 1 
665 1 
649 1 
590 1 
662 1 
593 1 
856 1 
591 1 
1100 1 
903 1 
639 1 
673 1 
1108 1 
656 1 
589 1 
159 1 
541 1 
783 1 
904 1 
456 1 
857 1 
502 1 
655 1 
431 1 
374 1 
366 1 
850 1 
506 1 
444 1 
1043 1 
679 1 
501 1 
575 1 
652 1 
232 1 
887 1 
634 1 
629 1 
492 1 
672 1 
620 1 
489 1 
811 1 
439 1 
630 1 
843 1 
432 1 
581 1 
491 1 
419 1 
586 1 
604 1 
357 1 
599 1 
248 1 
312 1 
617 1 
368 1 
564 2 
255 2 
513 2 
414 2 
647 2 
681 2 
373 2 
1012 2 
580 2 
687 2 
576 2 
844 2 
382 2 
684 2 
585 2 
582 2 
667 2 
339 2 
583 2 
732 2 
559 2 
708 2 
621 2 
165 2 
699 2 
455 2 
173 2 
442 2 
802 2 
527 2 
448 2 
678 2 
728 2 
453 2 
807 2 
852 2 
532 2 
584 2 
758 2 
788 2 
835 2 
574 2 
422 2 
539 2 
668 2 
753 2 
391 2 
412 2 
806 2 
472 2 
611 2 
744 2 
731 2 
733 2 
299 2 
818 2 
632 2 
745 2 
827 2 
720 2 
776 2 
809 2 
577 2 
736 2 
616 2 
500 2 
707 2 
509 2 
790 2 
859 2 
737 2 
729 2 
601 2 
192 2 
810 2 
721 2 
823 2 
481 2 
727 2 
747 2 
701 2 
734 2 
743 2 
408 2 
841 2 
813 2 
771 2 
820 2 
716 2 
641 2 
443 2 
825 2 
775 2 
973 2 
238 2 
803 2 
635 2 
531 2 
833 2 
578 2 
696 2 
471 2 
755 2 
801 2 
642 2 
798 2 
808 2 
730 2 
709 2 
193 2 
722 2 
594 2 
718 2 
814 2 
603 2 
860 2 
438 2 
777 2 
530 2 
817 2 
470 2 
890 2 
704 2 
786 2 
791 2 
452 2 
675 2 
819 2 
389 2 
765 2 
494 2 
764 2 
385 2 
794 2 
710 2 
644 2 
416 2 
555 2 
0 2 
719 2 
66 2 
796 2 
772 2 
793 2 
677 2 
384 2 
474 2 
799 2 
750 2 
795 2 
972 2 
741 2 
553 2 
767 2 
493 2 
828 2 
829 2 
534 2 
446 2 
597 2 
479 2 
792 2 
831 2 
229 2 
568 2 
512 2 
151 2 
220 2 
228 2 
466 2 
836 2 
804 2 
773 2 
516 2 
427 2 
779 2 
740 2 
547 2 
717 2 
756 2 
269 2 
769 2 
789 2 
749 2 
822 2 
525 2 
742 2 
738 2 
168 2 
702 2 
834 2 
462 2 
227 2 
780 2 
654 2 
751 2 
573 2 
331 2 
485 2 
223 2 
557 2 
392 2 
565 2 
477 2 
748 2 
318 2 
658 2 
715 2 
725 2 
338 2 
842 2 
805 2 
535 2 
784 2 
768 2 
816 2 
265 2 
824 2 
782 2 
18 2 
469 2 
762 2 
381 2 
321 2 
548 2 
941 2 
549 2 
424 2 
116 2 
711 2 
467 2 
558 2 
763 2 
497 2 
310 2 
726 2 
458 2 
713 2 
410 3 
252 3 
766 3 
341 3 
390 3 
607 3 
473 3 
478 3 
800 3 
461 3 
785 3 
752 3 
552 3 
270 3 
459 3 
815 3 
724 3 
761 3 
327 3 
428 3 
198 3 
739 3 
812 3 
826 3 
551 3 
329 3 
757 3 
760 3 
706 3 
832 3 
587 3 
686 3 
162 3 
348 3 
688 3 
303 3 
703 3 
445 3 
245 3 
508 3 
661 3 
562 3 
457 3 
507 3 
609 3 
830 3 
488 3 
797 3 
94 3 
510 3 
572 3 
272 3 
685 3 
1 3 
633 3 
340 3 
533 3 
759 3 
723 3 
377 3 
298 3 
781 3 
821 3 
447 3 
683 3 
592 3 
705 3 
480 3 
598 3 
450 3 
281 3 
380 3 
595 3 
514 3 
328 3 
774 3 
411 3 
770 3 
614 3 
556 3 
350 3 
344 3 
370 3 
746 3 
418 3 
735 3 
628 3 
460 3 
332 3 
70 3 
503 3 
554 3 
346 3 
778 3 
697 3 
451 3 
342 3 
490 3 
343 3 
498 3 
290 3 
637 3 
268 3 
712 3 
504 3 
550 3 
403 3 
393 3 
251 3 
566 3 
638 3 
394 3 
311 3 
714 3 
150 3 
169 3 
399 3 
529 3 
417 3 
579 3 
401 3 
606 3 
413 3 
218 3 
30 3 
660 3 
296 3 
636 3 
495 3 
347 3 
379 3 
362 3 
154 3 
409 3 
306 3 
349 3 
499 3 
302 3 
304 3 
486 3 
619 3 
356 3 
194 3 
626 3 
519 3 
57 3 
567 3 
463 3 
301 3 
259 3 
545 3 
266 3 
449 3 
148 3 
402 3 
400 3 
546 3 
517 3 
376 3 
354 3 
537 3 
284 3 
378 3 
261 3 
205 3 
496 3 
250 3 
267 3 
602 3 
353 3 
523 3 
179 3 
487 3 
396 3 
28 3 
258 3 
372 3 
160 3 
237 3 
219 3 
337 3 
420 3 
622 3 
200 3 
425 3 
406 3 
324 3 
627 3 
316 3 
426 3 
278 3 
307 3 
279 3 
631 3 
375 3 
178 3 
351 3 
387 3 
34 3 
369 3 
274 3 
398 3 
249 3 
440 3 
383 3 
110 3 
618 3 
365 3 
7 3 
157 3 
441 3 
367 3 
326 3 
24 3 
322 3 
625 3 
520 3 
122 3 
361 3 
146 3 
273 3 
397 3 
305 3 
127 3 
177 3 
164 3 
297 3 
247 3 
201 3 
256 3 
320 3 
136 3 
91 3 
246 3 
291 3 
333 3 
286 3 
624 3 
287 4 
147 4 
359 4 
209 4 
104 4 
235 4 
20 4 
289 4 
242 4 
521 4 
364 4 
129 4 
216 4 
623 4 
292 4 
203 4 
263 4 
153 4 
241 4 
13 4 
240 4 
313 4 
330 4 
217 4 
323 4 
243 4 
335 4 
465 4 
207 4 
271 4 
698 4 
325 4 
336 4 
230 4 
41 4 
300 4 
352 4 
295 4 
214 4 
78 4 
254 4 
282 4 
283 4 
314 4 
51 4 
183 4 
53 4 
25 4 
167 4 
294 4 
358 4 
123 4 
288 4 
98 4 
468 4 
145 4 
43 4 
108 4 
421 4 
234 4 
315 4 
415 4 
196 4 
293 4 
257 4 
120 4 
210 4 
231 4 
56 4 
371 4 
285 4 
33 4 
239 4 
121 4 
6 4 
317 4 
106 4 
404 4 
72 4 
68 4 
208 4 
355 4 
80 4 
275 4 
308 4 
236 4 
264 4 
215 4 
119 4 
334 4 
140 4 
26 4 
345 4 
135 4 
180 4 
19 4 
40 4 
206 4 
277 4 
114 4 
89 4 
176 4 
244 4 
95 4 
62 4 
204 4 
54 4 
233 4 
32 4 
184 4 
155 4 
262 4 
185 4 
31 4 
87 4 
199 4 
86 4 
133 4 
92 4 
152 4 
84 4 
137 4 
125 4 
149 4 
170 4 
67 4 
111 4 
118 4 
175 4 
260 4 
319 4 
212 4 
202 4 
4 4 
36 4 
280 4 
188 4 
158 4 
39 4 
171 4 
276 4 
138 4 
253 4 
172 4 
58 4 
117 4 
2 4 
191 4 
47 4 
15 4 
187 4 
88 4 
195 4 
141 4 
161 4 
182 4 
142 4 
309 4 
103 4 
52 4 
96 4 
45 4 
63 4 
69 4 
11 4 
83 4 
174 4 
156 4 
93 4 
134 4 
132 4 
128 4 
29 4 
166 4 
21 4 
79 4 
139 4 
49 4 
130 4 
105 4 
186 4 
8 4 
124 4 
101 4 
71 4 
100 4 
77 4 
22 4 
211 4 
126 4 
61 4 
97 4 
35 4 
5 4 
60 4 
76 4 
102 4 
213 4 
181 4 
75 4 
74 4 
109 4 
163 4 
112 4 
64 4 
107 4 
44 4 
115 4 
17 4 
48 4 
59 4 
27 4 
85 4 
99 4 
12 4 
143 4 
16 4 
23 4 
50 4 
73 4 
14 4 
90 4 
82 4 
37 4 
81 4 
46 4 
9 4 
55 4 
65 4 
42 4 
113 4 
144 4 
38 4 
10 4 
189 4 
3 4 
131 4